,Xc1.A,Xc1.R,Xc1.N,Xc1.D,Xc1.C,Xc1.Q,Xc1.E,Xc1.G,Xc1.H,Xc1.I,Xc1.L,Xc1.K,Xc1.M,Xc1.F,Xc1.P,Xc1.S,Xc1.T,Xc1.W,Xc1.Y,Xc1.V,Xc2.lambda1,Xc2.lambda2,Xc2.lambda3,Xc2.lambda4,Xc2.lambda5,Xc2.lambda6,Xc2.lambda7,Xc2.lambda8,Xc2.lambda9,Xc2.lambda10,Xc2.lambda11
0,42.7236058320626,18.98826925869449,59.07461547149397,35.86673082197848,29.537307735746985,27.427500040336486,22.152980801810237,49.053028918294096,8.96668270549462,39.55889428894685,66.98639432928334,28.482403888041734,11.076490400905119,36.3941827458311,29.009855811894358,59.602067395346594,53.272644309115094,7.911778857789371,39.03144236509423,53.80009623296772,0.04374606236586998,0.0436035840368217,0.04369397794564892,0.04384374330441098,0.04201439339175983,0.043257061115648844,0.043228685753229,0.04234340505118842,0.04373580473747896,0.04119687461664318,0.04188448382867541
1,43.40355554407963,18.825638549239358,60.13745647673684,35.559539481896564,28.238457823859036,26.669654611422423,22.48617937825812,47.064096373098394,7.844016062183066,39.743014715060866,66.4126693264833,30.330195440441187,10.981622487056292,37.12834269433318,29.284326632150112,56.47691564771807,48.10996518138947,7.321081658037528,40.78888352335194,52.29344041455377,0.043917526952373324,0.04388514418498053,0.0439585210353373,0.04451289164093739,0.04209224634326611,0.04336469774120602,0.04344050426105207,0.04318825228934599,0.043689359528471715,0.04208905748569193,0.04292739439179994
2,43.905603390554816,19.339372922030098,58.54080452073976,35.019945561513964,28.225030751070957,27.179659241772033,21.952801695277408,48.08708942775052,7.840286319741932,40.246803108008585,66.38109084048169,31.36114527896773,11.499086602288166,37.11068858011181,29.793088015019343,57.49543301144084,49.132460937049444,7.31760056509247,40.246803108008585,51.22320395564729,0.0440964577072366,0.04442898557233117,0.04379709422053736,0.044324991338421965,0.04285800655435331,0.04295743088489218,0.04308353664303903,0.04293731049866083,0.043674128868228634,0.04243955632177702,0.042716746741059866
3,39.35870301590923,20.99130827515159,47.755226325969865,24.140004516424327,20.4665255682728,23.615221809545538,19.941742861394008,39.883485722788016,7.346957896303056,38.30913760215165,53.52783610163655,20.4665255682728,7.871740603181846,31.486962412727383,19.41696015451522,56.67653234290929,47.755226325969865,5.7726097756666865,27.813483464575857,61.399576704818394,0.04497290126166868,0.04491307997079174,0.041282301846566456,0.04355251145959,0.043180522558506934,0.0443811410149269,0.04176731807444835,0.042538595547024965,0.04252039549212723,0.04260337180964039,0.04350515408591867
4,38.37029661970451,20.499199563951727,47.831465649220696,24.704163577070027,20.499199563951727,23.652922573790452,19.973579062311938,39.42153762298409,7.884307524596817,38.8959171213443,53.087670665618575,21.024820065591513,7.35868702295703,31.011609596747483,19.44795856067215,57.292634678736874,48.35708615086048,5.7818255180376665,27.857886586908755,62.02321919349497,0.04483580357060495,0.04481692256895066,0.04113487560481474,0.04329647892671819,0.04286214269138257,0.044443696002439,0.042029900829343596,0.04251620203175472,0.04270435447449018,0.04252812757939471,0.04321099408031879
5,45.85017346365722,22.92508673182861,40.11890178070007,34.387630097742914,21.88303733492731,36.99275358999617,23.967136128729912,47.934272257459824,10.941518667463654,38.55582768534812,62.52296381407803,26.572259620983164,10.941518667463654,36.99275358999617,32.30353130394032,69.81730959238713,47.934272257459824,5.210246984506503,39.59787708224942,49.497346352811775,0.04482664248065531,0.04574590856952114,0.04126527523173102,0.042827741406327925,0.04402220197727202,0.043357842834348244,0.042059765752353956,0.04182267622405123,0.0441016629133829,0.04492165523208979,0.04402392892761622
6,45.731980615187084,23.90535350339325,40.0154830382887,34.298985461390316,21.826627111793837,36.37771185298973,23.90535350339325,47.8107070067865,10.393631957997064,37.93675664668929,62.36179174798239,26.503761492892515,10.913313555896918,36.89739345088958,32.2202590697909,69.63733411858033,47.8107070067865,5.196815978998532,39.495801440388846,49.88943339838591,0.04494339097685319,0.04605407962808183,0.041228330269054994,0.04291357561123733,0.04427729995941983,0.04357398187749183,0.04221270350979913,0.04193967387991752,0.04423292496796389,0.04499714035147619,0.04394530106885113
7,45.731980615187084,23.90535350339325,40.0154830382887,34.298985461390316,21.826627111793837,36.37771185298973,23.90535350339325,47.8107070067865,10.393631957997064,37.93675664668929,62.36179174798239,26.503761492892515,10.913313555896918,36.89739345088958,32.2202590697909,69.63733411858033,47.8107070067865,5.196815978998532,39.495801440388846,49.88943339838591,0.04494339097685319,0.04605407962808183,0.041228330269054994,0.04291357561123733,0.04427729995941983,0.04357398187749183,0.04221270350979913,0.04193967387991752,0.04423292496796389,0.04499714035147619,0.04394530106885113
8,45.25605225222592,23.40830288908237,39.53402265711689,34.332177570654146,21.847749363143546,36.41291560523924,23.928487397728645,47.85697479545729,10.923874681571773,37.97346913117807,62.42214103755299,26.529409940960022,10.923874681571773,37.4532846225318,32.25143953606904,70.74509317589339,47.85697479545729,5.2018450864627495,39.53402265711689,49.41752832139612,0.04485914458357913,0.04591946386824216,0.041294495050199546,0.04285813970939887,0.044164317538283336,0.04348136148154948,0.04217787081061863,0.041915285097112835,0.04418018287764463,0.04496377071174558,0.044001459625350854
9,40.99708842034263,21.297188789788375,60.69698805089688,29.816064305703726,23.959337388511923,30.880923745193147,15.440461872596574,43.659237019066175,11.713453834383607,42.061947859832046,71.34558244579107,22.894477949022505,6.389156636936513,40.99708842034263,24.491767108256635,68.68343384706752,55.90512057319449,6.921586356681223,37.27008038212966,66.55371496808868,0.044545336578764534,0.04319978622049761,0.040807942878933405,0.04239246220429137,0.04239512354623805,0.04317170517180937,0.042210060714473675,0.04163097434283603,0.04334464159993669,0.042028483013542506,0.04184376398396733
10,39.53149986022005,20.02929326251149,47.437799832264055,24.245986580934964,20.556379927314424,24.245986580934964,20.02929326251149,39.53149986022005,7.9062999720440095,39.53149986022005,52.708666480293395,21.083466592117357,7.379213307241075,31.625199888176038,20.02929326251149,56.92535979871687,48.49197316186993,5.7979533128322736,27.9355932345555,62.19622644674621,0.0446623578602163,0.04489321610421576,0.04091401692692662,0.0433075520232072,0.04295173933469195,0.044022501406443044,0.04173268637621183,0.04239388256068017,0.04254248250969721,0.042321558801176974,0.043171341293598994
11,42.907077814883266,19.360510721349765,60.174560350141164,35.05822211703877,28.779137558763164,27.209366419194264,23.023310047010533,45.00010600097513,8.895369790890433,39.244278489222495,65.93038786189379,30.348908698332064,10.988397976982299,38.19776439617657,30.348908698332064,57.035018071003364,48.662905326635894,7.325598651321533,40.814049628791395,51.27919055925073,0.04406980715810635,0.04412500478779172,0.04352907490821833,0.04440895133689061,0.042694220534430984,0.042469962182624964,0.04323526432479811,0.04281184193684018,0.044097148694890356,0.04209394500427499,0.0432077326081668
12,43.42755897132281,19.359273276372818,60.17071423737498,35.055981338296725,28.777298113527163,27.207627307334775,23.021838490821732,44.9972297775152,8.894801235090215,39.24177015480977,65.92617386008041,30.346968919719554,10.987695643346735,38.19532295068151,30.346968919719554,56.50814902292607,48.65979499196411,7.325130428897824,40.81144096100216,51.27591300228477,0.044064206664356356,0.044136820273009116,0.04353707903558088,0.0444419432237719,0.04269121253922803,0.04248901909448604,0.04325306415669215,0.04279380695324639,0.04410347223146634,0.04207476853553814,0.04319100522849435
13,43.90199951750624,19.337785501758702,58.0133565052761,35.01707104372522,28.222713975539726,27.17742827274196,21.95099975875312,48.08314232869731,7.839642770983257,40.24349955771405,66.37564212765824,31.35857108393303,11.498142730775443,37.10764244932075,29.267999678337492,58.0133565052761,49.65107088289396,7.316999919584373,40.24349955771405,51.218999437090616,0.044162376375859035,0.044455264121871015,0.04380751857500578,0.044374495377307345,0.04288505699970866,0.04292979996653542,0.04305172906042302,0.04291037546636926,0.04366986691818408,0.042411682769252924,0.04269898297059973
14,40.364669456977325,22.306791015697993,61.078118257268315,29.742388020930658,23.900133231104995,30.804616164535325,15.933422154069996,44.08246795959366,10.622281436046663,41.95801167238432,70.10705747790799,22.306791015697993,6.373368861627998,40.364669456977325,24.96236137470966,67.98260119069865,56.29809161104732,6.904482933430331,37.17798502616332,66.92037304709397,0.04460421625798323,0.04330639261106037,0.040724669407847074,0.04268695396507661,0.04263220388504643,0.04341278341985147,0.04225708312131986,0.04171626276744979,0.04354951608112661,0.04216578709045741,0.04183005959044802
15,43.47428695949201,18.85631723544232,60.23545783544074,35.09370152151765,28.808262443036874,27.236902673416683,23.0466099544295,45.04564672911221,8.904372027847762,39.28399424050483,67.56847009366831,30.37962221265707,10.999518387341352,38.76020765063143,29.332049032910273,56.568951706326956,49.23593944809939,7.333012258227568,40.33156742025162,50.80729921771958,0.044164092675192244,0.044195159073895214,0.04355959861750573,0.04439135726848541,0.04251551708277034,0.042450730918435514,0.04325741266009098,0.042626831416935365,0.04395386662872125,0.04204351547401408,0.04305532831055603
16,38.647581102672945,18.529662172514424,47.11828381010811,24.353270283876103,20.647337849373216,24.8826892030908,20.11791893015852,39.70641894110234,9.000121626649864,40.23583786031704,53.47131084068448,22.765013526232007,7.941283788220468,31.235716233667173,20.11791893015852,57.706662194402064,48.17712164853751,5.823608111361676,27.52978379916429,61.942013548119654,0.044705576628003514,0.04478616324847313,0.04062011398653851,0.04320887687128466,0.04268786723423842,0.043731558943455685,0.04150625254896749,0.042198109150910115,0.042010742647751564,0.04220350180409025,0.04292231772158863
17,43.431867110336036,19.36119377207751,60.69995885299976,35.059458992680895,28.78015290443954,27.2103263823792,23.024122323551634,45.001693632396375,8.895683625008585,39.245663051508465,65.93271392653422,30.34997942649988,10.98878565442237,38.19911203680157,30.34997942649988,55.99047928681874,48.6646221838705,7.325857102948246,40.815489573568804,51.28099972063772,0.04407032750526221,0.04415354369707204,0.043514575565765205,0.0444045152669595,0.042713845064907205,0.042458912576366074,0.04322569422361068,0.04281469234546222,0.04411579933810503,0.04208780325518394,0.043164783807859784
18,43.42335866169163,19.357400849187837,59.64172153533549,35.0525907269077,28.774514775819757,27.204995788047768,23.019611820655804,44.992877649463615,8.893940930707924,39.237974694299666,65.91979748642343,30.344033763591742,10.986632914403907,38.19162870245167,30.344033763591742,57.025856555715514,48.655088620931586,7.324421942935938,40.80749368207165,51.270953600551564,0.044027986248416986,0.044148132809671496,0.043544734551388534,0.04444951998516806,0.04265567353088662,0.04249780162729056,0.04329989823015986,0.04282134084707846,0.044110480743922306,0.042068728723376816,0.0432027067786448
19,43.42755897132281,19.359273276372818,60.17071423737498,35.055981338296725,28.777298113527163,27.207627307334775,23.021838490821732,44.9972297775152,8.894801235090215,39.24177015480977,65.92617386008041,30.346968919719554,10.987695643346735,38.19532295068151,30.346968919719554,56.50814902292607,48.65979499196411,7.325130428897824,40.81144096100216,51.27591300228477,0.044064206664356356,0.044136820273009116,0.04353707903558088,0.0444419432237719,0.04269121253922803,0.04248901909448604,0.04325306415669215,0.04279380695324639,0.04410347223146634,0.04207476853553814,0.04319100522849435
20,38.640653554342755,18.52634074523283,47.109837895020625,24.34890497944886,20.643636830402297,24.87822900074123,20.11431280910993,39.69930159692749,8.99850836197023,40.22862561821986,52.93240212923666,22.76093291557176,7.939860319385498,31.230117256249628,20.11431280910993,58.22564234216032,48.168485937605354,5.822564234216032,27.52484910720306,61.93091049120689,0.044651175300948566,0.04480170513896237,0.04061939545526694,0.043161393550528955,0.04272411109717137,0.04380214723725154,0.04151842061054622,0.04220171580041616,0.04208184187621703,0.04219669511625292,0.0429173775240714
21,43.42755897132281,19.359273276372818,60.17071423737498,35.055981338296725,28.777298113527163,27.207627307334775,23.021838490821732,44.9972297775152,8.894801235090215,39.24177015480977,65.92617386008041,30.346968919719554,10.987695643346735,38.19532295068151,30.346968919719554,56.50814902292607,48.65979499196411,7.325130428897824,40.81144096100216,51.27591300228477,0.044064206664356356,0.044136820273009116,0.04353707903558088,0.0444419432237719,0.04269121253922803,0.04248901909448604,0.04325306415669215,0.04279380695324639,0.04410347223146634,0.04207476853553814,0.04319100522849435
22,41.1068817231298,20.820368664961848,59.25797235412218,29.895913980458037,24.02350230572521,29.895913980458037,14.947956990229018,43.24230415030537,13.346390169847338,43.24230415030537,69.93508449000005,24.02350230572521,6.4062672815267225,39.50531490274812,25.62506912610689,72.07050691717562,54.987127499771034,6.940122888320616,36.30218126198476,66.1980952424428,0.04429331930146427,0.043311861439111116,0.040573831849814286,0.04254762457735215,0.04238695275037853,0.04283917926343643,0.04219747728472406,0.041427819821430734,0.04319275933958332,0.041576093612451404,0.041797473966360285
23,39.59717279991717,19.53460524795914,48.0445696638995,23.230341375951404,20.590529855956927,24.286265983949196,20.590529855956927,39.59717279991717,8.447396863982329,40.125135103916065,52.79623039988956,21.118492159955824,7.391472255984538,31.14977593593484,20.062567551958033,56.49196652788183,48.0445696638995,5.807585343987851,29.037926719939257,62.29955187186968,0.04482015791868085,0.04510083894645128,0.04065921496988503,0.0431043540039882,0.04287267920745336,0.04394319202111318,0.041716512521829285,0.042293573389788695,0.042169721781162406,0.042360195296117835,0.04299725594463419
24,38.59433608936288,18.504133741475357,47.05336865689448,24.319718631653323,20.618891883358252,24.84840816712405,20.09020234788753,39.651715160304335,8.987722103002316,40.18040469577506,52.868953547072444,23.262339560711876,7.9303430320608665,31.19268259277274,20.09020234788753,58.15584890177969,47.5820581923652,5.815584890177969,27.49185584447767,61.85667565007476,0.04468629293436312,0.04489161358040559,0.04075743167575305,0.043208967198359025,0.04273372828235505,0.0438675196026754,0.04147952719483588,0.04229069795553913,0.04209390561466831,0.042329174533094836,0.04297160595722623
25,39.2246507240019,18.552199666757655,47.70565628594826,23.322765295352482,20.672451057244245,24.912953838217422,20.1423882096226,40.2847764192452,9.011068409568004,39.75471357162355,53.536347609786375,22.792702447730832,7.420879866703062,30.743645162055543,20.1423882096226,58.306913238381206,48.76578198119155,5.830691323838121,27.56326807632566,62.017353171732736,0.044488992254379196,0.04470871173591424,0.04049617303487404,0.042988699994369606,0.04267737647309954,0.043780910765988924,0.04138966612953943,0.0424629403635671,0.04208970198044729,0.04213541735063061,0.0427185622955427
26,38.66914061311807,18.539998924097702,47.14456869270559,24.366855728814123,20.658855943994585,24.896569983788343,20.129141689020365,39.72856912306651,9.005142334561741,40.25828337804073,52.97142549742201,22.247998708917244,8.475428079587521,31.253141043478987,20.129141689020365,58.26856804716421,48.20399720265403,5.826856804716421,27.545141258659445,61.97656783198375,0.044702457647352166,0.04471702085400089,0.0407817220044788,0.04309013485319171,0.04271262034005196,0.04372312180473001,0.04140345535007936,0.04212939507310022,0.04206972963854184,0.04208355997798934,0.042872527482263695
27,40.127314784048586,19.535666408023655,47.519188560057536,23.23160329602813,20.59164837602493,24.287585264029406,20.59164837602493,39.59932380004795,8.447855744010228,40.127314784048586,52.799098400063926,21.119639360025573,7.39187377600895,31.151468056037718,20.063657392024293,56.4950352880684,48.57517052805881,5.8079008240070324,29.03950412003516,61.7749451280748,0.04475035684204039,0.0451333104031855,0.040631831730944465,0.043086364365821514,0.04285361156680157,0.0439961094733248,0.041646170499281786,0.042290817598203224,0.04223953246235369,0.04237606385232854,0.04300484720507522
28,39.2246507240019,18.552199666757655,47.70565628594826,23.322765295352482,20.672451057244245,24.912953838217422,20.1423882096226,40.2847764192452,9.011068409568004,39.75471357162355,53.536347609786375,22.792702447730832,7.420879866703062,30.743645162055543,20.1423882096226,58.306913238381206,48.76578198119155,5.830691323838121,27.56326807632566,62.017353171732736,0.044488992254379196,0.04470871173591424,0.04049617303487404,0.042988699994369606,0.04267737647309954,0.043780910765988924,0.04138966612953943,0.0424629403635671,0.04208970198044729,0.04213541735063061,0.0427185622955427
29,43.42755897132281,19.359273276372818,60.17071423737498,35.055981338296725,28.777298113527163,27.207627307334775,23.021838490821732,44.9972297775152,8.894801235090215,39.24177015480977,65.92617386008041,30.346968919719554,10.987695643346735,38.19532295068151,30.346968919719554,56.50814902292607,48.65979499196411,7.325130428897824,40.81144096100216,51.27591300228477,0.044064206664356356,0.044136820273009116,0.04353707903558088,0.0444419432237719,0.04269121253922803,0.04248901909448604,0.04325306415669215,0.04279380695324639,0.04410347223146634,0.04207476853553814,0.04319100522849435
30,43.42755897132281,19.359273276372818,60.17071423737498,35.055981338296725,28.777298113527163,27.207627307334775,23.021838490821732,44.9972297775152,8.894801235090215,39.24177015480977,65.92617386008041,30.346968919719554,10.987695643346735,38.19532295068151,30.346968919719554,56.50814902292607,48.65979499196411,7.325130428897824,40.81144096100216,51.27591300228477,0.044064206664356356,0.044136820273009116,0.04353707903558088,0.0444419432237719,0.04269121253922803,0.04248901909448604,0.04325306415669215,0.04279380695324639,0.04410347223146634,0.04207476853553814,0.04319100522849435
31,43.39743002061644,19.345842298347087,60.12896930567338,35.03166037808797,28.757333146191616,27.18875133821753,23.005866516953294,44.96601182859053,8.8886302451865,39.21454519935221,65.8804359349117,30.325914954165704,10.980072655818617,38.691684596694174,30.325914954165704,55.94608448440915,48.626036047196735,7.320048437212412,40.78312700732629,51.24033906048688,0.04405568082179734,0.04421552171504709,0.04357165416820204,0.04449232224169088,0.04266729648578828,0.04258680663778551,0.04334018240420089,0.04287039587659888,0.04405334320669638,0.04210803935164381,0.043178154432519655
32,43.38556053441092,19.34055108160487,59.589806035215005,35.022078985608815,28.749467824007237,27.181315033606843,22.99957425920579,44.95371332481132,9.408916742402369,39.72653735681,65.33969960001644,30.840338211207765,10.977069532802764,38.68110216320974,30.317620614407634,55.93078285761408,49.135454099212375,7.318046355201843,40.249254953610134,50.703606889612765,0.04402534817371045,0.044246475377749554,0.04390648268380269,0.04444332560479333,0.0428073425277438,0.04255387389205163,0.04300080704617181,0.04267542314378038,0.044067396331055726,0.04229757452934221,0.043258353889666874
33,38.858575373482466,21.00463533701755,47.785545391714926,24.15533063757018,20.47951945359211,23.630214754144742,19.954403570166672,39.908807140333344,7.351622367956143,38.33345949005703,53.56182010939475,20.47951945359211,7.876738251381581,30.981837122100885,19.429287686741233,57.23763129337282,47.785545391714926,5.776274717679826,27.831141821548254,61.96367424420177,0.044930424036027504,0.044791080107730565,0.04134353058038653,0.04364162841551977,0.04298453076618827,0.04443459727559496,0.041664040575758496,0.04245295115706604,0.04248620740384213,0.04260311520913431,0.04355201104731264
34,40.364669456977325,22.306791015697993,61.078118257268315,29.742388020930658,23.900133231104995,30.804616164535325,15.933422154069996,44.08246795959366,10.622281436046663,41.95801167238432,70.10705747790799,22.306791015697993,6.373368861627998,40.364669456977325,24.96236137470966,67.98260119069865,56.29809161104732,6.904482933430331,37.17798502616332,66.92037304709397,0.04460421625798323,0.04330639261106037,0.040724669407847074,0.04268695396507661,0.04263220388504643,0.04341278341985147,0.04225708312131986,0.04171626276744979,0.04354951608112661,0.04216578709045741,0.04183005959044802
35,31.51929512980188,18.911577077881127,60.41198233212027,35.19654622827876,29.418008787815086,20.48754183437122,20.48754183437122,38.34847574125895,14.183682808410845,42.02572683973584,69.86777087106083,31.51929512980188,6.8291806114570734,47.27894269470281,26.791400860331596,81.42484575198819,45.17765635271603,7.87982378245047,38.34847574125895,46.22829952370942,0.0428568141608999,0.04431542464723437,0.044340945757366496,0.04435579251539844,0.04253297214084478,0.04284126997380472,0.04239616477469723,0.042269885257037565,0.04302133509473519,0.041862547583210216,0.0438852625980731
36,43.42015393867951,19.3559722377246,60.160454252387275,35.05000378182563,28.77239116418522,27.202988009775115,23.017912931348175,44.989557093089616,8.89328454165725,39.23507886025257,66.43806687002768,30.341794318595323,10.98582208087072,38.18881009064584,29.818659933791952,56.498513558763705,48.651497786713186,7.323881387247146,40.804482014662675,51.26716971073002,0.04410882264273182,0.0441070003128011,0.04357293518568163,0.04443326041767731,0.04274743725224019,0.04248742720762405,0.043275477649882516,0.04278237624406465,0.044050567373138734,0.04210096041083161,0.04319935049995879
37,31.51929512980188,18.911577077881127,60.41198233212027,35.19654622827876,29.418008787815086,20.48754183437122,20.48754183437122,38.34847574125895,14.183682808410845,42.02572683973584,69.86777087106083,31.51929512980188,6.8291806114570734,47.27894269470281,26.791400860331596,81.42484575198819,45.17765635271603,7.87982378245047,38.34847574125895,46.22829952370942,0.0428568141608999,0.04431542464723437,0.044340945757366496,0.04435579251539844,0.04253297214084478,0.04284126997380472,0.04239616477469723,0.042269885257037565,0.04302133509473519,0.041862547583210216,0.0438852625980731
38,32.6366843417028,19.476730978112958,64.2205724143184,33.16308247624639,29.478295534441234,21.055925381743737,21.055925381743737,38.953461956225915,11.054360825415463,47.37583210892341,67.90535935612355,28.42549926535405,7.369573883610308,47.90223024346701,28.42549926535405,81.06531271971339,41.05905449440029,8.422370152697496,35.795073148964356,46.84943397437982,0.04254164969393172,0.044301136705585345,0.04344183313285461,0.04374929539731687,0.04322960330972389,0.04322423231806372,0.04218453693952246,0.04234788575537064,0.04288593208442791,0.042066740146069884,0.04362901997353954
39,31.51929512980188,18.911577077881127,60.41198233212027,35.19654622827876,29.418008787815086,20.48754183437122,20.48754183437122,38.34847574125895,14.183682808410845,42.02572683973584,69.86777087106083,31.51929512980188,6.8291806114570734,47.27894269470281,26.791400860331596,81.42484575198819,45.17765635271603,7.87982378245047,38.34847574125895,46.22829952370942,0.0428568141608999,0.04431542464723437,0.044340945757366496,0.04435579251539844,0.04253297214084478,0.04284126997380472,0.04239616477469723,0.042269885257037565,0.04302133509473519,0.041862547583210216,0.0438852625980731
40,43.43164886443404,18.837823603850907,59.65310807886121,35.05928281827808,28.78000828366111,27.210189650006868,23.024006626928887,45.00146749808828,8.895638924040707,39.76873871924081,66.45565549136293,30.8730997952001,10.988730435579697,38.722192963471315,30.34982691731535,54.943652177898485,49.71092339905101,7.325820290386464,40.8152844750103,50.757469154820505,0.04428653200609729,0.04420459706066063,0.0437672359737511,0.04436890379068095,0.04272642539215151,0.04241518559911368,0.04308475516854553,0.042691082925844115,0.043782457940976925,0.04222308682309098,0.04317685943433974
41,41.008833220046796,21.303289984439896,60.714376455653706,30.88977047743785,23.966201232494882,30.88977047743785,15.444885238718925,42.60657996887979,11.716809491441943,42.073997719268796,70.30085694865166,22.90103673327289,6.390986995331969,40.4762509704358,25.03136573171688,68.70311019981867,55.921136209154724,6.923569244942966,37.28075747276982,67.63794570059667,0.04434448175911212,0.043210802966268155,0.04091541407254409,0.04250658066318778,0.042475653889476085,0.04319666046560702,0.04204813829774955,0.04160328318969941,0.04313566549523922,0.04212159752681026,0.04185947206330895
42,38.77035301616643,18.057424692461076,47.267964636148115,24.43063340744734,20.712928323705352,24.961734133696197,20.181827597456497,39.83255446866414,9.559813072479393,39.83255446866414,53.110072624885525,22.837331228700773,7.966510893732829,31.33494284868246,20.181827597456497,58.95218061362293,48.86126681489468,5.842107988737407,27.086137038691618,62.13878497111606,0.04432717892572286,0.044538349548038564,0.04048720570335868,0.04320252878213152,0.042568819622803976,0.043585048881951645,0.04130734621604131,0.042129757635414336,0.04194933443806794,0.041974141412516645,0.04282956258509724
43,41.01521228461595,21.306603784216076,60.72382078501582,30.36191039250791,23.969929257243088,30.89457548711331,15.447287743556656,43.14587266303756,11.718632081318843,42.08054247382675,70.31179248791305,22.904599068032283,6.391981135264823,40.48254719001055,25.035259446453892,68.71379720409685,55.9298349335672,6.924646229870225,37.286556622378136,67.64846701488605,0.044361057605216955,0.04318346285890183,0.0408442944493022,0.04248175233934252,0.04238061414379192,0.0431516510362706,0.04218530590381506,0.04159182131549889,0.04320711361648928,0.042100597007740076,0.04184723511822861
44,43.43164886443404,18.837823603850907,59.65310807886121,35.05928281827808,28.78000828366111,27.210189650006868,23.024006626928887,45.00146749808828,8.895638924040707,39.76873871924081,66.45565549136293,30.8730997952001,10.988730435579697,38.722192963471315,30.34982691731535,54.943652177898485,49.71092339905101,7.325820290386464,40.8152844750103,50.757469154820505,0.04428653200609729,0.04420459706066063,0.0437672359737511,0.04436890379068095,0.04272642539215151,0.04241518559911368,0.04308475516854553,0.042691082925844115,0.043782457940976925,0.04222308682309098,0.04317685943433974
45,43.38556053441092,19.34055108160487,59.589806035215005,35.022078985608815,28.749467824007237,27.181315033606843,22.99957425920579,44.95371332481132,9.408916742402369,39.72653735681,65.33969960001644,30.840338211207765,10.977069532802764,38.68110216320974,30.317620614407634,55.93078285761408,49.135454099212375,7.318046355201843,40.249254953610134,50.703606889612765,0.04402534817371045,0.044246475377749554,0.04390648268380269,0.04444332560479333,0.0428073425277438,0.04255387389205163,0.04300080704617181,0.04267542314378038,0.044067396331055726,0.04229757452934221,0.043258353889666874
46,43.43164886443404,18.837823603850907,59.65310807886121,35.05928281827808,28.78000828366111,27.210189650006868,23.024006626928887,45.00146749808828,8.895638924040707,39.76873871924081,66.45565549136293,30.8730997952001,10.988730435579697,38.722192963471315,30.34982691731535,54.943652177898485,49.71092339905101,7.325820290386464,40.8152844750103,50.757469154820505,0.04428653200609729,0.04420459706066063,0.0437672359737511,0.04436890379068095,0.04272642539215151,0.04241518559911368,0.04308475516854553,0.042691082925844115,0.043782457940976925,0.04222308682309098,0.04317685943433974
47,43.466211968048036,18.852814829514813,59.70058029346357,35.087183154930344,28.802911545092073,27.231843642632505,23.04232923607366,45.037279870507604,9.426407414757406,39.80038686230905,65.98485190330184,30.897668748371498,10.997475317216974,38.75300826066933,30.37397944755164,56.03475518772458,49.22679427706645,7.3316502114779825,40.3240761631289,50.79786217952602,0.044287928923709946,0.04410769469359421,0.04371074870364174,0.04428705131430309,0.04274237006731624,0.04234570448874768,0.04304397862866434,0.04256933890814288,0.0438867497420818,0.042145343101137246,0.043183790608804985
48,40.364669456977325,22.306791015697993,61.078118257268315,29.742388020930658,23.900133231104995,30.804616164535325,15.933422154069996,44.08246795959366,10.622281436046663,41.95801167238432,70.10705747790799,22.306791015697993,6.373368861627998,40.364669456977325,24.96236137470966,67.98260119069865,56.29809161104732,6.904482933430331,37.17798502616332,66.92037304709397,0.04460421625798323,0.04330639261106037,0.040724669407847074,0.04268695396507661,0.04263220388504643,0.04341278341985147,0.04225708312131986,0.04171626276744979,0.04354951608112661,0.04216578709045741,0.04183005959044802
49,41.004280036834956,21.300924694459717,60.707635379210195,30.88634080696659,23.963540281267182,30.88634080696659,15.443170403483295,42.60184938891943,11.715508581952845,42.60184938891943,70.29305149171707,22.898494046544197,6.390277408337916,40.471756919473464,25.02858651599017,68.69548213963259,55.91492732295676,6.922800525699408,37.27661821530451,67.09791278754811,0.044353530457968054,0.04321626899234471,0.04090985117453665,0.042517302401227544,0.04248503572479425,0.04320455632768553,0.04205376984085326,0.04160419277980192,0.04314084182426447,0.04212796393201616,0.04186356918301452
50,41.00235851027202,21.29992649884261,60.70479052170143,30.352395260850717,23.96241731119793,30.88489342332178,15.44244671166089,43.13235116015628,11.714959574363434,42.06735483521415,69.75725928370954,22.897420986255803,6.389977949652782,41.00235851027202,25.027413636140064,68.69226295876742,55.912307059461845,6.922476112123848,37.274871372974566,67.62726663382527,0.04434950631015471,0.043200226638048185,0.040870755774036094,0.042515764416958625,0.04237522877465323,0.04317073225681146,0.04221177184227153,0.0415989078092648,0.043227553646791234,0.04209532872578771,0.041886061334157156
51,43.43164886443404,18.837823603850907,59.65310807886121,35.05928281827808,28.78000828366111,27.210189650006868,23.024006626928887,45.00146749808828,8.895638924040707,39.76873871924081,66.45565549136293,30.8730997952001,10.988730435579697,38.722192963471315,30.34982691731535,54.943652177898485,49.71092339905101,7.325820290386464,40.8152844750103,50.757469154820505,0.04428653200609729,0.04420459706066063,0.0437672359737511,0.04436890379068095,0.04272642539215151,0.04241518559911368,0.04308475516854553,0.042691082925844115,0.043782457940976925,0.04222308682309098,0.04317685943433974
52,41.01521228461595,21.306603784216076,60.72382078501582,30.36191039250791,23.969929257243088,30.89457548711331,15.447287743556656,43.14587266303756,11.718632081318843,42.08054247382675,70.31179248791305,22.904599068032283,6.391981135264823,40.48254719001055,25.035259446453892,68.71379720409685,55.9298349335672,6.924646229870225,37.286556622378136,67.64846701488605,0.044361057605216955,0.04318346285890183,0.0408442944493022,0.04248175233934252,0.04238061414379192,0.0431516510362706,0.04218530590381506,0.04159182131549889,0.04320711361648928,0.042100597007740076,0.04184723511822861
53,38.77035301616643,18.057424692461076,47.267964636148115,24.43063340744734,20.712928323705352,24.961734133696197,20.181827597456497,39.83255446866414,9.559813072479393,39.83255446866414,53.110072624885525,22.837331228700773,7.966510893732829,31.33494284868246,20.181827597456497,58.95218061362293,48.86126681489468,5.842107988737407,27.086137038691618,62.13878497111606,0.04432717892572286,0.044538349548038564,0.04048720570335868,0.04320252878213152,0.042568819622803976,0.043585048881951645,0.04130734621604131,0.042129757635414336,0.04194933443806794,0.041974141412516645,0.04282956258509724
54,39.00278313984612,19.50139156992306,46.381688058195394,24.772037940172538,20.555520843972957,24.244973303147592,20.555520843972957,40.05691241389602,8.96009882942411,39.52984777687107,52.706463702494766,21.609650118022852,7.378904918349267,31.09681358447191,20.02845620694801,57.45004543571929,48.489946606295184,5.797711007274424,27.407361125297278,61.66656253191887,0.04501733858776596,0.04503404388112081,0.040738502980579024,0.04322787979748762,0.04299674949129645,0.043949498654938524,0.041842606979408475,0.04240465505881742,0.042180637369896704,0.042469452739963366,0.04307399743377806
55,38.77035301616643,18.057424692461076,47.267964636148115,24.43063340744734,20.712928323705352,24.961734133696197,20.181827597456497,39.83255446866414,9.559813072479393,39.83255446866414,53.110072624885525,22.837331228700773,7.966510893732829,31.33494284868246,20.181827597456497,58.95218061362293,48.86126681489468,5.842107988737407,27.086137038691618,62.13878497111606,0.04432717892572286,0.044538349548038564,0.04048720570335868,0.04320252878213152,0.042568819622803976,0.043585048881951645,0.04130734621604131,0.042129757635414336,0.04194933443806794,0.041974141412516645,0.04282956258509724
56,32.645783364582265,18.9556161471768,63.185387157256,31.592693578628,29.486514006719467,20.5352508261082,20.5352508261082,38.964322080307866,12.110532538474066,48.9686750468734,68.45083608702733,31.066148685650866,6.845083608702733,45.8094056890106,29.486514006719467,81.08791351847853,42.6501363311478,8.424718287634134,36.85814250839933,43.70322611710207,0.04248026905359294,0.044046597360203985,0.04356624565734763,0.043487376643848344,0.04352573287327427,0.04308069587336852,0.041960038752211305,0.04241905514598196,0.04310542670700021,0.042011546810551505,0.04377212214548604
57,40.14376073136362,19.54367298763755,47.01045664593897,23.769332011991615,20.600087743726068,24.825746768080133,20.07188036568181,39.61555335331936,7.923110670663872,40.14376073136362,52.82073780442581,21.128295121770325,7.394903292619614,30.63602792656697,20.07188036568181,57.046396828779876,48.595078780071745,5.8102811584868395,29.0514057924342,62.32847060922246,0.04467510128164434,0.04501094192232134,0.04060336876002544,0.04313300364455615,0.042863308867607086,0.04388956548268416,0.041709416198181165,0.04228346107486983,0.04211730070924704,0.04242584710516435,0.04308130690944095
58,41.012748457960946,21.305323874265426,58.58964065422992,29.29482032711496,23.435856261691967,30.892719617684868,14.381093615129162,41.54538155481758,11.717928130845984,39.41484916739104,70.3075687850759,22.90322316483533,6.391597162279628,39.41484916739104,24.50112245540524,68.17703639764936,54.86120897623347,6.924230259136263,35.686417489394586,66.57913710707946,0.04448613988253959,0.04299677538279723,0.04071903158253078,0.04240384583054287,0.0423334395829267,0.043049911249015506,0.042034711807276956,0.041923828540805605,0.04351710293554949,0.04175744639726221,0.04214466995211737
59,43.892428757543065,19.33356980987016,60.09082508473158,35.531966137058674,28.7390902579151,27.17150351657428,22.99127220633208,44.93748658510361,8.882991534264669,39.189668533520596,65.8386431363146,30.8292059130362,10.973107189385766,38.14461070596005,29.784148085475653,56.433122688269655,48.072660067785264,7.315404792923845,40.75725527486142,50.68530463668664,0.04403547881417667,0.04433845589532956,0.04361508220200446,0.04449733110057289,0.04263534004310892,0.042781657218752565,0.043549967506827776,0.04293428231217891,0.04408862552191753,0.04198010328104373,0.043014762323812426
60,40.13524868235781,19.53952896377946,47.00048858855059,23.764291982975017,20.595719718578348,24.820482737773908,20.067624341178906,39.607153304958366,7.921430660991673,40.66334405975725,52.80953773994448,21.123815095977793,7.3933352835922275,30.6295318891678,20.595719718578348,56.5062053817406,48.05667934334948,5.809049151393894,29.045245756969468,62.31525453313449,0.04466967474026839,0.044987655412270816,0.04063257517809217,0.04320702785112573,0.04280389719159104,0.04385381919894687,0.0416778275021161,0.04235475046576818,0.042126683765690724,0.04242646392294342,0.04316424737174161
61,44.39650260079483,19.32553642622834,60.06585645989889,35.51720208063586,28.727148741690772,27.160213355780368,22.98171899335262,44.9188143960983,8.879300520158965,39.69569644306361,65.81128620823705,30.816395922904647,10.96854770137284,38.128761057153206,29.77177233229771,55.88736209747114,48.05268516791911,7.3123651342485605,40.74032003367055,50.141932349132986,0.044066707848796384,0.04436482792443077,0.04363986356240436,0.04450195183138995,0.042658980900527846,0.0427937213322829,0.04359391592849493,0.04296834893745195,0.04410447623642011,0.04196882708708354,0.04302658310724864
62,43.85507183771505,19.31711497613639,60.03968168258608,35.50172482100742,28.714630369932472,27.148377804299795,22.97170429594598,44.899240214803505,8.875431205251855,39.67839832936124,65.78260775657257,30.80296712410938,10.963767959428763,38.63422995227278,30.280882935565153,55.340923985688036,48.03174534606887,7.309178639619175,40.72256670644969,50.120082100245774,0.04411312525025551,0.044444427981005154,0.043676031093301766,0.04451500590000911,0.04272141539528609,0.0427570058888412,0.04353451278876512,0.04296372193528674,0.04413125163548681,0.04199575276619267,0.0430635608213431
63,43.93695285544709,19.353181614899313,59.10566276982764,35.0449504918447,28.76824294106655,27.19906605337201,21.968476427723544,47.59836559340101,7.845884438472695,40.275540117493165,65.38237032060579,30.860478791325935,11.507297176426619,38.18330426723378,29.291301903631396,58.059544844697946,49.16754248109555,7.322825475907849,40.275540117493165,51.25977833135494,0.04397807355780033,0.044536748079047075,0.04384588044343533,0.044175927044485724,0.0429082197500949,0.04301192709297779,0.04295252967123047,0.04290296740785446,0.043619814919933116,0.0423207447970198,0.0426882046712747
64,41.03641995780891,21.31762075730333,60.75521915831449,29.84466906022466,23.982323351966247,30.91055009808983,15.455275049044914,42.63524151460666,11.724691416516832,41.03641995780891,71.41402953696615,22.91644231410108,6.395286227190999,41.03641995780891,24.515263870898828,69.28226746123582,55.95875448792124,6.928226746123582,36.772895806348245,67.68344590443807,0.04443840179400146,0.04321509318467675,0.04059471872635751,0.042483724308401784,0.04238074817645879,0.04311737226443835,0.04197970278197969,0.04176652858401119,0.04350368140928034,0.04161534465634946,0.04196416518146142
65,43.90290835818717,19.338185824439588,60.105172157041956,35.01779595236358,28.74595190119398,27.17799088840158,22.996761520955182,44.94821570004877,8.885112405823593,39.72167899074077,65.85436253728075,30.83656658491718,10.975727089546792,38.153717977948375,29.791259243055578,56.44659646052636,48.08413772563357,7.317151393031195,40.76698633260237,50.17475240935676,0.04398538039354412,0.04431452624547377,0.043649626900340584,0.04441732535589322,0.04265610921877472,0.04278224172996517,0.04353840911422639,0.04295018164144148,0.044055906242106715,0.04193524181210804,0.04306138041532621
66,44.52254521940547,18.856607387042317,58.66500075968721,36.66562547480451,28.808705730203542,27.23732178128335,20.951785985602577,47.66531311724586,7.856919744600966,40.33218802228496,65.99812585464811,30.903884328763798,11.523482292081416,37.71321477408463,29.85629502948367,58.14120611004715,49.23669706616605,7.333125094960901,40.33218802228496,50.808081015086245,0.043906986897950195,0.04441488429933344,0.04377924969836111,0.043920751410300225,0.0430586602992405,0.04281422016872434,0.04287221984128042,0.04289078198228423,0.04371351117666506,0.04212891208353494,0.04270517250226118
67,44.35542677890124,19.829484912920552,60.01028328910168,35.48434142312099,28.7005702687008,27.135084617680757,22.96045621496064,44.87725532924125,8.871085355780247,39.658969825841105,65.75039734284184,30.266055919720845,10.958399557140305,38.093484174821064,29.74422736938083,55.83565488638156,48.00822663128134,7.305599704760204,40.702626926521134,50.0955408326414,0.044224117243835834,0.04441583112745097,0.043643624369269884,0.04451249858514841,0.04270131280511452,0.04278122219797083,0.04361560837111665,0.04298593012416245,0.04417629095188751,0.042006004574879775,0.043109009309148544
68,40.86697182497563,22.291075540895797,61.03508779054801,29.721434054527727,23.88329522238835,30.782913842189433,15.922196814925568,43.52067129412989,11.145537770447898,42.989931400299035,69.52692609184164,22.291075540895797,6.3688787259702275,40.33623193114477,24.94477501005006,67.9347064103491,55.19694895840864,6.89961861980108,37.151792568159664,66.87322662268738,0.044557775633216154,0.04334202892640912,0.040897160726621334,0.042764252425467685,0.04259703534667577,0.04323813565989695,0.04248359252747716,0.04173058073935645,0.043602339003457814,0.04206120599605235,0.04198599918451696
69,42.86299668494796,18.817900983635692,59.06730030974536,36.06764355196841,28.226851475453536,26.65869306015056,22.476937286009296,47.044752459089224,7.840792076514871,40.249399326109675,66.38537291449258,30.31772936252417,10.977108907120819,37.113082495503726,29.79500989075651,55.930983479139414,48.6129108743922,7.318072604747213,41.29483826964499,51.74922770499815,0.04394102806300034,0.04391750056866478,0.04403884617582197,0.04438628349065914,0.0420860095957135,0.04336910608451491,0.043389500802187356,0.04327093845274422,0.04377548377381343,0.04199098346308729,0.043114847762135096
70,42.872197803391906,18.821940499050108,59.60281158032534,36.075385956512704,28.232910748575158,26.66441570698765,22.481762262754295,47.054851247625265,7.842475207937544,40.25803940074606,66.39962342720455,30.324237470691838,10.979465291112561,37.12104931757104,29.80140579016267,55.94298981662115,48.623346289212776,7.319643527408375,40.78087108127523,51.76033637238779,0.043924057254982336,0.043862590286461084,0.04393015139765178,0.044519742644826166,0.042044005466125044,0.043426678764536195,0.04346036242185242,0.04325043893571953,0.0436811048925741,0.04209658780446838,0.04297259960163333
71,42.86299668494796,18.817900983635692,59.06730030974536,36.06764355196841,28.226851475453536,26.65869306015056,22.476937286009296,47.044752459089224,7.840792076514871,40.249399326109675,66.38537291449258,30.31772936252417,10.977108907120819,37.113082495503726,29.79500989075651,55.930983479139414,48.6129108743922,7.318072604747213,41.29483826964499,51.74922770499815,0.04394102806300034,0.04391750056866478,0.04403884617582197,0.04438628349065914,0.0420860095957135,0.04336910608451491,0.043389500802187356,0.04327093845274422,0.04377548377381343,0.04199098346308729,0.043114847762135096
72,42.872884000550314,18.82224175633916,59.60376556174068,36.07596336631673,28.233362634508744,26.664842488147144,22.482122097849555,47.055604390847904,7.842600731807984,40.25868375661432,66.40068619597426,30.32472282965754,10.979641024531178,37.121643463891125,29.80188278087034,55.943885220230285,48.624124537209504,7.319760683020785,40.78152380540152,51.761164829932696,0.04384939156935858,0.043877869533995244,0.04396346936066173,0.044503461322572095,0.04206140301924586,0.043370781972444164,0.04344020769397796,0.04326664193424434,0.0437020600855827,0.04215421889952296,0.04297044582119549
73,42.86299668494796,18.817900983635692,59.06730030974536,36.06764355196841,28.226851475453536,26.65869306015056,22.476937286009296,47.044752459089224,7.840792076514871,40.249399326109675,66.38537291449258,30.31772936252417,10.977108907120819,37.113082495503726,29.79500989075651,55.930983479139414,48.6129108743922,7.318072604747213,41.29483826964499,51.74922770499815,0.04394102806300034,0.04391750056866478,0.04403884617582197,0.04438628349065914,0.0420860095957135,0.04336910608451491,0.043389500802187356,0.04327093845274422,0.04377548377381343,0.04199098346308729,0.043114847762135096
74,42.86299668494796,18.817900983635692,59.06730030974536,36.06764355196841,28.226851475453536,26.65869306015056,22.476937286009296,47.044752459089224,7.840792076514871,40.249399326109675,66.38537291449258,30.31772936252417,10.977108907120819,37.113082495503726,29.79500989075651,55.930983479139414,48.6129108743922,7.318072604747213,41.29483826964499,51.74922770499815,0.04394102806300034,0.04391750056866478,0.04403884617582197,0.04438628349065914,0.0420860095957135,0.04336910608451491,0.043389500802187356,0.04327093845274422,0.04377548377381343,0.04199098346308729,0.043114847762135096
75,41.37369401135589,22.27814292919163,60.469245093520136,29.704190572255506,23.86943885270532,30.76505452126463,15.912959235136878,43.49542190937414,11.139071464595816,42.43455796036501,69.48658866009771,22.808574903696194,6.3651836940547515,39.782398087842196,24.930302801714443,67.89529273658401,55.69535732297908,6.895615668559314,37.13023821531938,66.30399681307033,0.044630745063016335,0.04328227134005118,0.04102561811256873,0.04278930335247057,0.04241796332760892,0.04346221671343414,0.04225124510535097,0.041931416356893784,0.04370442839230323,0.04197645287044178,0.042096364861297815
76,41.37369401135589,22.27814292919163,60.469245093520136,29.704190572255506,23.86943885270532,30.76505452126463,15.912959235136878,43.49542190937414,11.139071464595816,42.43455796036501,69.48658866009771,22.808574903696194,6.3651836940547515,39.782398087842196,24.930302801714443,67.89529273658401,55.69535732297908,6.895615668559314,37.13023821531938,66.30399681307033,0.044630745063016335,0.04328227134005118,0.04102561811256873,0.04278930335247057,0.04241796332760892,0.04346221671343414,0.04225124510535097,0.041931416356893784,0.04370442839230323,0.04197645287044178,0.042096364861297815
77,41.37369401135589,22.27814292919163,60.469245093520136,29.704190572255506,23.86943885270532,30.76505452126463,15.912959235136878,43.49542190937414,11.139071464595816,42.43455796036501,69.48658866009771,22.808574903696194,6.3651836940547515,39.782398087842196,24.930302801714443,67.89529273658401,55.69535732297908,6.895615668559314,37.13023821531938,66.30399681307033,0.044630745063016335,0.04328227134005118,0.04102561811256873,0.04278930335247057,0.04241796332760892,0.04346221671343414,0.04225124510535097,0.041931416356893784,0.04370442839230323,0.04197645287044178,0.042096364861297815
78,42.91368022554375,18.316814730415015,59.660482264780335,36.110291897103885,28.260228441211737,26.690215750033307,22.50351524022416,47.1003807353529,7.850063455892149,40.296992406913034,66.98720815694634,30.353578696116312,10.99008883824901,37.156967024556174,29.830241132390167,55.99711931869734,48.67039342653133,7.326725892166007,40.82032997063918,51.81041880888819,0.043744110713663936,0.04371440195255492,0.04388246355593847,0.04434962150293766,0.0419641479018663,0.04326749144950317,0.04350504237442916,0.043363760322724064,0.043512201622697866,0.042263439127867654,0.04309575574967348
79,41.37369401135589,22.27814292919163,60.469245093520136,29.704190572255506,23.86943885270532,30.76505452126463,15.912959235136878,43.49542190937414,11.139071464595816,42.43455796036501,69.48658866009771,22.808574903696194,6.3651836940547515,39.782398087842196,24.930302801714443,67.89529273658401,55.69535732297908,6.895615668559314,37.13023821531938,66.30399681307033,0.044630745063016335,0.04328227134005118,0.04102561811256873,0.04278930335247057,0.04241796332760892,0.04346221671343414,0.04225124510535097,0.041931416356893784,0.04370442839230323,0.04197645287044178,0.042096364861297815
80,42.872197803391906,18.821940499050108,59.60281158032534,36.075385956512704,28.232910748575158,26.66441570698765,22.481762262754295,47.054851247625265,7.842475207937544,40.25803940074606,66.39962342720455,30.324237470691838,10.979465291112561,37.12104931757104,29.80140579016267,55.94298981662115,48.623346289212776,7.319643527408375,40.78087108127523,51.76033637238779,0.043924057254982336,0.043862590286461084,0.04393015139765178,0.044519742644826166,0.042044005466125044,0.043426678764536195,0.04346036242185242,0.04325043893571953,0.0436811048925741,0.04209658780446838,0.04297259960163333
81,42.872197803391906,18.821940499050108,59.60281158032534,36.075385956512704,28.232910748575158,26.66441570698765,22.481762262754295,47.054851247625265,7.842475207937544,40.25803940074606,66.39962342720455,30.324237470691838,10.979465291112561,37.12104931757104,29.80140579016267,55.94298981662115,48.623346289212776,7.319643527408375,40.78087108127523,51.76033637238779,0.043924057254982336,0.043862590286461084,0.04393015139765178,0.044519742644826166,0.042044005466125044,0.043426678764536195,0.04346036242185242,0.04325043893571953,0.0436811048925741,0.04209658780446838,0.04297259960163333
82,42.80303908609044,19.313566416894467,59.506664095296465,36.017191426100496,28.18736720303517,26.621402358422102,22.445496106120597,46.978945338391945,7.829824223065325,40.193097678402,66.29251175528641,30.27532032918592,10.961753912291455,37.06116798917587,29.753332047648232,55.85274612453265,48.02292190146732,7.307835941527636,40.715085959939685,51.67683987223114,0.044109883963494564,0.04396479542999569,0.04399513200300386,0.04462427012459125,0.0420888161682264,0.04343089267424759,0.04362333089303808,0.043311956830968314,0.043685301937091414,0.042216901290166725,0.042960437147487894
83,43.36574093528026,18.28675822572059,59.04010512875505,35.528558838542864,28.736334354703786,27.168897935356306,21.944109870864708,46.50061377397522,7.837182096737396,39.70838929013614,66.35480841904328,32.393685999847904,10.972054935432354,38.663431677237824,29.258813161152947,55.90523229006009,49.63548661267018,7.314703290288237,41.27582570948362,50.68044422556849,0.0440378335502726,0.04431011621318377,0.04411313442417529,0.04449206383547092,0.04246613034636129,0.04288592773368777,0.04337557895795205,0.042686384717354406,0.04376047303107916,0.04217328022100347,0.043220270520299524
84,41.37369401135589,22.27814292919163,60.469245093520136,29.704190572255506,23.86943885270532,30.76505452126463,15.912959235136878,43.49542190937414,11.139071464595816,42.43455796036501,69.48658866009771,22.808574903696194,6.3651836940547515,39.782398087842196,24.930302801714443,67.89529273658401,55.69535732297908,6.895615668559314,37.13023821531938,66.30399681307033,0.044630745063016335,0.04328227134005118,0.04102561811256873,0.04278930335247057,0.04241796332760892,0.04346221671343414,0.04225124510535097,0.041931416356893784,0.04370442839230323,0.04197645287044178,0.042096364861297815
85,41.37369401135589,22.27814292919163,60.469245093520136,29.704190572255506,23.86943885270532,30.76505452126463,15.912959235136878,43.49542190937414,11.139071464595816,42.43455796036501,69.48658866009771,22.808574903696194,6.3651836940547515,39.782398087842196,24.930302801714443,67.89529273658401,55.69535732297908,6.895615668559314,37.13023821531938,66.30399681307033,0.044630745063016335,0.04328227134005118,0.04102561811256873,0.04278930335247057,0.04241796332760892,0.04346221671343414,0.04225124510535097,0.041931416356893784,0.04370442839230323,0.04197645287044178,0.042096364861297815
86,41.37369401135589,22.27814292919163,60.469245093520136,29.704190572255506,23.86943885270532,30.76505452126463,15.912959235136878,43.49542190937414,11.139071464595816,42.43455796036501,69.48658866009771,22.808574903696194,6.3651836940547515,39.782398087842196,24.930302801714443,67.89529273658401,55.69535732297908,6.895615668559314,37.13023821531938,66.30399681307033,0.044630745063016335,0.04328227134005118,0.04102561811256873,0.04278930335247057,0.04241796332760892,0.04346221671343414,0.04225124510535097,0.041931416356893784,0.04370442839230323,0.04197645287044178,0.042096364861297815
87,43.35855443183032,18.28372777245857,59.55271331600792,35.0002788787064,28.73157221386347,27.16439554765273,22.462865549020528,46.49290776425179,7.835883331053673,39.70180887733861,66.3438122029211,32.38831776835518,10.970236663475141,38.65702443319812,29.253964435933714,55.895967761516204,49.104868874603014,7.3134911089834285,41.26898554354934,50.67204554081375,0.04402700911438891,0.0443110301885359,0.044076065278313016,0.04452245409751739,0.04248207650525183,0.042906344717836165,0.04338440547636075,0.042701762648685346,0.043758392815959994,0.042202669193236425,0.04323556789366948
88,43.273348759448076,18.769163317350973,58.39295254286969,35.974229691589365,28.675110623730653,27.111013680618072,21.897357203576135,46.40154264567324,8.341850363267099,40.145154873222914,65.6920716107284,32.32467015766001,10.948678601788068,38.58105793011033,29.196476271434847,55.26475865664453,49.5297365318984,7.299119067858712,40.66652052092711,50.57246782730679,0.04426530998285567,0.044299774386902836,0.04412912234100895,0.04464349922534399,0.04251316336809777,0.043122020132046815,0.04342114144705557,0.04278171468507731,0.043875257089042434,0.042302440865926154,0.043280908772448924
89,43.36574093528026,18.28675822572059,59.04010512875505,35.528558838542864,28.736334354703786,27.168897935356306,21.944109870864708,46.50061377397522,7.837182096737396,39.70838929013614,66.35480841904328,32.393685999847904,10.972054935432354,38.663431677237824,29.258813161152947,55.90523229006009,49.63548661267018,7.314703290288237,41.27582570948362,50.68044422556849,0.0440378335502726,0.04431011621318377,0.04411313442417529,0.04449206383547092,0.04246613034636129,0.04288592773368777,0.04337557895795205,0.042686384717354406,0.04376047303107916,0.04217328022100347,0.043220270520299524
90,41.367281428790044,22.274690000117715,60.45987285746237,30.229936428731186,23.86573928584041,30.76028619063875,15.91049285722694,42.95833071451274,11.137345000058858,42.427980952605175,69.47581880989097,22.80503976202528,6.364197142890776,39.776232143067354,24.92643880965554,67.88476952416828,55.68672500029429,6.89454690479834,37.124483333529525,66.29372023844559,0.044614184704678934,0.04330950164927183,0.04109646389670985,0.04281399823932952,0.042512669009479954,0.04350702257492053,0.04211454094773067,0.04194278604411635,0.0436331498540463,0.041997400176279634,0.042108520995871666
91,43.29340481180544,18.777862328011995,58.9416234184821,35.469295508467106,28.688400778907216,27.123578918239552,21.90750604934733,46.42304853314077,7.824109303338332,39.64215380358088,65.20091086115276,32.33965178713177,10.953753024673665,39.12054651669166,29.21000806579644,55.81197969714677,50.07429954136533,7.30250201644911,41.206975664248546,50.59590682825455,0.04427452752627046,0.04433199502486617,0.04404725369645486,0.04456076436993933,0.042562558510230976,0.04304058688784422,0.043402005584511356,0.042853065267778566,0.043926956777261446,0.04226985424799826,0.043123145217622116
92,43.273348759448076,18.769163317350973,58.39295254286969,35.974229691589365,28.675110623730653,27.111013680618072,21.897357203576135,46.40154264567324,8.341850363267099,40.145154873222914,65.6920716107284,32.32467015766001,10.948678601788068,38.58105793011033,29.196476271434847,55.26475865664453,49.5297365318984,7.299119067858712,40.66652052092711,50.57246782730679,0.04426530998285567,0.044299774386902836,0.04412912234100895,0.04464349922534399,0.04251316336809777,0.043122020132046815,0.04342114144705557,0.04278171468507731,0.043875257089042434,0.042302440865926154,0.043280908772448924
93,43.825238153175796,18.782244922789626,58.955379896534104,35.477573743047074,28.695096409817484,27.12990933291835,21.912619076587898,46.95561230697407,7.825935384495677,40.17313497374448,65.21612820413064,32.3471995892488,10.956309538293949,38.607947896845346,29.21682543545053,54.78154769146975,50.60771548640538,7.304206358862633,41.21659302501057,50.08598646077234,0.04416419024100699,0.04427319508203905,0.04426007538712775,0.044526404470276226,0.04275322078265167,0.042854791091862916,0.043411394019828436,0.04260695259588259,0.04391565566107217,0.042253167827603466,0.043251927207603506
94,43.307628419308024,18.784031603555288,58.960988088937434,35.48094858449332,28.697826060987246,27.132490094024305,21.91470353748117,46.438300353233906,7.826679834814704,39.65517782972783,65.7441106124435,32.350276650567444,10.957351768740585,38.6116205184192,29.21960471664156,55.83031615501155,50.090750942814104,7.30490117916039,41.220513796690774,50.61252959846841,0.044255647538337474,0.04432756418631881,0.04405823464523047,0.044513280474289235,0.042526868903744,0.043066422560718035,0.04336839925816643,0.042819243215286205,0.043923960184865274,0.04226630033110158,0.04309542304762884
95,43.307628419308024,18.784031603555288,58.960988088937434,35.48094858449332,28.697826060987246,27.132490094024305,21.91470353748117,46.438300353233906,7.826679834814704,39.65517782972783,65.7441106124435,32.350276650567444,10.957351768740585,38.6116205184192,29.21960471664156,55.83031615501155,50.090750942814104,7.30490117916039,41.220513796690774,50.61252959846841,0.044255647538337474,0.04432756418631881,0.04405823464523047,0.044513280474289235,0.042526868903744,0.043066422560718035,0.04336839925816643,0.042819243215286205,0.043923960184865274,0.04226630033110158,0.04309542304762884
96,43.26824501040303,19.288253799818218,58.90736971295834,35.448682659125375,28.671728621351406,27.107816151095875,21.894774583577437,46.39606995091409,8.3408665080295,39.61911591314012,65.6843237507323,31.799553561862467,10.947387291788718,39.09781175638828,29.193032778103248,55.258240615695435,50.045199048177,7.298258194525812,40.66172422664381,50.56650320492884,0.044283578240895516,0.0444260167857555,0.04416195470213911,0.04451343767807479,0.04251263127265749,0.043279152643958194,0.043464953238423414,0.042817153303775085,0.0439047465833826,0.0423523519723487,0.04297986682674582
97,43.876455353420106,18.281856397258377,59.02427922543419,34.99669653189461,28.728631481406023,27.161615218783876,22.460566430917435,46.48814912445702,7.835081313110733,39.69774531976105,66.33702178433754,32.385002760857695,10.969113838355026,38.65306781134628,29.250970235613405,56.41258545439728,49.09984289549393,7.312742558903351,41.264761582383194,50.14452040390869,0.04399970688708263,0.04434760239825694,0.04410017093404544,0.04452241294492233,0.0424991666741948,0.04292109988155753,0.0434011395522378,0.04268384802127462,0.04377367763665436,0.04219124800349057,0.04322117285890083
98,42.35148964546832,18.82288428687481,59.60580024177023,36.077194883176716,28.234326430312215,26.665752739739315,22.482889564878246,47.057210717187026,7.842868452864504,40.260058058037785,66.40295290091947,30.32575801774275,10.980015834010306,37.12291067689198,29.280042224027483,56.99151075748206,48.62578440775992,7.320010556006871,40.78291595489542,51.762931788905725,0.04394930176858776,0.04385949257615566,0.04387903183117026,0.04455233533641535,0.04205689890435051,0.04342238338257313,0.04347146986301064,0.04317405721807209,0.04370397635654778,0.04209778744564527,0.042975368459837945
99,42.35148964546832,18.82288428687481,59.60580024177023,36.077194883176716,28.234326430312215,26.665752739739315,22.482889564878246,47.057210717187026,7.842868452864504,40.260058058037785,66.40295290091947,30.32575801774275,10.980015834010306,37.12291067689198,29.280042224027483,56.99151075748206,48.62578440775992,7.320010556006871,40.78291595489542,51.762931788905725,0.04394930176858776,0.04385949257615566,0.04387903183117026,0.04455233533641535,0.04205689890435051,0.04342238338257313,0.04347146986301064,0.04317405721807209,0.04370397635654778,0.04209778744564527,0.042975368459837945
100,42.35148964546832,18.82288428687481,59.60580024177023,36.077194883176716,28.234326430312215,26.665752739739315,22.482889564878246,47.057210717187026,7.842868452864504,40.260058058037785,66.40295290091947,30.32575801774275,10.980015834010306,37.12291067689198,29.280042224027483,56.99151075748206,48.62578440775992,7.320010556006871,40.78291595489542,51.762931788905725,0.04394930176858776,0.04385949257615566,0.04387903183117026,0.04455233533641535,0.04205689890435051,0.04342238338257313,0.04347146986301064,0.04317405721807209,0.04370397635654778,0.04209778744564527,0.042975368459837945
101,38.848535066171515,20.474227940279583,46.7232381201252,24.674069569054883,20.474227940279583,23.624109161861057,19.94924773668267,39.89849547336534,7.349722850356773,38.3235548625746,53.02300056328815,20.999208143876494,7.874703053953685,31.49881221581474,18.899287329488846,57.222842192063446,48.82315893451285,5.774782239566036,27.823950790636356,61.94766402443566,0.045029098309349334,0.044794904620742856,0.04146540492976573,0.04367747643632462,0.04316787669578467,0.044307511792020624,0.04174904606623077,0.0424371622779983,0.04270452398974528,0.04236469232032275,0.04332209896480271
102,38.833107005062715,20.46609693510062,47.22945446561681,24.664270665377668,20.46609693510062,23.614727232808406,19.941325218815987,39.88265043763197,7.346804027984837,38.30833528877808,53.00194334474776,20.99086865138525,7.871575744269468,31.486302977077873,18.891781786246725,57.72488879130944,47.754226181901444,5.772488879130944,27.812900963085458,61.92306252158649,0.045063871735712635,0.04482001956766592,0.04145170330849112,0.04373186997243391,0.04313605527943874,0.04433348969238626,0.0417794804515822,0.04244568379787569,0.0427592850182656,0.04235642637841776,0.043350398513099075
103,38.92911524137894,19.990626745572968,47.34622123951492,24.72524886952446,20.516695870456466,24.19917974464096,19.990626745572968,39.981253491145935,7.364967748368988,38.40304611649544,53.13298161323341,21.042764995339965,7.891036873252487,31.564147493009948,18.93848849580597,57.3415346123014,48.39835948928192,5.78676037371849,27.881663618825453,62.0761567362529,0.04493562843217875,0.04470973016329265,0.041381371557517754,0.04355886165452928,0.0430464266342858,0.04420555665515182,0.04164480562940186,0.0422974573736541,0.042710403100411735,0.04220032306793021,0.043240310848146855
104,43.23107002204279,19.27168181705522,58.335901716491485,34.89736977682973,28.647094592919924,27.084525796942476,22.91767567433594,45.83535134867188,7.812843979887252,40.1059324300879,65.62788943105292,32.29308845020064,10.937981571842153,38.54336363411044,29.167950858245742,55.7316203898624,49.4813452059526,7.291987714561436,40.62678869541371,51.04391400193005,0.04415709235771795,0.04457713808942916,0.04402914489960708,0.044865971201456196,0.042592249469161514,0.043215702861467364,0.043052075002414224,0.04298401771181909,0.04383370072976932,0.042484246398316904,0.043352395953024404
105,42.86576951043183,18.819118321653,59.5938746852345,36.06997678316825,28.2286774824795,26.66041762234175,22.478391328641084,47.0477958041325,7.84129930068875,40.25200307686892,66.38966741249808,30.319690629329834,10.977819020964251,37.115483356593415,29.274184055904666,56.98010825167158,48.09330237755767,7.318546013976166,40.7747563635815,51.75257538454575,0.0439246949425764,0.0438808322364429,0.04393577459017696,0.04453188060350312,0.04205805591108737,0.04342569591790277,0.04344666838970135,0.04324433662838749,0.043723859879313716,0.04209626053668937,0.042978653651635244
106,43.25682530510753,19.28316308781902,58.37065583339811,34.918160186050656,28.664161346758004,27.100661636934838,22.410162507465348,45.34149158487175,7.817498549115819,40.1298258854612,65.14582124263183,32.31232733634538,10.944497968762146,39.08749274557909,29.185327916699055,56.2859895536339,50.03199071434124,7.296331979174764,40.65099245540226,51.07432385422335,0.04405335906960097,0.04452751531620564,0.044015224194145774,0.044848533038209425,0.04256133618524435,0.04311855834250681,0.04297550438961427,0.04303486265758187,0.04390483106201483,0.042493889297138696,0.043299816506682826
107,43.3785576411677,18.81479608532575,59.58018760353154,36.06169249687436,28.222194127988626,26.65429445421148,22.473228657472426,47.036990213314375,7.83949836888573,40.24275829361341,66.3744195232325,30.312727026358154,10.975297716440021,37.106958946059116,29.26746057717339,56.44438825597725,48.08225666249914,7.316865144293348,40.765391518205796,51.740689234645814,0.04391612448691063,0.04388828239664622,0.04394381305275753,0.04456072349535853,0.04206608936939261,0.04341730045909302,0.04350000472436103,0.043250456793955346,0.04372512133195216,0.042106117400680265,0.04299274189651066
108,42.90271412642862,18.31213407835368,59.64523671235199,36.101064325897255,28.25300686374568,26.683395371315363,22.49776472483452,47.088344772909466,7.848057462151577,40.28669497237809,66.44688651288335,30.869026017796205,10.987280447012209,37.14747198751746,29.299414525365886,56.50601372749136,48.13475243452967,7.324853631341472,40.809898803188204,52.32038308101051,0.0438929054816057,0.043837481343793734,0.04386627330757116,0.04444829057807373,0.04197617948246037,0.043410026522336595,0.04341526332845358,0.043247813158202045,0.04370677811534218,0.042075412317801875,0.042919745554253805
109,43.23736892837698,19.27448976325239,58.344401445520745,34.90245443615973,28.651268566996794,27.08847209970606,22.400082697833856,45.84202970719487,7.813982336453671,40.632708149559086,65.63745162621083,32.29779365734184,10.939575271035139,38.54897952650478,29.172200722760373,55.73974066670285,49.48855479753992,7.293050180690093,40.632708149559086,51.05135126483065,0.044086278539969916,0.0445876878202289,0.04399474454045826,0.04490166021539624,0.042615214382827546,0.043120738147161504,0.04294696109969174,0.04304029863188196,0.043914642090190456,0.042572265714661446,0.043287353053954036
110,43.23840646588587,19.27495227997322,58.86674615235064,34.90329196643799,28.65195609185208,27.089122123205605,22.400620217266173,45.843129746963335,7.814169843232387,40.112738528592914,66.15997133936754,32.29856868536053,10.939837780525341,38.54990455994644,29.172900748067576,55.74107821505769,48.96879768425629,7.293225187016894,40.63368318480841,51.05257630911826,0.044085733726497565,0.0445684899553308,0.043957130843285265,0.044918665818220356,0.042604464737043705,0.04312605754483674,0.042943827934856744,0.04304402999329807,0.0439201809910608,0.04258833104290437,0.04329843119717325
111,43.3785576411677,18.81479608532575,59.58018760353154,36.06169249687436,28.222194127988626,26.65429445421148,22.473228657472426,47.036990213314375,7.83949836888573,40.24275829361341,66.3744195232325,30.312727026358154,10.975297716440021,37.106958946059116,29.26746057717339,56.44438825597725,48.08225666249914,7.316865144293348,40.765391518205796,51.740689234645814,0.04391612448691063,0.04388828239664622,0.04394381305275753,0.04456072349535853,0.04206608936939261,0.04341730045909302,0.04350000472436103,0.043250456793955346,0.04372512133195216,0.042106117400680265,0.04299274189651066
112,43.3642345711395,18.808583669409902,59.56051495313136,36.04978536636898,28.212875504114855,26.64549353166403,22.46580827179516,47.02145917352476,7.836909862254126,40.22947062623785,65.83004284293466,30.30271813404929,10.971673807155778,37.617167338819804,29.257796819082074,56.42575100822971,48.06638048849197,7.3144492047705185,40.75193128372146,51.723605090877236,0.043935217046410235,0.04389288175286368,0.04393281114784436,0.044608445218548724,0.04210212176707995,0.04339121081227241,0.04353374737463309,0.04328431752871731,0.04372819973561777,0.04210974339297621,0.04302064673942792
113,43.273858741632466,19.290756306510858,58.39364071160043,34.931910068546685,28.675448563732356,27.11133318752877,22.418987058918024,45.88071770197177,8.341948673085776,40.1456279892253,65.69284580055049,32.32505110820738,10.948807633425082,38.581512613021715,29.196820355800217,55.78678175126113,50.05169203851466,7.299205088950054,40.1456279892253,51.09443562265038,0.04407838327408081,0.044540832557994015,0.04392597800786035,0.044834600462894426,0.04254696940334559,0.043162123461679955,0.04292466301809213,0.0429533027690868,0.04393115844242198,0.04249172781976073,0.04323846871492222
114,43.284730395674885,19.295602706505672,58.40831089536852,34.94068598205081,28.682652671832756,27.118144344278242,22.4246193616147,45.89224427493241,7.82254163777257,40.15571374056586,66.23085253314109,31.811669326941782,10.951558292881598,38.591205413011345,28.682652671832756,56.84380256781401,50.06426648174445,7.301038861921065,40.67721651641736,50.58576925759595,0.04424095471395278,0.04441917352968157,0.0440382501785791,0.044612709268502936,0.0424922716774495,0.043011211488230096,0.043246222048350005,0.042966827935947145,0.043987346157090726,0.04229142470943599,0.04319083244127536
115,43.27212452624402,19.289983222542514,58.3913005655341,34.93051015973915,28.674299384860497,27.110246691140834,22.41808860998184,45.87887901577679,7.820263468598317,40.144019138804694,65.69021313622586,31.802404772299823,10.948368856037643,39.101317342991585,28.674299384860497,56.827247871814436,50.04968619902923,7.298912570691763,40.665370036711245,50.57103709693578,0.04424717412029852,0.04444874065900414,0.04405118142097371,0.0446321923523483,0.04250415272383183,0.04301647823313977,0.043268404067111785,0.042980344116989685,0.04400114750067555,0.04230883681702485,0.0431904500820475
116,43.30766826723159,19.305828022741792,58.96104233972493,34.95920209523514,28.6978524662378,27.132515058988467,22.43650283724046,45.91656394598048,7.826687036246673,40.17699345273292,66.26595024022183,31.82852728073647,10.957361850745341,38.611656045483585,28.6978524662378,56.87392579672582,50.09079703197871,7.304907900496895,40.17699345273292,50.612576167728484,0.04423279357619739,0.044415568990673115,0.043999074193557856,0.04457379163932821,0.0424986264100857,0.04303405965268339,0.04317118365999125,0.042910608764263385,0.0439938629204608,0.042285780433416964,0.04310551400956378
117,43.3785576411677,18.81479608532575,59.58018760353154,36.06169249687436,28.222194127988626,26.65429445421148,22.473228657472426,47.036990213314375,7.83949836888573,40.24275829361341,66.3744195232325,30.312727026358154,10.975297716440021,37.106958946059116,29.26746057717339,56.44438825597725,48.08225666249914,7.316865144293348,40.765391518205796,51.740689234645814,0.04391612448691063,0.04388828239664622,0.04394381305275753,0.04456072349535853,0.04206608936939261,0.04341730045909302,0.04350000472436103,0.043250456793955346,0.04372512133195216,0.042106117400680265,0.04299274189651066
118,40.89084772341985,22.30409875822901,61.070746599912766,29.738798344305348,23.89724866953108,30.800898285173396,15.931499113020722,44.077147546023994,10.62099940868048,41.9529476642879,70.09859609729118,22.30409875822901,6.372599645208289,40.35979775298583,24.95934861039913,67.44334624512105,56.29129686600655,6.903649615642313,37.173497930381686,66.91229627468702,0.04462622606732611,0.043316042503159395,0.040720731055434056,0.042677527464217505,0.04268687894051631,0.04340749892886966,0.04224914089206343,0.041709355488065765,0.04358441781239725,0.042161395082588114,0.041810815331338395
119,40.52478087610617,21.32883204005588,59.187508911155064,29.86036485607823,23.994936045062865,30.926806458081025,14.930182428039116,43.190884881113156,13.330520025034925,43.190884881113156,69.851924931183,23.46171524406147,6.398649612016764,39.45833927410338,25.061377647065658,72.51802893618999,54.92174250314389,6.931870413018161,36.792235269096395,66.65260012517463,0.04436219078026459,0.04318357052624737,0.04071032256208552,0.04255166640851697,0.0421951753690914,0.04308214339402993,0.04196436802102775,0.04167165017371644,0.04339296013779086,0.04164645561979759,0.042018696006034535
120,43.286488763480776,20.097298354473217,41.740542736213605,37.618019996834484,20.097298354473217,28.342343833231457,21.643244381740388,40.709912051368825,7.729730136335852,40.709912051368825,51.01621889981662,30.918920545343408,10.306306848447804,42.771173421058386,29.372974518076237,49.47027287254946,50.50090355739424,5.668468766646292,27.827028490809067,46.89369616043751,0.045428770376033066,0.04612804508997735,0.042013653229450096,0.04428644648387357,0.04467918730191155,0.04331369797530532,0.042863852604100944,0.044073583344037125,0.04385139627615467,0.04375144394571805,0.044294580951048
121,43.286488763480776,20.097298354473217,41.740542736213605,37.618019996834484,20.097298354473217,28.342343833231457,21.643244381740388,40.709912051368825,7.729730136335852,40.709912051368825,51.01621889981662,30.918920545343408,10.306306848447804,42.771173421058386,29.372974518076237,49.47027287254946,50.50090355739424,5.668468766646292,27.827028490809067,46.89369616043751,0.045428770376033066,0.04612804508997735,0.042013653229450096,0.04428644648387357,0.04467918730191155,0.04331369797530532,0.042863852604100944,0.044073583344037125,0.04385139627615467,0.04375144394571805,0.044294580951048
122,43.31138249359369,20.10885615773993,41.76454740453678,37.124042137366025,20.10885615773993,28.358643299376823,21.655691246796845,41.24893570818447,7.734175445284588,39.70210061912755,51.04555793887828,30.936701781138353,10.312233927046117,42.79577079724139,29.389866692081434,49.49872284982136,51.04555793887828,5.671728659875365,27.843031603024517,47.43627606441214,0.04538636600911047,0.046131559409999655,0.04194351976737697,0.04424120120793529,0.04471311157773227,0.04320625343867349,0.04292193325886338,0.04406277396685321,0.04377336208802495,0.043636054787092905,0.044372168136031544
123,43.32668717012341,19.314306328850193,60.03095210318303,34.45254642443548,28.710455353696233,27.14443051622189,22.968364282956987,45.936728565913974,8.352132466529813,39.67262921601662,65.77304317392228,31.842505028644915,10.96217386232038,38.62861265770039,29.232463632854348,55.85488586991813,49.590786520020764,7.308115908213587,40.71664577433284,50.634803078336994,0.0444145081412076,0.04422123324479612,0.044189905732315786,0.04446131350451637,0.042904330306888804,0.042254592594277454,0.04324287917734932,0.04278565512976171,0.043888238953352886,0.0422947268059742,0.04333433725144636
124,43.346589289974,19.32317835818118,60.05852732948205,34.46837220648535,28.723643505404457,27.15689931420058,22.978914804323566,45.95782960864713,8.355969019754024,39.690852843831614,66.8477521580322,31.33488382407759,10.967209338427157,38.64635671636236,29.245891569139083,55.35829475587041,49.613566054789516,7.311472892284771,40.735348971300866,50.658062182258774,0.044498445364045874,0.04418676953218597,0.04420818946230275,0.04444076879589606,0.04274361230303278,0.04226977327797455,0.04333073304818758,0.0427475247806726,0.04385259866177216,0.04232561213758751,0.04314790890171573
125,41.40435105672758,22.294650569007157,61.044876557995785,29.72620075867621,23.887125609650525,30.787850785771788,15.924750406433683,43.52765111091873,11.147325284503578,42.46600108382316,70.06890178830821,22.294650569007157,6.369900162573473,40.87352604317979,24.948775636746102,67.94560173411705,55.736626422517894,6.900725176121263,37.15775094834526,65.2914766663781,0.044568882757298034,0.04339483012082166,0.04071551549550135,0.04266109921126588,0.04265342961485067,0.04329058385528741,0.04244267075844258,0.041687669126380354,0.04363255807774236,0.042179333113811474,0.041948414320808716
126,40.51742703271613,21.324961596166382,59.176768429361715,29.854946234632937,23.99058179568718,30.921194314441255,14.927473117316469,43.18304723223692,13.32810099760399,43.71617127214108,69.83924922744491,23.45745775578302,6.3974884788499145,39.45117895290781,25.589953915399658,71.97174538706155,54.37865207022428,6.930612518754074,36.78555875338701,66.64050498801994,0.04434815240993353,0.04327115213839679,0.040740866360428854,0.042497535447016226,0.04218164684343912,0.04303903937284802,0.041930736797675235,0.041762500145393365,0.043419830570708126,0.04164015952939642,0.0420443404806047
127,40.51742703271613,21.324961596166382,59.176768429361715,29.854946234632937,23.99058179568718,30.921194314441255,14.927473117316469,43.18304723223692,13.32810099760399,43.71617127214108,69.83924922744491,23.45745775578302,6.3974884788499145,39.45117895290781,25.589953915399658,71.97174538706155,54.37865207022428,6.930612518754074,36.78555875338701,66.64050498801994,0.04434815240993353,0.04327115213839679,0.040740866360428854,0.042497535447016226,0.04218164684343912,0.04303903937284802,0.041930736797675235,0.041762500145393365,0.043419830570708126,0.04164015952939642,0.0420443404806047
128,41.41107019881317,22.29826856859171,61.054782985429675,29.731024758122278,23.89100203777683,30.79284707091236,15.92733469185122,43.53471482439333,11.149134284295855,41.41107019881317,70.08027264414537,22.29826856859171,6.370933876740488,40.880159042418136,24.95282435056691,67.95662801856521,55.74567142147927,6.901845033135529,37.163780947652846,66.36389454938009,0.04456015651156215,0.04339689883555411,0.04069639414011553,0.04264908792890197,0.04264854009869598,0.04329886653007613,0.04244753299993215,0.04168559441323155,0.043623652270215384,0.0421629336283418,0.04191918624833257
129,41.41107019881317,22.29826856859171,61.054782985429675,29.731024758122278,23.89100203777683,30.79284707091236,15.92733469185122,43.53471482439333,11.149134284295855,41.41107019881317,70.08027264414537,22.29826856859171,6.370933876740488,40.880159042418136,24.95282435056691,67.95662801856521,55.74567142147927,6.901845033135529,37.163780947652846,66.36389454938009,0.04456015651156215,0.04339689883555411,0.04069639414011553,0.04264908792890197,0.04264854009869598,0.04329886653007613,0.04244753299993215,0.04168559441323155,0.043623652270215384,0.0421629336283418,0.04191918624833257
130,31.52936302089696,18.917617812538175,59.905789739704225,35.733278090349884,29.427405486170496,20.494085963583025,20.494085963583025,38.36072500875797,14.188213359403631,43.09012946189251,70.94106679701815,31.003873637215342,6.8313619878610075,46.768555147663825,26.799958567762417,81.45085447065048,45.192086996618976,8.407830138905856,37.309746241394734,45.71757638030059,0.042945757670109226,0.044425973596791596,0.04411660063413977,0.04423009554873126,0.04267531234348158,0.04314448942298515,0.04214624459025221,0.04200959201685127,0.043181619166906465,0.041772739494501665,0.043862191833633955
131,41.41426986875185,22.29999146778946,61.05950044751876,29.733321957052613,23.892848001202992,30.795226312661637,15.928565334135328,43.5380785799699,11.14999573389473,41.41426986875185,70.08568747019544,22.29999146778946,6.371426133654131,40.883317690947344,24.954752356812016,67.9618787589774,55.74997866947365,6.902378311458643,37.166652446315766,66.36902222556387,0.04455134912298207,0.04338842522050279,0.04071555514702594,0.04263535487646451,0.04263312808289453,0.043316946955435,0.042418914285951057,0.041676949756894885,0.043641147826308194,0.04215396005928897,0.04191609086174118
132,43.35051531974186,19.324928516029505,60.063967009280894,34.993789474972345,28.72624509139521,27.159358995500924,22.980996073116167,45.43969678093424,8.356725844769516,39.694447762655194,66.33151139285803,31.33772191788568,10.96820267125999,38.64985703205901,28.72624509139521,56.40789945219423,49.618059703319,7.3121351141733255,40.739038493251385,50.66265043391519,0.04443808545753325,0.044241313613324784,0.04412115127909575,0.04454880812443628,0.042725638610124114,0.04223672948825154,0.04322037193305187,0.04275396853113409,0.04380440821507128,0.042314518365184565,0.04329964108469772
133,40.879991226317685,22.29817703253692,61.054532350993945,29.730902710049225,23.89090396343241,30.792720663979555,15.927269308954942,44.065445088108675,10.618179539303295,41.941809180248015,70.07998495940174,22.29817703253692,6.370907723581976,40.34908224935252,24.95272191736274,67.95634905154108,56.27635155830746,6.901816700547141,37.16362838756153,66.36362212064559,0.044585412464386985,0.04334001897955976,0.040735541991011336,0.04269505936910342,0.04268087515358498,0.04342064496652963,0.04227976527609689,0.04176543269272266,0.043545267732312855,0.04220820680208193,0.04183479760744481
134,41.40971666395339,22.29753974212875,61.05278738916205,29.730052989504998,23.8902211522808,30.791840596273033,15.926814101520534,43.53329187748946,11.148769871064374,41.94061046733741,70.07798204669035,22.29753974212875,6.370725640608214,40.87882286056937,24.952008759048837,67.95440683315428,55.74384935532187,6.901619443992232,37.16256623688125,65.83083161961821,0.04456646309975756,0.04339767857545752,0.040706884353658344,0.04265638025489276,0.04263807569751336,0.043306150486464114,0.04243790070689587,0.04167598090803554,0.04363030227482716,0.04216067345683267,0.04192970680164734
135,43.89384756334115,19.334194760043122,58.52513008445486,35.010568889807814,28.21747343357645,27.17238182492547,21.946923781670574,48.074213997945066,7.838187064882347,40.23602693306272,64.27313393203525,31.35274825952939,11.496007695160776,38.145843715760755,30.30765665087841,58.52513008445486,48.596759802270554,7.315641260556857,40.23602693306272,51.209488823898,0.04418546934730183,0.0444949779702456,0.043831299246472374,0.04419030055151012,0.0429599353784926,0.04297941714487545,0.04295470051406058,0.04296305308222594,0.043775502564168456,0.04239357528249736,0.04272596459265999
136,43.3273353176268,19.314595262074594,60.0318501388805,34.97507790699994,28.710884849029803,27.14483658453727,22.446691791059664,45.415399670283506,8.352257410626851,39.673222700477545,66.29604319685063,32.36499746617905,10.962337851447742,38.10717443598501,29.232900937193982,55.85572143356707,49.59152837559693,7.3082252342984955,40.7172548768059,50.63556055192529,0.04441981939704995,0.044247145728265616,0.04402877835358031,0.04448776921973626,0.04293737238915617,0.04229295623918367,0.04326867044088746,0.04266857667239115,0.04392176680705628,0.04233034653803089,0.043380710050483925
137,43.253104947769096,19.802626361629223,59.929000831246334,34.915157006030476,28.140574303367845,27.098330810650516,22.929356839781207,45.33759193320375,8.337947941738621,39.605252723258445,66.1824617875503,31.78842652787849,10.943556673531939,38.04188748418245,29.18281779608517,55.760026860377025,49.50656590407306,7.295704449021293,40.64749621597578,50.54880939679039,0.044447949572092624,0.04442205685968935,0.044127475554632756,0.04466771982093193,0.04288651121037032,0.04240585301011452,0.043227525716929435,0.04271199273681934,0.04404135213300355,0.04239468101407712,0.0435451360126753
138,43.44682479657667,18.84440593586458,59.673952130237836,35.071533269525744,28.790064624237555,27.219697462915505,23.032051699390042,45.01719195789872,8.898747247491608,39.78263475349189,65.95542077552604,30.883887506000285,10.99257012925434,38.735723312610524,30.3604317855596,55.48630636671238,49.728293441864864,7.328380086169559,40.82954619437326,50.77520488274623,0.044268577937907,0.04413813392461577,0.04375213002793609,0.0443328856444601,0.04278199195039673,0.04233632793703834,0.04303458413691772,0.04261315461616652,0.04386550726741634,0.04220740655472689,0.043213579561735674
139,43.44682479657667,18.84440593586458,59.673952130237836,35.071533269525744,28.790064624237555,27.219697462915505,23.032051699390042,45.01719195789872,8.898747247491608,39.78263475349189,65.95542077552604,30.883887506000285,10.99257012925434,38.735723312610524,30.3604317855596,55.48630636671238,49.728293441864864,7.328380086169559,40.82954619437326,50.77520488274623,0.044268577937907,0.04413813392461577,0.04375213002793609,0.0443328856444601,0.04278199195039673,0.04233632793703834,0.04303458413691772,0.04261315461616652,0.04386550726741634,0.04220740655472689,0.043213579561735674
140,43.47780484712465,18.334014092161,59.716503043038685,35.09654126213677,28.810593573395856,27.239106651210626,23.048474858716684,45.04929176930988,8.905092559049628,39.81100202869246,66.0024507317796,31.42973844370457,11.000408455296599,38.76334408056897,30.382080495581086,55.52587125054474,49.76375253586557,7.3336056368644,40.85865997681594,50.81141048398906,0.04424752175514785,0.04406237945072313,0.04375192420624857,0.044333070741285036,0.04271447992875986,0.04232982303544479,0.04303001182390128,0.04257623837831725,0.04382557953481637,0.04214748137063136,0.04315251571298179
141,43.44682479657667,18.84440593586458,59.673952130237836,35.071533269525744,28.790064624237555,27.219697462915505,23.032051699390042,45.01719195789872,8.898747247491608,39.78263475349189,65.95542077552604,30.883887506000285,10.99257012925434,38.735723312610524,30.3604317855596,55.48630636671238,49.728293441864864,7.328380086169559,40.82954619437326,50.77520488274623,0.044268577937907,0.04413813392461577,0.04375213002793609,0.0443328856444601,0.04278199195039673,0.04233632793703834,0.04303458413691772,0.04261315461616652,0.04386550726741634,0.04220740655472689,0.043213579561735674
142,43.446377098427625,18.844211753534875,59.6733372195271,34.547721548147265,28.78976795678939,27.21941697732815,23.55526469191859,45.016728077888864,8.898655550280358,39.78222481301807,65.95474113737205,30.88356926273771,10.992456856228676,38.73532416004391,30.36011893625063,55.48573460763046,49.72778101627259,7.3283045708191175,40.82912546599223,50.774681669246746,0.04427104904767778,0.044128562503496366,0.043764276779566895,0.044352634549679804,0.04277241428946372,0.042334846669661676,0.04303265622550044,0.04260105283850023,0.04386687817725564,0.04220956615562615,0.04321573627649148
143,43.44759157232937,18.844738513299486,59.15154033341228,35.072152233085156,28.790572728651995,27.220177852543703,23.032458182921594,45.01798644843766,8.898904297946979,39.78333686141003,65.9565847965482,30.884432563463047,10.992764132758033,38.7364069440045,30.360967604760283,56.010750581195694,49.72917107676253,7.32850942183869,40.830266778815556,50.77610099416806,0.04422945494481088,0.044134559590325764,0.043753544694748736,0.04435953613839173,0.042776323771283056,0.04233771904259428,0.04306298773260429,0.04258618983394375,0.04384962294494082,0.04220909596600233,0.043236006637590765
144,43.44682479657667,18.84440593586458,59.673952130237836,35.071533269525744,28.790064624237555,27.219697462915505,23.032051699390042,45.01719195789872,8.898747247491608,39.78263475349189,65.95542077552604,30.883887506000285,10.99257012925434,38.735723312610524,30.3604317855596,55.48630636671238,49.728293441864864,7.328380086169559,40.82954619437326,50.77520488274623,0.044268577937907,0.04413813392461577,0.04375213002793609,0.0443328856444601,0.04278199195039673,0.04233632793703834,0.04303458413691772,0.04261315461616652,0.04386550726741634,0.04220740655472689,0.043213579561735674
145,43.91336695387541,19.34279258682607,58.55115593850054,35.02613792749586,28.752799791227947,26.66168707913864,23.002239832982358,44.95892330992006,8.887229026379547,40.25391970771913,65.87005043081311,30.321134325294924,10.978341738468853,38.68558517365214,30.321134325294924,55.41448687036659,50.18670509014333,7.318894492312568,40.77669788574145,50.70948326816565,0.0443020756183744,0.044160898542715495,0.043907879436944956,0.044313929163990955,0.04314389247989892,0.04228779167040034,0.04306967320906784,0.042781976078079896,0.04376492865413875,0.04225395627490512,0.043234820849157043
146,43.47780484712465,18.334014092161,59.716503043038685,35.09654126213677,28.810593573395856,27.239106651210626,23.048474858716684,45.04929176930988,8.905092559049628,39.81100202869246,66.0024507317796,31.42973844370457,11.000408455296599,38.76334408056897,30.382080495581086,55.52587125054474,49.76375253586557,7.3336056368644,40.85865997681594,50.81141048398906,0.04424752175514785,0.04406237945072313,0.04375192420624857,0.044333070741285036,0.04271447992875986,0.04232982303544479,0.04303001182390128,0.04257623837831725,0.04382557953481637,0.04214748137063136,0.04315251571298179
147,43.469664309107344,18.8543122304562,59.70532206311129,35.08996998446015,28.805199240974744,27.234006555103395,23.044159392779797,45.04085699497869,9.4271561152281,39.80354804207419,65.99009280659669,30.900122822136545,10.998348801099448,38.756086251493294,30.376391926846097,55.515474900787694,49.75443505259274,7.332232534066299,40.327278937364646,50.801896843173644,0.044261480153838365,0.04411341075312078,0.043721365445371425,0.04427914656402086,0.04274838721221403,0.04234171190961762,0.043016832619561025,0.042573857282821925,0.043890320214049566,0.042142640715855335,0.04317995183907911
148,43.44682479657667,18.84440593586458,59.673952130237836,35.071533269525744,28.790064624237555,27.219697462915505,23.032051699390042,45.01719195789872,8.898747247491608,39.78263475349189,65.95542077552604,30.883887506000285,10.99257012925434,38.735723312610524,30.3604317855596,55.48630636671238,49.728293441864864,7.328380086169559,40.82954619437326,50.77520488274623,0.044268577937907,0.04413813392461577,0.04375213002793609,0.0443328856444601,0.04278199195039673,0.04233632793703834,0.04303458413691772,0.04261315461616652,0.04386550726741634,0.04220740655472689,0.043213579561735674
149,43.44682479657667,18.84440593586458,59.673952130237836,35.071533269525744,28.790064624237555,27.219697462915505,23.032051699390042,45.01719195789872,8.898747247491608,39.78263475349189,65.95542077552604,30.883887506000285,10.99257012925434,38.735723312610524,30.3604317855596,55.48630636671238,49.728293441864864,7.328380086169559,40.82954619437326,50.77520488274623,0.044268577937907,0.04413813392461577,0.04375213002793609,0.0443328856444601,0.04278199195039673,0.04233632793703834,0.04303458413691772,0.04261315461616652,0.04386550726741634,0.04220740655472689,0.043213579561735674
150,43.44682479657667,18.84440593586458,59.673952130237836,35.071533269525744,28.790064624237555,27.219697462915505,23.032051699390042,45.01719195789872,8.898747247491608,39.78263475349189,65.95542077552604,30.883887506000285,10.99257012925434,38.735723312610524,30.3604317855596,55.48630636671238,49.728293441864864,7.328380086169559,40.82954619437326,50.77520488274623,0.044268577937907,0.04413813392461577,0.04375213002793609,0.0443328856444601,0.04278199195039673,0.04233632793703834,0.04303458413691772,0.04261315461616652,0.04386550726741634,0.04220740655472689,0.043213579561735674
151,43.444020604395945,18.843189659738,59.67010058917034,35.06926964451239,28.788206424599725,27.217940619621558,23.03056513967978,45.014286409374115,8.898172894876279,40.30348899443961,65.951163809083,30.881894164570614,10.991860634847168,38.73322318946145,30.35847222957789,55.48272510922856,49.20166188931589,7.327907089898112,40.82691092943234,50.77192769429406,0.04425930453916058,0.04414518468670112,0.043803868672989126,0.044354671059662926,0.042747195999928315,0.04232789287359121,0.04310042648500502,0.04260469323725451,0.04387262699484071,0.04216806834932663,0.04319413210881758
152,43.47780484712465,18.334014092161,59.716503043038685,35.09654126213677,28.810593573395856,27.239106651210626,23.048474858716684,45.04929176930988,8.905092559049628,39.81100202869246,66.0024507317796,31.42973844370457,11.000408455296599,38.76334408056897,30.382080495581086,55.52587125054474,49.76375253586557,7.3336056368644,40.85865997681594,50.81141048398906,0.04424752175514785,0.04406237945072313,0.04375192420624857,0.044333070741285036,0.04271447992875986,0.04232982303544479,0.04303001182390128,0.04257623837831725,0.04382557953481637,0.04214748137063136,0.04315251571298179
153,43.46251797309547,18.32756781998002,60.742796203362346,35.08420125539032,28.800463717111455,27.22952933254174,22.51672617883259,43.98616276795204,8.901961512561723,39.797004409099465,65.97924415192806,32.465977281107456,10.99654069198801,38.74971481938632,30.371398101681173,55.50634825479662,49.74625551137433,7.331027127992007,40.84429399881261,50.2699003062309,0.04425808101341402,0.04393428552317833,0.043797011288826716,0.0443329945137117,0.042705300660880574,0.04236126952551594,0.04302613891647458,0.042674731030643946,0.04381218286982794,0.042211829661259394,0.043241380139694904
154,43.42111613695342,18.833255191931606,60.16178741867041,34.52763451854128,28.773028765451063,27.203590832790095,23.018423012360852,45.513700047168044,8.893481618412148,39.75909429407783,65.91639317176062,31.38875865321934,10.986065528626769,38.71280233897052,30.34246669811203,55.453473620687504,49.17572189004363,7.32404368575118,40.80538624918515,50.22201384515095,0.04428342045785291,0.044142343828581884,0.0437906512084881,0.04423572960323611,0.04282001319262938,0.042375318240351366,0.04310802126210561,0.04269947895030303,0.0438856073635355,0.042291364721013976,0.04322207361824647
155,43.44682479657667,18.84440593586458,59.673952130237836,35.071533269525744,28.790064624237555,27.219697462915505,23.032051699390042,45.01719195789872,8.898747247491608,39.78263475349189,65.95542077552604,30.883887506000285,10.99257012925434,38.735723312610524,30.3604317855596,55.48630636671238,49.728293441864864,7.328380086169559,40.82954619437326,50.77520488274623,0.044268577937907,0.04413813392461577,0.04375213002793609,0.0443328856444601,0.04278199195039673,0.04233632793703834,0.04303458413691772,0.04261315461616652,0.04386550726741634,0.04220740655472689,0.043213579561735674
156,43.44682479657667,18.84440593586458,59.673952130237836,35.071533269525744,28.790064624237555,27.219697462915505,23.032051699390042,45.01719195789872,8.898747247491608,39.78263475349189,65.95542077552604,30.883887506000285,10.99257012925434,38.735723312610524,30.3604317855596,55.48630636671238,49.728293441864864,7.328380086169559,40.82954619437326,50.77520488274623,0.044268577937907,0.04413813392461577,0.04375213002793609,0.0443328856444601,0.04278199195039673,0.04233632793703834,0.04303458413691772,0.04261315461616652,0.04386550726741634,0.04220740655472689,0.043213579561735674
157,40.48819516124759,21.309576400656624,60.73229274187138,29.833406960919277,23.973273450738702,30.898885780952106,15.449442890476053,43.15189221132967,11.720267020361144,42.08641339129684,70.85434153218328,22.907794630705872,6.392872920196988,40.48819516124759,23.973273450738702,69.78886271215045,55.937638051723646,6.925612330213403,37.29175870114909,68.1906444821012,0.044489391095964184,0.04311942667384085,0.04081262133552128,0.042430935550736355,0.04239971356299189,0.04309732967406489,0.04219868991100498,0.041607195147759485,0.04329962570550423,0.04202341993428644,0.041782241391909884
158,42.87610803631072,19.34653655296947,59.608247757797834,35.03291754186364,28.75836514630597,27.189727047416554,23.00669211704478,44.967625501496606,9.4118285933365,39.73883183853189,65.35992078705902,30.84988261149186,10.980466692225916,38.69307310593894,30.32700324519539,55.42521282742605,50.19641916446133,7.320311128150611,40.26171120482836,50.719298530757804,0.04400124797601553,0.04423597531798629,0.04389729851010761,0.0444547034607679,0.04278593156613249,0.04253459717168679,0.04296864179628787,0.042705834695547784,0.044034750661028646,0.04225920092677703,0.04324245162118996
159,41.031351570099325,21.314987828623025,60.747715311575625,29.840982960072235,23.979361307200904,30.906732351503386,15.453366175751693,43.16285035296163,11.723243305742663,41.5642262658149,70.87233453017156,22.913611915769753,6.394496348586908,40.49847687438375,24.512236002916477,69.27371044302483,55.951843050135444,6.927371044302483,37.30122870009029,68.20796105159368,0.04445842405911121,0.04312294034930202,0.04078720118240071,0.04238848973463533,0.04240047830582029,0.043116660916837274,0.04217219229373823,0.041570215975004716,0.04331087917027005,0.04201470254117277,0.041783119756131734
160,41.031351570099325,21.314987828623025,60.747715311575625,29.840982960072235,23.979361307200904,30.906732351503386,15.453366175751693,43.16285035296163,11.723243305742663,41.5642262658149,70.87233453017156,22.913611915769753,6.394496348586908,40.49847687438375,24.512236002916477,69.27371044302483,55.951843050135444,6.927371044302483,37.30122870009029,68.20796105159368,0.04445842405911121,0.04312294034930202,0.04078720118240071,0.04238848973463533,0.04240047830582029,0.043116660916837274,0.04217219229373823,0.041570215975004716,0.04331087917027005,0.04201470254117277,0.041783119756131734
161,40.51742703271613,21.324961596166382,59.176768429361715,29.854946234632937,23.99058179568718,30.921194314441255,14.927473117316469,43.18304723223692,13.32810099760399,43.71617127214108,69.83924922744491,23.45745775578302,6.3974884788499145,39.45117895290781,25.589953915399658,71.97174538706155,54.37865207022428,6.930612518754074,36.78555875338701,66.64050498801994,0.04434815240993353,0.04327115213839679,0.040740866360428854,0.042497535447016226,0.04218164684343912,0.04303903937284802,0.041930736797675235,0.041762500145393365,0.043419830570708126,0.04164015952939642,0.0420443404806047
162,40.51742703271613,21.324961596166382,59.176768429361715,29.854946234632937,23.99058179568718,30.921194314441255,14.927473117316469,43.18304723223692,13.32810099760399,43.71617127214108,69.83924922744491,23.45745775578302,6.3974884788499145,39.45117895290781,25.589953915399658,71.97174538706155,54.37865207022428,6.930612518754074,36.78555875338701,66.64050498801994,0.04434815240993353,0.04327115213839679,0.040740866360428854,0.042497535447016226,0.04218164684343912,0.04303903937284802,0.041930736797675235,0.041762500145393365,0.043419830570708126,0.04164015952939642,0.0420443404806047
163,43.42637972712742,19.35874758920138,59.12266155620962,35.57823881258632,28.776516686650698,27.20688850374248,23.02121334932056,44.99600791003564,9.41776909744932,39.76391396700824,65.92438368214523,30.34614486955892,10.98739728035754,38.71749517840276,30.34614486955892,55.46019579609044,49.7048924587603,7.32493152023836,40.28712336131098,50.75131124736578,0.04427545120341788,0.044284886566921464,0.0438087793002508,0.04448862586157983,0.04249115646423636,0.042264423417680066,0.043123524444842166,0.04279037422352302,0.04422757684303976,0.04207699268261925,0.0429588146891495
164,40.98416220250891,21.290473871433203,60.677850533584625,29.806663420006483,23.951783105362352,30.87118711357814,15.43559355678907,43.645471436438065,11.709760629288262,42.04868589608057,70.7908256225154,22.88725941179069,6.387142161429961,40.98416220250891,24.48404495214818,68.12951638858624,55.887493912512156,6.919404008215791,37.2583292750081,67.06499269501458,0.04460249174510447,0.0431859885307003,0.040684381593434786,0.04262443995238071,0.042326088735025844,0.0430194555682238,0.0423583564538754,0.04172567288307926,0.04311937989506154,0.04228682318641211,0.04180507467087172
165,39.993210158202196,21.329712084374506,59.189951034139256,29.86159691812431,23.99592609492132,30.928082522343033,14.930798459062155,43.192666970858376,13.331070052734066,43.192666970858376,69.85480707632651,23.462683292811956,6.3989136253123515,39.45996735609283,25.595654501249406,71.98777828476396,54.39076581515499,6.932156427421714,36.79375334554602,67.72183586788906,0.044334522340461965,0.04326354758039815,0.04075730204541479,0.04248776116157409,0.042156719249295156,0.0430273645431165,0.041888170553302795,0.04176313684852747,0.04335989333448501,0.041676479215427914,0.042042301018633585
166,42.69170326566098,18.97409034029377,59.030503280913955,35.839948420554904,29.515251640456977,27.407019380424337,22.136438730342732,49.01640004575891,8.959987105138726,39.52935487561202,66.93637425603636,28.461135510440656,11.068219365171366,36.89406455057122,28.98819357544882,59.030503280913955,53.232864565824194,7.905870975122404,39.002296810603866,53.75992263083235,0.043799496534831436,0.04369294414147534,0.04370954921244179,0.043937146571137974,0.042063157885615585,0.04330495673967775,0.04324474664121597,0.04239911224041667,0.04379053668888254,0.041135892203609956,0.04186439613253479
167,31.491567368853744,18.894940421312246,60.358837456969674,35.165583561886685,29.392129544263494,20.469518789754932,20.469518789754932,38.31474029877206,14.171205315984185,41.98875649180499,69.28144821147824,31.491567368853744,6.823172929918312,47.76221050942818,26.767832263525683,81.87807515901973,44.613053772542806,8.397751298360998,37.78988084262449,46.18763214098549,0.04291895830125607,0.044405872001795715,0.04442407207604139,0.044432806548726195,0.04253388917784613,0.04278202882038321,0.04231535152261316,0.042329039796368255,0.04315893158944191,0.04203397510556472,0.04380561891240084
168,31.533670096784768,18.394640889791113,60.4395343521708,35.21259827474299,29.431425423665782,20.496885562910098,20.496885562910098,38.36596528442146,14.190151543553144,42.570454630659434,69.37407421292649,31.533670096784768,6.832295187636699,47.8260663134569,26.80361958226705,81.98754225164039,44.67269930377842,8.408978692475937,37.84040411614172,46.24938280861766,0.04277223509819815,0.044411907616854686,0.04431374039710754,0.04430926586393377,0.04266946307486007,0.04268622353511172,0.04215187226590377,0.04228447751778942,0.04315052573661692,0.042034447332658736,0.04365467328121921
169,31.51929512980188,18.911577077881127,60.41198233212027,35.19654622827876,29.418008787815086,20.48754183437122,20.48754183437122,38.34847574125895,14.183682808410845,42.02572683973584,69.86777087106083,31.51929512980188,6.8291806114570734,47.27894269470281,26.791400860331596,81.42484575198819,45.17765635271603,7.87982378245047,38.34847574125895,46.22829952370942,0.0428568141608999,0.04431542464723437,0.044340945757366496,0.04435579251539844,0.04253297214084478,0.04284126997380472,0.04239616477469723,0.042269885257037565,0.04302133509473519,0.041862547583210216,0.0438852625980731
170,31.51929512980188,18.911577077881127,60.41198233212027,35.19654622827876,29.418008787815086,20.48754183437122,20.48754183437122,38.34847574125895,14.183682808410845,42.02572683973584,69.86777087106083,31.51929512980188,6.8291806114570734,47.27894269470281,26.791400860331596,81.42484575198819,45.17765635271603,7.87982378245047,38.34847574125895,46.22829952370942,0.0428568141608999,0.04431542464723437,0.044340945757366496,0.04435579251539844,0.04253297214084478,0.04284126997380472,0.04239616477469723,0.042269885257037565,0.04302133509473519,0.041862547583210216,0.0438852625980731
171,32.52525173310689,19.410230872983146,60.32909595656923,35.67285673953659,29.37764672667719,20.459432541793046,19.934831707388096,38.29586091156134,13.639621694528698,42.49266758680094,69.77191097585833,31.47605006429699,6.819810847264349,46.68947426204054,26.754642554652445,81.31312933276723,45.11567175882569,8.393613350479198,37.77126007715639,45.11567175882569,0.04284494948782249,0.0444180171124949,0.044485312975644585,0.044398786920799294,0.04254594801312838,0.04290059068278015,0.04240641082305031,0.042341318684905864,0.04321755659298843,0.04197377050157656,0.04386650379985909
172,43.89250233820388,19.333602220399328,58.52333645093851,35.009495912615,28.21660864598821,27.171549066507165,21.94625116910194,48.07274065612806,7.837946846107837,40.23479381002023,65.83875350730582,31.351787384431347,11.495655374291493,37.622144861317615,29.78419801520978,57.47827687145747,49.11780023560911,7.3154170563673135,40.23479381002023,51.2079193945712,0.044112876697512175,0.04445620235877451,0.04381021158350504,0.04433080216222118,0.04284713091345724,0.042985455970054605,0.0430824228726707,0.04297086929896355,0.04367690379434653,0.04246011401521721,0.04273722059275484
173,31.520192317675537,18.912115390605322,60.413701942211446,35.19754808807102,29.418846163163835,20.4881250064891,20.4881250064891,38.34956731983857,14.184086542953992,42.02692309023405,69.34442309888618,31.520192317675537,6.829375002163033,47.280288476513306,26.792163470024207,81.9525000259564,45.1789423220016,7.880048079418884,38.34956731983857,46.229615399257455,0.04282503409507584,0.044334873819072196,0.044300699130855783,0.04432233112906358,0.04258995906693453,0.042902473113422865,0.04238359118224868,0.04222410490594323,0.043055501812458805,0.04183602438052354,0.04388886873647539
174,31.51929512980188,18.911577077881127,60.41198233212027,35.19654622827876,29.418008787815086,20.48754183437122,20.48754183437122,38.34847574125895,14.183682808410845,42.02572683973584,69.86777087106083,31.51929512980188,6.8291806114570734,47.27894269470281,26.791400860331596,81.42484575198819,45.17765635271603,7.87982378245047,38.34847574125895,46.22829952370942,0.0428568141608999,0.04431542464723437,0.044340945757366496,0.04435579251539844,0.04253297214084478,0.04284126997380472,0.04239616477469723,0.042269885257037565,0.04302133509473519,0.041862547583210216,0.0438852625980731
175,31.51929512980188,18.911577077881127,60.41198233212027,35.19654622827876,29.418008787815086,20.48754183437122,20.48754183437122,38.34847574125895,14.183682808410845,42.02572683973584,69.86777087106083,31.51929512980188,6.8291806114570734,47.27894269470281,26.791400860331596,81.42484575198819,45.17765635271603,7.87982378245047,38.34847574125895,46.22829952370942,0.0428568141608999,0.04431542464723437,0.044340945757366496,0.04435579251539844,0.04253297214084478,0.04284126997380472,0.04239616477469723,0.042269885257037565,0.04302133509473519,0.041862547583210216,0.0438852625980731
176,31.504967958372024,18.902980775023213,60.38452192021305,35.180547553515424,29.404636761147223,20.478229172941816,20.478229172941816,38.33104434935263,14.17723558126741,42.53170674380223,69.83601230772466,31.504967958372024,6.826076390980605,47.25745193755804,26.25413996531002,81.38783389246106,44.632037941027036,7.876241989593006,38.33104434935263,46.207286338945636,0.042889579186954525,0.044356700773643586,0.044224988810877455,0.04444580068248231,0.042562036871101036,0.04290646429424484,0.04245251998078103,0.042191822326270736,0.04313752636335906,0.04194905630645328,0.043800705097631724
177,43.90670104898813,19.33985641443525,58.019569243305746,35.02082107478815,28.748435210646992,26.657639922599937,21.953350524494066,47.04289398105872,8.88587997419998,40.24780929490579,64.81465392945867,31.36192932070581,11.499374084258797,38.6797128288705,30.31653167668228,57.496870421293984,49.133689269105766,7.317783508164689,40.24780929490579,51.22448455715282,0.04409577852596816,0.04438814025192172,0.04392570769457673,0.0441303375839187,0.042946358131721464,0.0429342588161138,0.04311596841074532,0.04300520580842744,0.04369968995365448,0.04230161180603308,0.0427581210051556
178,43.97634322191758,19.370532133463698,59.15865219138913,34.55284110293524,28.794034252446036,27.22345056594898,21.464643715459772,48.16456638590973,7.852918432485282,40.31164795342445,65.44098693737735,30.88814583444211,11.517613700978414,37.170480580430336,29.317562147945054,58.111596400391086,49.73515007240679,7.3293905369862635,40.83517584892347,51.82926165440286,0.044090626481867255,0.04451130668864268,0.043729623004071544,0.04404644172827077,0.04265514308933358,0.04284460977205478,0.04297233953921049,0.042913078599642274,0.04366687113107318,0.04238554029682094,0.04265652416999371
179,43.475424262249845,18.856810523385477,59.713233324054,34.570819292873374,28.809016077394475,27.237615200445685,23.571013154231846,45.04682513919864,9.428405261692738,39.808822216036006,65.99883683184916,30.380416954343264,10.999806138641528,38.76122163140348,30.380416954343264,56.04663127784016,49.237227477728744,7.3332040924276845,40.85642280066853,50.80862835467753,0.044275055348515426,0.04424741511170214,0.04374528415833557,0.04416538689887537,0.04259468858539344,0.042311344598531433,0.0430716072459478,0.04270164248267989,0.04405691980058293,0.04194529712451719,0.04308506632865553
180,41.031351570099325,21.314987828623025,60.747715311575625,29.840982960072235,23.979361307200904,30.906732351503386,15.453366175751693,43.16285035296163,11.723243305742663,41.5642262658149,70.87233453017156,22.913611915769753,6.394496348586908,40.49847687438375,24.512236002916477,69.27371044302483,55.951843050135444,6.927371044302483,37.30122870009029,68.20796105159368,0.04445842405911121,0.04312294034930202,0.04078720118240071,0.04238848973463533,0.04240047830582029,0.043116660916837274,0.04217219229373823,0.041570215975004716,0.04331087917027005,0.04201470254117277,0.041783119756131734
181,41.031351570099325,21.314987828623025,60.747715311575625,29.840982960072235,23.979361307200904,30.906732351503386,15.453366175751693,43.16285035296163,11.723243305742663,41.5642262658149,70.87233453017156,22.913611915769753,6.394496348586908,40.49847687438375,24.512236002916477,69.27371044302483,55.951843050135444,6.927371044302483,37.30122870009029,68.20796105159368,0.04445842405911121,0.04312294034930202,0.04078720118240071,0.04238848973463533,0.04240047830582029,0.043116660916837274,0.04217219229373823,0.041570215975004716,0.04331087917027005,0.04201470254117277,0.041783119756131734
182,41.031351570099325,21.314987828623025,60.747715311575625,29.840982960072235,23.979361307200904,30.906732351503386,15.453366175751693,43.16285035296163,11.723243305742663,41.5642262658149,70.87233453017156,22.913611915769753,6.394496348586908,40.49847687438375,24.512236002916477,69.27371044302483,55.951843050135444,6.927371044302483,37.30122870009029,68.20796105159368,0.04445842405911121,0.04312294034930202,0.04078720118240071,0.04238848973463533,0.04240047830582029,0.043116660916837274,0.04217219229373823,0.041570215975004716,0.04331087917027005,0.04201470254117277,0.041783119756131734
183,41.031351570099325,21.314987828623025,60.747715311575625,29.840982960072235,23.979361307200904,30.906732351503386,15.453366175751693,43.16285035296163,11.723243305742663,41.5642262658149,70.87233453017156,22.913611915769753,6.394496348586908,40.49847687438375,24.512236002916477,69.27371044302483,55.951843050135444,6.927371044302483,37.30122870009029,68.20796105159368,0.04445842405911121,0.04312294034930202,0.04078720118240071,0.04238848973463533,0.04240047830582029,0.043116660916837274,0.04217219229373823,0.041570215975004716,0.04331087917027005,0.04201470254117277,0.041783119756131734
184,41.031351570099325,21.314987828623025,60.747715311575625,29.840982960072235,23.979361307200904,30.906732351503386,15.453366175751693,43.16285035296163,11.723243305742663,41.5642262658149,70.87233453017156,22.913611915769753,6.394496348586908,40.49847687438375,24.512236002916477,69.27371044302483,55.951843050135444,6.927371044302483,37.30122870009029,68.20796105159368,0.04445842405911121,0.04312294034930202,0.04078720118240071,0.04238848973463533,0.04240047830582029,0.043116660916837274,0.04217219229373823,0.041570215975004716,0.04331087917027005,0.04201470254117277,0.041783119756131734
185,43.43375538840127,18.83873727689694,58.60940486145714,35.06098326533597,28.258105915345407,27.211509399962246,22.50182508073801,48.14343970762551,8.372772123065307,39.7706675845602,66.45887872683086,31.397895461494898,11.512561669214795,37.15417629610229,30.351298946111733,56.516211830690814,49.713334480700254,7.326175607682143,40.817264099943365,51.283229253775,0.04408183402819677,0.04434629392598978,0.04369663322898525,0.044232246976396605,0.042628667931205275,0.04319095528744427,0.04304088083139874,0.042821464552500715,0.04366357241207794,0.04216005379718255,0.042839139337040366
186,41.031351570099325,21.314987828623025,60.747715311575625,29.840982960072235,23.979361307200904,30.906732351503386,15.453366175751693,43.16285035296163,11.723243305742663,41.5642262658149,70.87233453017156,22.913611915769753,6.394496348586908,40.49847687438375,24.512236002916477,69.27371044302483,55.951843050135444,6.927371044302483,37.30122870009029,68.20796105159368,0.04445842405911121,0.04312294034930202,0.04078720118240071,0.04238848973463533,0.04240047830582029,0.043116660916837274,0.04217219229373823,0.041570215975004716,0.04331087917027005,0.04201470254117277,0.041783119756131734
187,41.031351570099325,21.314987828623025,60.747715311575625,29.840982960072235,23.979361307200904,30.906732351503386,15.453366175751693,43.16285035296163,11.723243305742663,41.5642262658149,70.87233453017156,22.913611915769753,6.394496348586908,40.49847687438375,24.512236002916477,69.27371044302483,55.951843050135444,6.927371044302483,37.30122870009029,68.20796105159368,0.04445842405911121,0.04312294034930202,0.04078720118240071,0.04238848973463533,0.04240047830582029,0.043116660916837274,0.04217219229373823,0.041570215975004716,0.04331087917027005,0.04201470254117277,0.041783119756131734
188,44.490933392608646,19.366641594429645,60.19361576647052,35.06932396829152,28.78825101874677,26.694560035565186,21.46033257761123,47.63146986738102,7.851341186930937,40.30355142624548,64.90442047862908,30.881942001928355,11.515300407498708,38.209860443063896,29.83509651033756,57.57650203749354,48.67831535897181,7.327918441135542,39.78012868045008,52.342274579539584,0.04398348318151587,0.04454890829586397,0.043765769583621106,0.044037824559250725,0.042837377776390344,0.04309427721868117,0.0429713599283687,0.0429080926479984,0.04359391166442807,0.04221165732647426,0.042624592022011513
189,43.48809667903371,18.862306993315826,59.73063881216678,35.1048491264489,28.81741346201029,27.245554545900635,23.05393076960823,45.05995559514336,9.431153496657913,39.820425874777854,66.01807447660539,30.91322535015649,11.003012412767564,38.77251993070475,30.38927237811994,56.58692097994747,49.25157937143577,7.33534160851171,39.820425874777854,50.823438287545414,0.04432651562730527,0.04428471662742702,0.043741861061644675,0.04415375902593769,0.04263013732976721,0.04231066294759977,0.04305411990207324,0.04264932805863319,0.04404879260309016,0.04186702716650913,0.04298010761346191
190,43.38598766580131,19.34074148957408,59.59039269760662,35.022423778417924,28.749750862880386,27.181582633996,22.477077947342845,47.04504686653154,8.886286630344847,39.726928465071076,67.43123384202855,31.363364577687694,10.977177602190693,38.68148297914816,31.363364577687694,55.40861075391492,48.09049235245446,7.318118401460461,40.24965120803254,50.70410606726177,0.04450147609529084,0.0441000874401721,0.04415985461844027,0.044037879631556885,0.04273990815815814,0.04248922877023361,0.043514842766129574,0.04312639448231076,0.04370082266894601,0.04196698119620243,0.042939781211097934
191,43.479411245686386,18.858539817406143,59.718709421786116,35.09783799350588,28.811658054370493,27.24011306958665,23.049326443496394,45.05095623047023,9.429269908703072,39.81247294785741,66.52873768918278,30.907051367415622,11.000814893486917,38.24092796307357,30.38320303915434,56.051771123957145,49.241742856560485,7.333876595657944,40.336321276118696,50.81328784134433,0.044308722234051745,0.04422668460547188,0.04374681434997823,0.04414042207600633,0.0425945474234625,0.0422933906560964,0.043059332284937926,0.042730894159779646,0.04407100040162416,0.041933746179510505,0.043046117367799064
192,43.52212385239316,18.877065767303055,59.253011991812365,35.65667978268355,28.839961588935225,27.266872774993303,23.071969271148177,45.09521266633508,9.962895821632168,39.85158328652867,66.06973018556069,29.888687464896503,11.01162169759345,38.80285741056739,30.413050402877143,56.10683436392853,49.81447910816084,7.3410811317289655,40.37594622450931,50.86320498412212,0.04417602280615205,0.044069891438115405,0.0436677632020045,0.04427986065651703,0.04252952080340441,0.04232314543445135,0.043063207890309034,0.042546735577239335,0.04410482452480972,0.041967082184983746,0.042909007501372984
193,43.47149324953557,19.378858436539954,60.231587032489045,34.56769342734154,28.806411189451282,27.235152397299395,23.045128951561026,45.04275204168746,9.951305683628625,39.8052227345145,65.9928692703793,29.853917050885876,10.998811545063218,38.75771687307991,30.37766998160317,55.51781065603338,49.75652841814313,7.332541030042145,40.328975665231795,50.80403427957772,0.04387049376842498,0.04422583734559335,0.04380351375546902,0.04450828108369711,0.042592398328917924,0.04238410982789143,0.04304201691692115,0.042654704848355235,0.04409187115577039,0.04203377377473161,0.04304006847693182
194,43.36387814230137,19.330885436929524,58.515112673948835,33.43720724225648,28.212643610653902,27.167730884333388,22.46562361589107,48.065985410743686,7.314389084243604,39.706683600179566,65.82950175819244,31.347381789615447,11.494039989525664,37.61685814753854,28.735099973814158,57.470199947628316,49.633354500224456,7.314389084243604,40.75159632650008,52.245636316025745,0.04429131683571985,0.044506350648290324,0.04378233332327712,0.044462223534428504,0.04287704639528838,0.04310933063805741,0.043170342649546056,0.04272032509104785,0.04352193864932984,0.04243760619321332,0.04266482288154398
195,43.5252836986821,18.87843630304284,59.78171495963566,35.134867563996394,28.842055462982117,27.268852437728544,23.073644370385693,45.09848672393567,9.963619159939276,40.378877648174964,66.5989280690678,29.89085747981783,11.012421176774989,38.805674622921394,30.415258488235686,55.5865068922928,49.293694791278526,7.341614117849993,40.378877648174964,50.866897816532095,0.04425143164573861,0.044032671819990515,0.04366967901280281,0.044260684346084815,0.04249438155090454,0.04228565324133254,0.043022231965050936,0.04255980989334365,0.04406590375049403,0.04199472437866192,0.04296181997773907
196,43.55314458047807,18.890520540930247,59.81998171294578,35.15735767339796,29.385254174780385,27.28630744801036,23.0884139944703,44.60261794386308,9.969996952157631,39.879987808630524,66.64155857494838,29.90999085647289,11.019470315542645,38.830514445245505,30.434727538165397,55.62208825940573,49.84998476078815,7.346313543695096,40.40472449032303,50.899458124173165,0.044253713412439014,0.04397531278732946,0.043581961492130956,0.04424245437908842,0.04242769572590311,0.042297655315136795,0.04307635844115473,0.04246605390920325,0.04403339080923626,0.04195572245688491,0.042952999578986246
197,43.89466560776558,19.334555089134838,58.526220810354104,34.48866583467296,28.217999319277872,27.172888233378693,21.94733280388279,48.59766549431189,7.838333144243853,40.759332350068036,65.84199841164836,31.35333257697541,11.496221944890985,37.6239990923705,29.785665948126642,58.003665267404514,48.59766549431189,7.315777601294263,39.714221264168856,51.21044320905984,0.04415298845396694,0.04449526424259498,0.043674893740750814,0.044275403271590234,0.04284742869301449,0.04292765108151659,0.043099067364715055,0.042999123584670236,0.04365886836437709,0.04242004920510289,0.04289371904811039
198,43.01392349694508,18.884161535244186,60.324404904252255,35.14552285726001,29.37536238815762,27.27712221757493,23.080641876409558,44.5876036248821,8.91752072497642,39.34200319842538,67.14368545864599,30.424482473448965,11.015760895559108,38.29288311313404,29.89992243080329,57.701604691023896,49.30864400869315,7.343840597039405,40.39112328371673,50.88232413663016,0.04415535509283786,0.044075424197888444,0.043425854612133816,0.04423013014861392,0.04247894652831993,0.042365386615631107,0.04305999224761379,0.0425964971133946,0.043978239306482404,0.04194527819360063,0.04312885329781172
199,43.97245596955672,19.368819891352363,59.676904530112694,35.07326845190833,28.791489027685948,27.22104417163035,21.46274636609316,47.63682730035311,7.852224280277985,40.30808463876033,65.43520233564988,30.885415502426742,11.51659561107438,38.21415816401953,29.838452265056347,58.10645967405709,49.207272156408706,7.328742661592787,40.30808463876033,50.77771701246431,0.04389574684673932,0.044431293808902476,0.043796721752890524,0.044117966627477606,0.04285939376762648,0.042921942965634424,0.04295278751356039,0.04292967148162619,0.04361499906027321,0.04227725534631507,0.04272060214375539
200,43.889803179927206,19.332413305444124,58.51973757323627,35.00734301256098,28.214873472810346,27.169878159002554,21.944901589963603,48.06978443515837,7.837464853558429,40.23231958159994,66.3572024267947,31.349859414233716,11.494948451885696,37.61983129708046,29.259868786618135,57.47474225942848,49.11477974896616,7.314967196654534,40.23231958159994,51.204770376581735,0.04413040870123788,0.04444975050239625,0.04377284125405442,0.04435801473122524,0.04290357611557948,0.04302325583805025,0.043115011519946046,0.042942192563259304,0.043656712829699136,0.04241227419091676,0.04273830484973999
201,43.46901095902738,18.854028849698622,60.22814771431505,34.56571955778081,28.281043274547937,27.233597227342457,23.04381303852054,45.56390305343834,9.95073744845205,39.27922677020547,65.98910097394518,30.899658392561633,10.99818349565753,38.75550374660273,30.375935368958892,56.56208654909587,49.229964218657514,7.332122330438353,40.326672817410945,50.80113328946574,0.04390636431808197,0.044284377456540465,0.0438926854584956,0.04441587403678884,0.04256158360730676,0.04257986396631673,0.04287291173184854,0.04279496576246202,0.04428913132224008,0.04186682111633601,0.042812397620843434
202,45.401899591976175,22.440019338562937,40.18329044347316,34.442820380119855,21.918158423712637,37.57398586922166,24.00560208311384,47.48934325137738,9.915357382155715,38.09584678407196,63.1451706968864,26.614906657365342,10.959079211856318,37.05212495437136,32.35537672071865,70.45122350479062,48.01120416622768,5.218609148503009,40.18329044347316,50.62050874047918,0.04467345675629186,0.04562703815277878,0.04129712187468761,0.04281663572016271,0.044010483502079055,0.0434619349081135,0.04201169622972199,0.04169221813456629,0.04396355849638901,0.044838286056480645,0.043746655318427724
203,43.483969390945944,18.86051684426571,60.24887325251546,35.10151746016118,28.290775266398565,27.24296877505047,23.05174280965809,45.055679127968084,8.906355176458808,39.29274342555356,67.05961544627807,30.386388249094754,11.001968159154996,38.76884017987951,29.33858175774666,57.62935702414522,49.24690509336047,7.334645439436665,40.34054991690166,50.81861483038261,0.04419719494031708,0.04421304542229561,0.04352371560990262,0.04427113743457774,0.04260668248720632,0.04232323261215347,0.0431174536154973,0.0426442281602332,0.044054758059854204,0.04200469230791935,0.04314061367599558
204,41.848373930302074,19.354872942764707,60.157037524809226,34.52490849249921,28.770757077082674,27.201443054696348,23.01660566166614,44.987001975074726,8.89277946018919,39.232850559658196,66.95739828848332,30.340071099469004,11.50830283083307,38.709745885529415,29.816966425340226,55.97220013177902,49.17183936810493,7.323465437802863,40.80216458204452,51.78736273874881,0.04427526712184992,0.044337727622384505,0.043226521179384365,0.04470185256397289,0.04259509102645453,0.04233595537510427,0.043264282281804727,0.042706415537022695,0.04401035384547988,0.04221676638879792,0.04322509292896837
205,42.942956987324145,18.85300550663011,60.22487870173508,34.56384342882187,28.279508259945167,27.232119065132384,23.042562285881246,45.03773537694971,9.950197350721448,39.2770948054794,66.50921387061177,30.897981246977125,10.997586545534231,38.753400208073,29.85059205216434,56.559016519890335,49.750986753607236,7.331724363689488,40.32448400029218,50.79837594842002,0.04390306498978274,0.04435495605019269,0.0437922426560424,0.04436698632169451,0.04256732609492778,0.04250497412103082,0.042982255408154854,0.04273821562123436,0.044252111449513055,0.04189983743906806,0.04294343244196675
206,42.99545700713408,18.876054295814964,60.2985067782978,35.13043438387785,28.83841628527286,27.265411760621614,23.07073302821829,45.092796373335744,8.913692306357065,39.32511311628117,67.1148597184532,30.411420809924106,11.011031672558728,38.27644343318034,29.88708596837369,57.67683257054572,49.28747510573907,7.340687781705818,40.373782799382006,50.860479630390316,0.04416514203946056,0.04412827198298201,0.04343996462304965,0.04422926437351446,0.042507233244266175,0.04233315440747804,0.04313499591023698,0.04260729810630057,0.043997915363320435,0.04197665990728076,0.043145258491694816
207,43.467711385532,18.85346517926689,60.2263471004359,34.5646861619893,28.280197768900337,27.232783036718843,23.043124107992867,45.56254084989499,9.426732589633446,39.27805245680602,66.51083549352487,30.89873459935407,10.997854687905686,38.754345090715276,30.375027233263324,56.56039553780067,49.228492412530215,7.331903125270458,40.32546718898752,50.799614510802456,0.04388297776868442,0.044264411135066704,0.04384349004205862,0.044458252996956805,0.042571946242835855,0.04258094888801275,0.042920389864168976,0.042825081090120364,0.04427433053817739,0.04185094933501391,0.04281985600815716
208,43.46901095902738,18.854028849698622,60.22814771431505,34.56571955778081,28.281043274547937,27.233597227342457,23.04381303852054,45.56390305343834,9.95073744845205,39.27922677020547,65.98910097394518,30.899658392561633,10.99818349565753,38.75550374660273,30.375935368958892,56.56208654909587,49.229964218657514,7.332122330438353,40.326672817410945,50.80113328946574,0.04390636431808197,0.044284377456540465,0.0438926854584956,0.04441587403678884,0.04256158360730676,0.04257986396631673,0.04287291173184854,0.04279496576246202,0.04428913132224008,0.04186682111633601,0.042812397620843434
209,43.46901095902738,18.854028849698622,60.22814771431505,34.56571955778081,28.281043274547937,27.233597227342457,23.04381303852054,45.56390305343834,9.95073744845205,39.27922677020547,65.98910097394518,30.899658392561633,10.99818349565753,38.75550374660273,30.375935368958892,56.56208654909587,49.229964218657514,7.332122330438353,40.326672817410945,50.80113328946574,0.04390636431808197,0.044284377456540465,0.0438926854584956,0.04441587403678884,0.04256158360730676,0.04257986396631673,0.04287291173184854,0.04279496576246202,0.04428913132224008,0.04186682111633601,0.042812397620843434
210,43.454169134049046,18.84759143163573,60.207583739947474,34.55391762466551,28.271387147453595,27.224298734584945,23.035945083110338,45.02480175335202,9.94733992225219,39.26581548257444,66.49011421715939,30.889108179625225,10.994428335120842,38.742271276140116,29.84201976675657,56.54277429490719,49.21315540482663,7.329618890080562,40.31290389544309,50.783788024129606,0.04390941740559999,0.0443376968998446,0.04381229924651751,0.04441897823621928,0.042588875457061935,0.042494662205598464,0.04300129601183557,0.04275988280071426,0.04427091735981663,0.041890673512709496,0.042971094429756385
211,45.857756426591855,22.928878213295928,40.125536873267876,34.39331731994389,21.886656476327932,37.519982530847884,23.971099950263927,47.942199900527854,10.422217369679968,38.041093399331885,62.533304218079806,26.576654292683916,10.943328238163966,36.99887166236388,32.3088738460079,69.82885637685578,47.942199900527854,5.211108684839984,39.604426004783875,50.026643374463845,0.04481591651504185,0.04573859557836287,0.04124119872882247,0.04279825945337196,0.044028782517991034,0.043353113962563895,0.042057438392793335,0.0418402791915326,0.04409043710893535,0.04491365145327332,0.04401145861331291
212,45.857756426591855,22.928878213295928,40.125536873267876,34.39331731994389,21.886656476327932,37.519982530847884,23.971099950263927,47.942199900527854,10.422217369679968,38.041093399331885,62.533304218079806,26.576654292683916,10.943328238163966,36.99887166236388,32.3088738460079,69.82885637685578,47.942199900527854,5.211108684839984,39.604426004783875,50.026643374463845,0.04481591651504185,0.04573859557836287,0.04124119872882247,0.04279825945337196,0.044028782517991034,0.043353113962563895,0.042057438392793335,0.0418402791915326,0.04409043710893535,0.04491365145327332,0.04401145861331291
213,45.78425142952898,23.412401299190954,40.06122000083786,33.81791298772027,21.851574545911557,36.93956649427906,23.93267688361742,48.38562935166131,10.405511688529314,37.98011766313199,62.43307013117588,26.53405480574975,10.925787272955779,36.93956649427906,32.25708623444087,69.7169283131464,47.86535376723484,5.202755844264657,39.54094441641139,49.94645610494071,0.044885166375757915,0.045961246753116275,0.04117815804999665,0.042971135432941045,0.04407733036495809,0.043435734393529685,0.04222016604305063,0.041907643630988804,0.044077612427209936,0.04505309588678509,0.04395712621520026
214,43.51391824290093,18.873506707764257,60.29036864980249,35.12569303945015,28.834524136862058,27.261731911215037,23.067619309489647,45.08671046854795,8.912489278666454,39.319805641175535,67.10580162760624,30.407316362509082,11.00954557952915,38.27127749074419,29.883052287293406,57.14478419850845,49.280823070273335,7.339697053019433,40.36833379160688,50.853615295920356,0.044150713601626396,0.04413563677277726,0.043469976873132296,0.0442764252524497,0.0425507376442564,0.04232328089940479,0.04312637258361126,0.04259303601457265,0.04401749662749593,0.041970713821608496,0.04312153469339107
215,43.46901095902738,18.854028849698622,60.22814771431505,34.56571955778081,28.281043274547937,27.233597227342457,23.04381303852054,45.56390305343834,9.95073744845205,39.27922677020547,65.98910097394518,30.899658392561633,10.99818349565753,38.75550374660273,30.375935368958892,56.56208654909587,49.229964218657514,7.332122330438353,40.326672817410945,50.80113328946574,0.04390636431808197,0.044284377456540465,0.0438926854584956,0.04441587403678884,0.04256158360730676,0.04257986396631673,0.04287291173184854,0.04279496576246202,0.04428913132224008,0.04186682111633601,0.042812397620843434
216,43.51391824290093,18.873506707764257,60.29036864980249,35.12569303945015,28.834524136862058,27.261731911215037,23.067619309489647,45.08671046854795,8.912489278666454,39.319805641175535,67.10580162760624,30.407316362509082,11.00954557952915,38.27127749074419,29.883052287293406,57.14478419850845,49.280823070273335,7.339697053019433,40.36833379160688,50.853615295920356,0.044150713601626396,0.04413563677277726,0.043469976873132296,0.0442764252524497,0.0425507376442564,0.04232328089940479,0.04312637258361126,0.04259303601457265,0.04401749662749593,0.041970713821608496,0.04312153469339107
217,43.46901095902738,18.854028849698622,60.22814771431505,34.56571955778081,28.281043274547937,27.233597227342457,23.04381303852054,45.56390305343834,9.95073744845205,39.27922677020547,65.98910097394518,30.899658392561633,10.99818349565753,38.75550374660273,30.375935368958892,56.56208654909587,49.229964218657514,7.332122330438353,40.326672817410945,50.80113328946574,0.04390636431808197,0.044284377456540465,0.0438926854584956,0.04441587403678884,0.04256158360730676,0.04257986396631673,0.04287291173184854,0.04279496576246202,0.04428913132224008,0.04186682111633601,0.042812397620843434
218,43.46753458399751,18.85338849426398,60.226102134454386,34.5645455728173,28.280082741395972,27.23267226949242,23.0430303818782,45.56235552780462,9.950399483083768,39.2778926963833,65.98685972992394,30.89860892115486,10.997809954987323,38.75418746043152,29.851198449251303,57.083870718743725,49.22829217946706,7.3318733033248815,40.32530316828685,50.799407887322396,0.043903206292018486,0.04428308878563786,0.043899115721978646,0.04440950258394312,0.04256224045094454,0.04257550962697345,0.042889733591787334,0.0427992392406839,0.04428114367858348,0.04186935102688175,0.04282263304879023
219,43.45320541540024,18.847173433185645,60.206248467120815,34.55315129417369,28.270760149778468,27.223694959045933,23.03543419611579,45.54733579686531,9.94711931195909,39.2649446524701,66.48863961151604,30.88842312660981,10.994184502691628,38.74141205710383,29.841357935877273,56.541520299556936,49.21206396442919,7.329456335127752,40.31200984320263,50.78266175052799,0.043921500122595075,0.04430229109673001,0.04390176239196559,0.04447586760782524,0.04258144187297963,0.04263002599033262,0.04284268002667301,0.042792286600665606,0.04433355491460206,0.04189027375273509,0.04279572025662817
220,43.51391824290093,18.873506707764257,60.29036864980249,35.12569303945015,28.834524136862058,27.261731911215037,23.067619309489647,45.08671046854795,8.912489278666454,39.319805641175535,67.10580162760624,30.407316362509082,11.00954557952915,38.27127749074419,29.883052287293406,57.14478419850845,49.280823070273335,7.339697053019433,40.36833379160688,50.853615295920356,0.044150713601626396,0.04413563677277726,0.043469976873132296,0.0442764252524497,0.0425507376442564,0.04232328089940479,0.04312637258361126,0.04259303601457265,0.04401749662749593,0.041970713821608496,0.04312153469339107
221,43.46901095902738,18.854028849698622,60.22814771431505,34.56571955778081,28.281043274547937,27.233597227342457,23.04381303852054,45.56390305343834,9.95073744845205,39.27922677020547,65.98910097394518,30.899658392561633,10.99818349565753,38.75550374660273,30.375935368958892,56.56208654909587,49.229964218657514,7.332122330438353,40.326672817410945,50.80113328946574,0.04390636431808197,0.044284377456540465,0.0438926854584956,0.04441587403678884,0.04256158360730676,0.04257986396631673,0.04287291173184854,0.04279496576246202,0.04428913132224008,0.04186682111633601,0.042812397620843434
222,45.84271564449896,22.92135782224948,40.11237618893659,34.382036733374214,21.879477921238138,36.98673648590257,23.963237723260818,47.926475446521636,10.939738960619069,38.02861638691391,61.99185411017473,26.56793747578917,10.939738960619069,37.50767643640824,32.29827693135154,69.80595336775977,47.926475446521636,5.2093995050567,39.591436238430916,50.01023524854432,0.044811893401673096,0.045773419705017936,0.04128136137585205,0.04284332054937664,0.044038742556043925,0.043359472242278735,0.04205075837057444,0.0418581243383161,0.04409293280390136,0.04492849655609177,0.04402152759520397
223,45.84271564449896,22.92135782224948,40.11237618893659,34.382036733374214,21.879477921238138,36.98673648590257,23.963237723260818,47.926475446521636,10.939738960619069,38.02861638691391,61.99185411017473,26.56793747578917,10.939738960619069,37.50767643640824,32.29827693135154,69.80595336775977,47.926475446521636,5.2093995050567,39.591436238430916,50.01023524854432,0.044811893401673096,0.045773419705017936,0.04128136137585205,0.04284332054937664,0.044038742556043925,0.043359472242278735,0.04205075837057444,0.0418581243383161,0.04409293280390136,0.04492849655609177,0.04402152759520397
224,45.84271564449896,22.92135782224948,40.11237618893659,34.382036733374214,21.879477921238138,36.98673648590257,23.963237723260818,47.926475446521636,10.939738960619069,38.02861638691391,61.99185411017473,26.56793747578917,10.939738960619069,37.50767643640824,32.29827693135154,69.80595336775977,47.926475446521636,5.2093995050567,39.591436238430916,50.01023524854432,0.044811893401673096,0.045773419705017936,0.04128136137585205,0.04284332054937664,0.044038742556043925,0.043359472242278735,0.04205075837057444,0.0418581243383161,0.04409293280390136,0.04492849655609177,0.04402152759520397
225,45.78425142952898,23.412401299190954,40.06122000083786,33.81791298772027,21.851574545911557,36.93956649427906,23.93267688361742,48.38562935166131,10.405511688529314,37.98011766313199,62.43307013117588,26.53405480574975,10.925787272955779,36.93956649427906,32.25708623444087,69.7169283131464,47.86535376723484,5.202755844264657,39.54094441641139,49.94645610494071,0.044885166375757915,0.045961246753116275,0.04117815804999665,0.042971135432941045,0.04407733036495809,0.043435734393529685,0.04222016604305063,0.041907643630988804,0.044077612427209936,0.04505309588678509,0.04395712621520026
226,46.30608474020591,23.413188913587256,40.06256769658264,34.339343739927976,21.85230965268144,36.940809174771005,23.933482000555863,47.866964001111725,10.405861739372114,37.98139534870822,62.43517043623269,26.53494743539889,10.92615482634072,36.940809174771005,32.258171392053555,69.71927365379317,47.866964001111725,5.202930869686057,39.54227460961403,49.42784326201755,0.04489352748566581,0.045865073514090825,0.04121203450109249,0.04278452424500131,0.044141750619211696,0.0434944182920591,0.04215415804696589,0.04192392382498351,0.04415449186532363,0.045013848498569785,0.04406916213843036
227,43.480777332687715,18.859132337069372,59.72058573405301,35.09894073843466,28.812563292744873,27.240968931322424,23.050050634195898,45.052371694110164,8.90570138139387,39.28985903556119,67.05469275402443,30.38415765416732,11.001160529957133,38.76599424842038,29.33642807988569,57.625126585489745,49.24328999123669,7.334107019971422,40.337588609842825,50.81488435265914,0.044127453493115074,0.04422756484012572,0.043490069517850054,0.044361832440789464,0.042527128269253305,0.04241628979673531,0.043192018254425694,0.042710707412325896,0.04399583711977277,0.04199641468204635,0.0430898970327446
228,45.84892541858568,22.92446270929284,40.11780974126247,34.38669406393926,21.882441677052256,36.99174664454072,23.966483741533423,47.93296748306685,10.420210322405836,38.0337676767813,62.521261934435024,26.571536322134882,10.941220838526128,36.99174664454072,32.30265199945809,69.8154091601191,47.93296748306685,5.210105161202918,39.59679922514218,50.017009547548014,0.04474630576357263,0.04571945602174717,0.04120476047699207,0.042885163816933636,0.04400664819740982,0.04345544127300592,0.04205389205603113,0.04193574126431704,0.04400986074106177,0.044954739565936534,0.04401747470270042
229,45.790008281723225,23.415345144063014,40.066257246507824,34.34250621129242,21.854322134458812,36.94421122729942,23.935686147264413,47.871372294528825,10.406820064028006,37.98489323370222,62.44092038416804,26.537391163271415,10.927161067229406,36.94421122729942,32.261142198486816,69.72569442898764,47.871372294528825,5.203410032014003,39.54591624330642,49.952736307334426,0.04485062167116031,0.04588668918333206,0.04123245814763748,0.04279671754560629,0.04414208102137767,0.04347673683798428,0.04211711212493472,0.04193122759926905,0.04417343568706613,0.04502630667033222,0.044025610309899516
230,45.790008281723225,23.415345144063014,40.066257246507824,34.34250621129242,21.854322134458812,36.94421122729942,23.935686147264413,47.871372294528825,10.406820064028006,37.98489323370222,62.44092038416804,26.537391163271415,10.927161067229406,36.94421122729942,32.261142198486816,69.72569442898764,47.871372294528825,5.203410032014003,39.54591624330642,49.952736307334426,0.04485062167116031,0.04588668918333206,0.04123245814763748,0.04279671754560629,0.04414208102137767,0.04347673683798428,0.04211711212493472,0.04193122759926905,0.04417343568706613,0.04502630667033222,0.044025610309899516
231,45.78478647418772,23.41267490157327,40.581969829393664,34.33858985564079,21.85182990813505,36.93999817803782,23.932956566052674,47.86591313210535,10.405633289588119,37.98056150699663,62.43379973752871,26.5343648884497,10.925914954067524,36.93999817803782,32.25746319772317,69.197461375761,47.86591313210535,5.202816644794059,39.54140650043485,49.94703979002297,0.04486079048225975,0.04589862950970124,0.04124341609626339,0.042802521780832894,0.04418137848697434,0.04347791670121401,0.04212954612018405,0.04188142658160964,0.044170167435252344,0.04505083058487235,0.04402171174143016
232,44.03089573365311,18.870383885851332,60.28039296869176,35.11988112088998,28.829753158939535,27.257221168451927,23.06380252715163,45.079250393978185,8.911014612763129,39.313299762190276,67.09469826080475,30.402285149427147,11.007723933413278,38.2649451018652,29.353930489102073,57.65950631787907,49.27266903527848,7.338482622275518,40.36165442251535,50.32102369560356,0.04417235867808183,0.044107908751329035,0.04345744964917868,0.04427002347575375,0.04254424130015822,0.04234249785781376,0.043117333451974584,0.04263957701327179,0.044018905013903833,0.042002675189218346,0.04314969945677913
233,45.85714094627387,22.928570473136936,40.12499832798964,34.3928557097054,21.886362724357983,36.99837508165278,23.97077822191589,47.94155644383178,10.943181362178992,38.04058283043174,62.5324649267371,26.576297593863266,10.943181362178992,36.99837508165278,32.3084402121475,69.82791916818977,47.94155644383178,5.2110387438947585,39.60389445360016,50.02597194138968,0.044810218902101275,0.045729267044193674,0.04125294708801407,0.04281451917800507,0.044028891677743195,0.0433438782337681,0.04206181629556819,0.041825135203439466,0.04409884466972183,0.04491375134319861,0.04401685597477086
234,45.792525286396284,23.416632248725374,40.06845962559675,34.34439396479721,21.85552343214368,36.425872386906136,23.937001854252603,47.87400370850521,10.92776171607184,37.98698120348783,62.444352663267665,26.538849881888755,10.92776171607184,36.946241992433364,32.26291554268829,69.72952714064888,47.87400370850521,5.203696055272305,39.548090020069516,49.95548213061413,0.04484488814380909,0.04588990905598708,0.04121058103632796,0.04278690418067133,0.0441630034732986,0.04346589916923864,0.042128938420818766,0.04192224101459054,0.044185389169367754,0.04501747340197161,0.0440151674066882
235,45.792525286396284,23.416632248725374,40.06845962559675,34.34439396479721,21.85552343214368,36.425872386906136,23.937001854252603,47.87400370850521,10.92776171607184,37.98698120348783,62.444352663267665,26.538849881888755,10.92776171607184,36.946241992433364,32.26291554268829,69.72952714064888,47.87400370850521,5.203696055272305,39.548090020069516,49.95548213061413,0.04484488814380909,0.04588990905598708,0.04121058103632796,0.04278690418067133,0.0441630034732986,0.04346589916923864,0.042128938420818766,0.04192224101459054,0.044185389169367754,0.04501747340197161,0.0440151674066882
236,45.27475493252453,23.417976689236827,39.55036063071109,34.346365810880684,21.856778243287707,36.42796373881284,23.93837617121987,47.87675234243974,10.928389121643853,37.989162184761966,62.44793783796487,26.54037358113507,10.928389121643853,36.94836322079588,32.26476788294852,70.25393006771048,47.87675234243974,5.203994819830406,39.55036063071109,49.9583502703719,0.04483610390643717,0.04587481028754037,0.04120860548266981,0.04282066260473284,0.04413596925351482,0.043493358417753064,0.04215576272732624,0.04196517718493746,0.04409035696687805,0.044984179097984286,0.044035532087185164
237,45.792525286396284,23.416632248725374,40.06845962559675,34.34439396479721,21.85552343214368,36.425872386906136,23.937001854252603,47.87400370850521,10.92776171607184,37.98698120348783,62.444352663267665,26.538849881888755,10.92776171607184,36.946241992433364,32.26291554268829,69.72952714064888,47.87400370850521,5.203696055272305,39.548090020069516,49.95548213061413,0.04484488814380909,0.04588990905598708,0.04121058103632796,0.04278690418067133,0.0441630034732986,0.04346589916923864,0.042128938420818766,0.04192224101459054,0.044185389169367754,0.04501747340197161,0.0440151674066882
238,45.792525286396284,23.416632248725374,40.06845962559675,34.34439396479721,21.85552343214368,36.425872386906136,23.937001854252603,47.87400370850521,10.92776171607184,37.98698120348783,62.444352663267665,26.538849881888755,10.92776171607184,36.946241992433364,32.26291554268829,69.72952714064888,47.87400370850521,5.203696055272305,39.548090020069516,49.95548213061413,0.04484488814380909,0.04588990905598708,0.04121058103632796,0.04278690418067133,0.0441630034732986,0.04346589916923864,0.042128938420818766,0.04192224101459054,0.044185389169367754,0.04501747340197161,0.0440151674066882
239,45.792525286396284,23.416632248725374,40.06845962559675,34.34439396479721,21.85552343214368,36.425872386906136,23.937001854252603,47.87400370850521,10.92776171607184,37.98698120348783,62.444352663267665,26.538849881888755,10.92776171607184,36.946241992433364,32.26291554268829,69.72952714064888,47.87400370850521,5.203696055272305,39.548090020069516,49.95548213061413,0.04484488814380909,0.04588990905598708,0.04121058103632796,0.04278690418067133,0.0441630034732986,0.04346589916923864,0.042128938420818766,0.04192224101459054,0.044185389169367754,0.04501747340197161,0.0440151674066882
240,45.25424517282805,23.407368192842096,39.532444059022204,34.330806682835075,21.846876979985954,36.411461633309926,23.92753193046081,47.85506386092162,10.923438489992977,37.97195284616606,62.41964851424559,26.528350618554374,10.923438489992977,36.931625370928636,32.25015173236022,70.22210457852628,47.85506386092162,5.201637376187132,40.05260779664092,49.93571881139647,0.044896387030369016,0.04591173400564895,0.04131365343829342,0.04288197115746363,0.04410954992574293,0.04349619597868809,0.04210839361120754,0.04194337804624133,0.044108963194556323,0.045034790114701774,0.0440312458783737
241,45.29648060665841,23.42921410689228,40.089988582904574,34.36284735677535,21.86726649976613,36.445444166276886,23.42921410689228,47.89972661853533,10.933633249883066,38.007391773403036,62.47790428504609,26.553109321144586,10.933633249883066,36.96609336865227,32.28025054727381,70.28764232067685,47.89972661853533,5.206492023753841,39.569339380529186,49.98232342803687,0.04482872077757937,0.045837778000845736,0.041241099344646245,0.04275538975546814,0.04408939966101197,0.04357211069553365,0.042071407151875115,0.04192538734654093,0.04418927129884659,0.04490383710077416,0.043936396491494084
242,44.24059688094089,23.42149246638047,40.07677599802881,33.83104467366068,21.86005963528844,36.433432725480735,23.42149246638047,47.36346254312495,10.40955220728021,37.47438794620876,61.936835633317244,25.503402907836513,10.93002981764422,36.433432725480735,31.74913423220464,69.22352217841339,46.32250732239693,5.204776103640105,39.035820777300785,48.404417763852976,0.045064204800137043,0.04611484745301824,0.04121330271107044,0.04300040826197455,0.0441560933029744,0.04339010894939746,0.04192352234835417,0.041889941164681206,0.04403678809750573,0.04476404082777975,0.04396913171909656
243,45.28030017940703,23.420844920382947,40.07566797487749,34.35057254989499,21.859455259024084,36.432425431706804,23.9413081408359,47.8826162816718,10.929727629512042,37.99381509306567,62.455586454354524,26.543624243100673,10.929727629512042,36.952888652159764,32.26871966808317,70.26253476114884,47.8826162816718,5.204632204529544,39.55520475442453,49.96446916348362,0.044835945707138,0.04586973351640812,0.04124222581587484,0.04282186339930782,0.04414273401676404,0.04347730705424333,0.04214043711428433,0.04191594990593484,0.044141586936013964,0.04495751612747384,0.043991479953602544
244,45.792525286396284,23.416632248725374,40.06845962559675,34.34439396479721,21.85552343214368,36.425872386906136,23.937001854252603,47.87400370850521,10.92776171607184,37.98698120348783,62.444352663267665,26.538849881888755,10.92776171607184,36.946241992433364,32.26291554268829,69.72952714064888,47.87400370850521,5.203696055272305,39.548090020069516,49.95548213061413,0.04484488814380909,0.04588990905598708,0.04121058103632796,0.04278690418067133,0.0441630034732986,0.04346589916923864,0.042128938420818766,0.04192224101459054,0.044185389169367754,0.04501747340197161,0.0440151674066882
245,45.792525286396284,23.416632248725374,40.06845962559675,34.34439396479721,21.85552343214368,36.425872386906136,23.937001854252603,47.87400370850521,10.92776171607184,37.98698120348783,62.444352663267665,26.538849881888755,10.92776171607184,36.946241992433364,32.26291554268829,69.72952714064888,47.87400370850521,5.203696055272305,39.548090020069516,49.95548213061413,0.04484488814380909,0.04588990905598708,0.04121058103632796,0.04278690418067133,0.0441630034732986,0.04346589916923864,0.042128938420818766,0.04192224101459054,0.044185389169367754,0.04501747340197161,0.0440151674066882
246,45.792525286396284,23.416632248725374,40.06845962559675,34.34439396479721,21.85552343214368,36.425872386906136,23.937001854252603,47.87400370850521,10.92776171607184,37.98698120348783,62.444352663267665,26.538849881888755,10.92776171607184,36.946241992433364,32.26291554268829,69.72952714064888,47.87400370850521,5.203696055272305,39.548090020069516,49.95548213061413,0.04484488814380909,0.04588990905598708,0.04121058103632796,0.04278690418067133,0.0441630034732986,0.04346589916923864,0.042128938420818766,0.04192224101459054,0.044185389169367754,0.04501747340197161,0.0440151674066882
247,45.77368549078927,23.40699826233542,40.05197480444061,34.330264118091954,21.846531711513062,36.93104170279589,23.92715377927621,47.85430755855242,10.403110338815743,38.49150825361825,62.41866203289446,26.527931363980144,10.923265855756531,36.93104170279589,32.2496420503288,69.70083927006549,47.33415204161163,5.201555169407872,39.53181928749982,49.934929626315565,0.044879146523477076,0.04588529542808112,0.041285294962896284,0.042745103227848726,0.04414651499365484,0.04352892199252541,0.04216434307417964,0.04192175397804307,0.04419546961819654,0.04508843197247111,0.044004207287839034
248,45.792525286396284,23.416632248725374,40.06845962559675,34.34439396479721,21.85552343214368,36.425872386906136,23.937001854252603,47.87400370850521,10.92776171607184,37.98698120348783,62.444352663267665,26.538849881888755,10.92776171607184,36.946241992433364,32.26291554268829,69.72952714064888,47.87400370850521,5.203696055272305,39.548090020069516,49.95548213061413,0.04484488814380909,0.04588990905598708,0.04121058103632796,0.04278690418067133,0.0441630034732986,0.04346589916923864,0.042128938420818766,0.04192224101459054,0.044185389169367754,0.04501747340197161,0.0440151674066882
249,45.792525286396284,23.416632248725374,40.06845962559675,34.34439396479721,21.85552343214368,36.425872386906136,23.937001854252603,47.87400370850521,10.92776171607184,37.98698120348783,62.444352663267665,26.538849881888755,10.92776171607184,36.946241992433364,32.26291554268829,69.72952714064888,47.87400370850521,5.203696055272305,39.548090020069516,49.95548213061413,0.04484488814380909,0.04588990905598708,0.04121058103632796,0.04278690418067133,0.0441630034732986,0.04346589916923864,0.042128938420818766,0.04192224101459054,0.044185389169367754,0.04501747340197161,0.0440151674066882
250,45.792525286396284,23.416632248725374,40.06845962559675,34.34439396479721,21.85552343214368,36.425872386906136,23.937001854252603,47.87400370850521,10.92776171607184,37.98698120348783,62.444352663267665,26.538849881888755,10.92776171607184,36.946241992433364,32.26291554268829,69.72952714064888,47.87400370850521,5.203696055272305,39.548090020069516,49.95548213061413,0.04484488814380909,0.04588990905598708,0.04121058103632796,0.04278690418067133,0.0441630034732986,0.04346589916923864,0.042128938420818766,0.04192224101459054,0.044185389169367754,0.04501747340197161,0.0440151674066882
251,45.28051312530479,23.420955064812823,40.07585644423528,34.350734095058804,21.859558060491967,36.432596767486615,23.941420732919774,47.88284146583955,10.929779030245983,37.99399377180747,62.45588017283419,26.54374907345453,10.929779030245983,36.953062435593566,32.268871422631,70.26286519443848,47.88284146583955,5.204656681069516,39.55539077612833,49.96470413826736,0.04483848844897542,0.04587692840735817,0.041231852571051074,0.042784025641247315,0.04412093172514657,0.043459546186901996,0.04209879345702439,0.041929017023200184,0.04414413581920653,0.045040681771354674,0.04400993084158196
252,45.79529000129278,23.418046023388353,40.07087875113118,33.826066478227624,21.856842955162463,36.9484726146794,23.938447046130317,47.876894092260635,10.408020454839269,37.98927466016333,62.44812272903561,26.540452159840132,10.928421477581232,36.9484726146794,32.26486341000173,69.73373704742309,47.876894092260635,5.2040102274196345,40.07087875113118,49.958498183228485,0.04492429926119359,0.04588429939740802,0.04121698780856338,0.042874546531009215,0.044190379455493624,0.043429561920528076,0.04206974160545208,0.04199401335893754,0.04411819177773857,0.04499686931303666,0.043900086828675876
253,45.85714094627387,22.928570473136936,40.12499832798964,34.3928557097054,21.886362724357983,36.99837508165278,23.97077822191589,47.94155644383178,10.943181362178992,38.04058283043174,62.5324649267371,26.576297593863266,10.943181362178992,36.99837508165278,32.3084402121475,69.82791916818977,47.94155644383178,5.2110387438947585,39.60389445360016,50.02597194138968,0.044810218902101275,0.045729267044193674,0.04125294708801407,0.04281451917800507,0.044028891677743195,0.0433438782337681,0.04206181629556819,0.041825135203439466,0.04409884466972183,0.04491375134319861,0.04401685597477086
254,45.86635634135639,22.933178170678197,40.133061798686846,34.3997672560173,21.890760981101916,37.52701882474614,23.45438676546634,47.95119072050896,10.945380490550958,38.048227419534285,62.5450313745769,26.581638334195183,10.945380490550958,37.005810229958,32.31493287686473,69.84195170161088,47.95119072050896,5.212085947881408,39.611853203898704,50.03602509966152,0.04477160511281521,0.045731674068450516,0.041236672303173814,0.042808181393150055,0.04403137967044033,0.043285244989188745,0.04206162141871771,0.04184757084789791,0.04408224284262955,0.044897294318312346,0.044037918247082954
255,45.83136485212858,22.91568242606429,40.10244424561251,34.37352363909644,21.874060497606823,36.9775784602401,23.95730435452176,47.91460870904352,10.937030248803412,38.01920038869758,62.49731570744807,26.56135917566543,10.937030248803412,37.49838942446884,32.2902797821815,69.26785824242161,47.91460870904352,5.208109642287339,39.58163328138377,49.99785256595845,0.04485439653329466,0.04581629440804113,0.041279461494559334,0.04288781411087989,0.04404843401341093,0.04333410681238509,0.041903068746366484,0.04186748110740303,0.04417249021369046,0.04502162740102171,0.044003860930213454
256,45.25509304928542,23.40780674963039,40.05335821603422,34.3314498994579,21.84728629965503,36.9323173160835,23.92798023295551,47.85596046591102,10.403469666502394,37.97266428273374,62.42081799901437,26.528847649581106,10.923643149827514,37.45249079940862,32.25075596615742,70.22342024889116,47.85596046591102,5.201734833251197,39.5331847327091,49.416480915886375,0.04488832154259206,0.045878693990422235,0.04127447299767804,0.042774803045540384,0.04418018146172154,0.043492476605329476,0.04212363722496541,0.04193329949538863,0.04423221371291523,0.04503009082816015,0.04401832577016712
257,45.25509304928542,23.40780674963039,40.05335821603422,34.3314498994579,21.84728629965503,36.9323173160835,23.92798023295551,47.85596046591102,10.403469666502394,37.97266428273374,62.42081799901437,26.528847649581106,10.923643149827514,37.45249079940862,32.25075596615742,70.22342024889116,47.85596046591102,5.201734833251197,39.5331847327091,49.416480915886375,0.04488832154259206,0.045878693990422235,0.04127447299767804,0.042774803045540384,0.04418018146172154,0.043492476605329476,0.04212363722496541,0.04193329949538863,0.04423221371291523,0.04503009082816015,0.04401832577016712
258,44.76134119421732,23.421632020229996,40.077014790171326,34.35172696300399,21.860189885547996,36.954130520807325,23.94211273179066,47.88422546358132,10.40961423121333,37.99509194392866,62.45768538727999,26.544516289593993,10.930094942773998,36.954130520807325,32.790284828321994,69.74441534912931,47.88422546358132,5.204807115606665,39.55653407861066,50.48662902138466,0.044848798485976435,0.045865980958425444,0.04123730845406059,0.042761710868200846,0.04413280609961668,0.04346356384778566,0.0420968930734319,0.04193433538339546,0.04410355448722201,0.045026858295163154,0.044047478486055294
259,45.79529000129278,23.418046023388353,40.07087875113118,33.826066478227624,21.856842955162463,36.9484726146794,23.938447046130317,47.876894092260635,10.408020454839269,37.98927466016333,62.44812272903561,26.540452159840132,10.928421477581232,36.9484726146794,32.26486341000173,69.73373704742309,47.876894092260635,5.2040102274196345,40.07087875113118,49.958498183228485,0.04492429926119359,0.04588429939740802,0.04121698780856338,0.042874546531009215,0.044190379455493624,0.043429561920528076,0.04206974160545208,0.04199401335893754,0.04411819177773857,0.04499686931303666,0.043900086828675876
260,45.790008281723225,23.415345144063014,40.066257246507824,34.34250621129242,21.854322134458812,36.94421122729942,23.935686147264413,47.871372294528825,10.406820064028006,37.98489323370222,62.44092038416804,26.537391163271415,10.927161067229406,36.94421122729942,32.261142198486816,69.72569442898764,47.871372294528825,5.203410032014003,39.54591624330642,49.952736307334426,0.04485062167116031,0.04588668918333206,0.04123245814763748,0.04279671754560629,0.04414208102137767,0.04347673683798428,0.04211711212493472,0.04193122759926905,0.04417343568706613,0.04502630667033222,0.044025610309899516
261,45.79529000129278,23.418046023388353,40.07087875113118,33.826066478227624,21.856842955162463,36.9484726146794,23.938447046130317,47.876894092260635,10.408020454839269,37.98927466016333,62.44812272903561,26.540452159840132,10.928421477581232,36.9484726146794,32.26486341000173,69.73373704742309,47.876894092260635,5.2040102274196345,40.07087875113118,49.958498183228485,0.04492429926119359,0.04588429939740802,0.04121698780856338,0.042874546531009215,0.044190379455493624,0.043429561920528076,0.04206974160545208,0.04199401335893754,0.04411819177773857,0.04499686931303666,0.043900086828675876
262,45.763461529670764,23.40177010039982,40.043028838461915,34.32259614725307,21.8416520937065,36.92279282507527,23.92180943596426,47.84361887192852,10.40078671128881,37.96287149620415,62.404720267732856,26.522006113786464,10.92082604685325,37.44283216063971,32.24243880499531,69.16523163007058,47.84361887192852,5.200393355644405,39.522989502897474,49.92377621418628,0.04491999721886061,0.0459232347784605,0.041295512413628575,0.042737888299183874,0.044238720400446754,0.043533207680873126,0.04210909900300264,0.041930198983521245,0.044153535391409766,0.04505527202459165,0.04406399824158084
263,45.763461529670764,23.40177010039982,40.043028838461915,34.32259614725307,21.8416520937065,36.92279282507527,23.92180943596426,47.84361887192852,10.40078671128881,37.96287149620415,62.404720267732856,26.522006113786464,10.92082604685325,37.44283216063971,32.24243880499531,69.16523163007058,47.84361887192852,5.200393355644405,39.522989502897474,49.92377621418628,0.04491999721886061,0.0459232347784605,0.041295512413628575,0.042737888299183874,0.044238720400446754,0.043533207680873126,0.04210909900300264,0.041930198983521245,0.044153535391409766,0.04505527202459165,0.04406399824158084
264,45.275163471939095,23.418188002727117,40.07112169355529,34.34667573733311,21.856975469211974,36.948696626525006,23.938592180565497,47.87718436113099,10.408083556767608,38.509909160040145,62.448501340605645,26.5406130697574,10.928487734605987,36.948696626525006,32.78546320381796,70.25456400818135,47.356780183292614,5.204041778383804,39.55071751571691,49.43839689464613,0.04483506936102304,0.045878300971862324,0.04125065279161754,0.04280245486763602,0.044164683641531276,0.04348146795839978,0.042130654738694505,0.04191996635172442,0.04418129363488632,0.044965584426502635,0.04398569341774192
265,45.85714094627387,22.928570473136936,40.12499832798964,34.3928557097054,21.886362724357983,36.99837508165278,23.97077822191589,47.94155644383178,10.943181362178992,38.04058283043174,62.5324649267371,26.576297593863266,10.943181362178992,36.99837508165278,32.3084402121475,69.82791916818977,47.94155644383178,5.2110387438947585,39.60389445360016,50.02597194138968,0.044810218902101275,0.045729267044193674,0.04125294708801407,0.04281451917800507,0.044028891677743195,0.0433438782337681,0.04206181629556819,0.041825135203439466,0.04409884466972183,0.04491375134319861,0.04401685597477086
266,45.85714094627387,22.928570473136936,40.12499832798964,34.3928557097054,21.886362724357983,36.99837508165278,23.97077822191589,47.94155644383178,10.943181362178992,38.04058283043174,62.5324649267371,26.576297593863266,10.943181362178992,36.99837508165278,32.3084402121475,69.82791916818977,47.94155644383178,5.2110387438947585,39.60389445360016,50.02597194138968,0.044810218902101275,0.045729267044193674,0.04125294708801407,0.04281451917800507,0.044028891677743195,0.0433438782337681,0.04206181629556819,0.041825135203439466,0.04409884466972183,0.04491375134319861,0.04401685597477086
267,45.275163471939095,23.418188002727117,40.07112169355529,34.34667573733311,21.856975469211974,36.948696626525006,23.938592180565497,47.87718436113099,10.408083556767608,38.509909160040145,62.448501340605645,26.5406130697574,10.928487734605987,36.948696626525006,32.78546320381796,70.25456400818135,47.356780183292614,5.204041778383804,39.55071751571691,49.43839689464613,0.04483506936102304,0.045878300971862324,0.04125065279161754,0.04280245486763602,0.044164683641531276,0.04348146795839978,0.042130654738694505,0.04191996635172442,0.04418129363488632,0.044965584426502635,0.04398569341774192
268,45.275163471939095,23.418188002727117,40.07112169355529,34.34667573733311,21.856975469211974,36.948696626525006,23.938592180565497,47.87718436113099,10.408083556767608,38.509909160040145,62.448501340605645,26.5406130697574,10.928487734605987,36.948696626525006,32.78546320381796,70.25456400818135,47.356780183292614,5.204041778383804,39.55071751571691,49.43839689464613,0.04483506936102304,0.045878300971862324,0.04125065279161754,0.04280245486763602,0.044164683641531276,0.04348146795839978,0.042130654738694505,0.04191996635172442,0.04418129363488632,0.044965584426502635,0.04398569341774192
269,44.74100199879912,23.410989417976285,40.05880411520386,34.33611781303188,21.8502567901112,36.93733885947369,23.931233627264646,47.86246725452929,10.404884185767237,38.49807148733878,62.94954932389179,26.532454673706454,10.9251283950556,37.457583068762055,32.25514097587843,70.23296825392886,47.86246725452929,5.202442092883619,39.538559905915506,48.902955673106014,0.0448987615309009,0.0459033770382477,0.041234731660202466,0.04279926198177021,0.044168940645399626,0.04353070549032719,0.042096935460517675,0.04197302901488896,0.044205382846094175,0.04497779431064467,0.043966870732644485
270,45.795793575908434,23.418303533134996,40.07131937891988,34.34684518193133,21.857083297592663,36.948878907835216,23.418303533134996,47.87742055663155,10.408134903615554,37.98969239819677,62.44880942169332,26.54074400421966,10.928541648796331,36.948878907835216,32.265218201208214,69.73450385422422,47.87742055663155,5.204067451807777,40.07131937891988,49.95904753735466,0.044927321358585244,0.045888436330119,0.041210387056496454,0.042862459603107465,0.04419862125110156,0.04343043448852043,0.04208299597813643,0.041982994588562327,0.04411665990079609,0.04499443605915689,0.04389850820464042
271,45.259481724188085,23.41007675389039,40.057242445545775,34.334779239039236,21.849404970297698,36.93589887836039,23.93030068175462,47.86060136350924,10.404478557284618,37.97634673408886,62.4268713437077,26.531420321075775,10.924702485148849,37.45612280622462,32.25388352758232,70.23023026167117,47.86060136350924,5.202239278642309,39.537018517681545,49.421273147101935,0.044875519488550314,0.04590919134548322,0.04127756751441292,0.04286126804646571,0.04415803999161989,0.0434963372210953,0.04213833259460464,0.041894485727804257,0.044190335331478175,0.04497072390682937,0.044004270967425305
272,45.259481724188085,23.41007675389039,40.057242445545775,34.334779239039236,21.849404970297698,36.93589887836039,23.93030068175462,47.86060136350924,10.404478557284618,37.97634673408886,62.4268713437077,26.531420321075775,10.924702485148849,37.45612280622462,32.25388352758232,70.23023026167117,47.86060136350924,5.202239278642309,39.537018517681545,49.421273147101935,0.044875519488550314,0.04590919134548322,0.04127756751441292,0.04286126804646571,0.04415803999161989,0.0434963372210953,0.04213833259460464,0.041894485727804257,0.044190335331478175,0.04497072390682937,0.044004270967425305
273,45.731980615187084,23.90535350339325,40.0154830382887,34.298985461390316,21.826627111793837,36.37771185298973,23.90535350339325,47.8107070067865,10.393631957997064,37.93675664668929,62.36179174798239,26.503761492892515,10.913313555896918,36.89739345088958,32.2202590697909,69.63733411858033,47.8107070067865,5.196815978998532,39.495801440388846,49.88943339838591,0.04494339097685319,0.04605407962808183,0.041228330269054994,0.04291357561123733,0.04427729995941983,0.04357398187749183,0.04221270350979913,0.04193967387991752,0.04423292496796389,0.04499714035147619,0.04394530106885113
274,45.281091092514636,23.42125401336964,40.596840289840706,33.830700241533926,21.859837079144995,36.95353410998321,23.941726324777854,47.88345264955571,10.409446228164285,37.994478732799635,62.45667736898571,26.544087881818925,10.929918539572498,37.47400642139142,32.26928330730928,70.26376204010892,47.88345264955571,5.204723114082142,39.55589566702428,49.44486958378035,0.044847903255660085,0.045931948037633605,0.04124222398472633,0.042822544064875366,0.044130157335847874,0.04346756776024632,0.04209421950896132,0.041831596951641306,0.044191915030523006,0.04494282447713508,0.044024788184535486
275,45.259481724188085,23.41007675389039,40.057242445545775,34.334779239039236,21.849404970297698,36.93589887836039,23.93030068175462,47.86060136350924,10.404478557284618,37.97634673408886,62.4268713437077,26.531420321075775,10.924702485148849,37.45612280622462,32.25388352758232,70.23023026167117,47.86060136350924,5.202239278642309,39.537018517681545,49.421273147101935,0.044875519488550314,0.04590919134548322,0.04127756751441292,0.04286126804646571,0.04415803999161989,0.0434963372210953,0.04213833259460464,0.041894485727804257,0.044190335331478175,0.04497072390682937,0.044004270967425305
276,45.259481724188085,23.41007675389039,40.057242445545775,34.334779239039236,21.849404970297698,36.93589887836039,23.93030068175462,47.86060136350924,10.404478557284618,37.97634673408886,62.4268713437077,26.531420321075775,10.924702485148849,37.45612280622462,32.25388352758232,70.23023026167117,47.86060136350924,5.202239278642309,39.537018517681545,49.421273147101935,0.044875519488550314,0.04590919134548322,0.04127756751441292,0.04286126804646571,0.04415803999161989,0.0434963372210953,0.04213833259460464,0.041894485727804257,0.044190335331478175,0.04497072390682937,0.044004270967425305
277,45.259481724188085,23.41007675389039,40.057242445545775,34.334779239039236,21.849404970297698,36.93589887836039,23.93030068175462,47.86060136350924,10.404478557284618,37.97634673408886,62.4268713437077,26.531420321075775,10.924702485148849,37.45612280622462,32.25388352758232,70.23023026167117,47.86060136350924,5.202239278642309,39.537018517681545,49.421273147101935,0.044875519488550314,0.04590919134548322,0.04127756751441292,0.04286126804646571,0.04415803999161989,0.0434963372210953,0.04213833259460464,0.041894485727804257,0.044190335331478175,0.04497072390682937,0.044004270967425305
278,45.259481724188085,23.41007675389039,40.057242445545775,34.334779239039236,21.849404970297698,36.93589887836039,23.93030068175462,47.86060136350924,10.404478557284618,37.97634673408886,62.4268713437077,26.531420321075775,10.924702485148849,37.45612280622462,32.25388352758232,70.23023026167117,47.86060136350924,5.202239278642309,39.537018517681545,49.421273147101935,0.044875519488550314,0.04590919134548322,0.04127756751441292,0.04286126804646571,0.04415803999161989,0.0434963372210953,0.04213833259460464,0.041894485727804257,0.044190335331478175,0.04497072390682937,0.044004270967425305
279,45.731980615187084,23.90535350339325,40.0154830382887,34.298985461390316,21.826627111793837,36.37771185298973,23.90535350339325,47.8107070067865,10.393631957997064,37.93675664668929,62.36179174798239,26.503761492892515,10.913313555896918,36.89739345088958,32.2202590697909,69.63733411858033,47.8107070067865,5.196815978998532,39.495801440388846,49.88943339838591,0.04494339097685319,0.04605407962808183,0.041228330269054994,0.04291357561123733,0.04427729995941983,0.04357398187749183,0.04221270350979913,0.04193967387991752,0.04423292496796389,0.04499714035147619,0.04394530106885113
280,45.259481724188085,23.41007675389039,40.057242445545775,34.334779239039236,21.849404970297698,36.93589887836039,23.93030068175462,47.86060136350924,10.404478557284618,37.97634673408886,62.4268713437077,26.531420321075775,10.924702485148849,37.45612280622462,32.25388352758232,70.23023026167117,47.86060136350924,5.202239278642309,39.537018517681545,49.421273147101935,0.044875519488550314,0.04590919134548322,0.04127756751441292,0.04286126804646571,0.04415803999161989,0.0434963372210953,0.04213833259460464,0.041894485727804257,0.044190335331478175,0.04497072390682937,0.044004270967425305
281,45.259481724188085,23.41007675389039,40.057242445545775,34.334779239039236,21.849404970297698,36.93589887836039,23.93030068175462,47.86060136350924,10.404478557284618,37.97634673408886,62.4268713437077,26.531420321075775,10.924702485148849,37.45612280622462,32.25388352758232,70.23023026167117,47.86060136350924,5.202239278642309,39.537018517681545,49.421273147101935,0.044875519488550314,0.04590919134548322,0.04127756751441292,0.04286126804646571,0.04415803999161989,0.0434963372210953,0.04213833259460464,0.041894485727804257,0.044190335331478175,0.04497072390682937,0.044004270967425305
282,45.731980615187084,23.90535350339325,40.0154830382887,34.298985461390316,21.826627111793837,36.37771185298973,23.90535350339325,47.8107070067865,10.393631957997064,37.93675664668929,62.36179174798239,26.503761492892515,10.913313555896918,36.89739345088958,32.2202590697909,69.63733411858033,47.8107070067865,5.196815978998532,39.495801440388846,49.88943339838591,0.04494339097685319,0.04605407962808183,0.041228330269054994,0.04291357561123733,0.04427729995941983,0.04357398187749183,0.04221270350979913,0.04193967387991752,0.04423292496796389,0.04499714035147619,0.04394530106885113
283,45.259481724188085,23.41007675389039,40.057242445545775,34.334779239039236,21.849404970297698,36.93589887836039,23.93030068175462,47.86060136350924,10.404478557284618,37.97634673408886,62.4268713437077,26.531420321075775,10.924702485148849,37.45612280622462,32.25388352758232,70.23023026167117,47.86060136350924,5.202239278642309,39.537018517681545,49.421273147101935,0.044875519488550314,0.04590919134548322,0.04127756751441292,0.04286126804646571,0.04415803999161989,0.0434963372210953,0.04213833259460464,0.041894485727804257,0.044190335331478175,0.04497072390682937,0.044004270967425305
284,45.731980615187084,23.90535350339325,40.0154830382887,34.298985461390316,21.826627111793837,36.37771185298973,23.90535350339325,47.8107070067865,10.393631957997064,37.93675664668929,62.36179174798239,26.503761492892515,10.913313555896918,36.89739345088958,32.2202590697909,69.63733411858033,47.8107070067865,5.196815978998532,39.495801440388846,49.88943339838591,0.04494339097685319,0.04605407962808183,0.041228330269054994,0.04291357561123733,0.04427729995941983,0.04357398187749183,0.04221270350979913,0.04193967387991752,0.04423292496796389,0.04499714035147619,0.04394530106885113
285,45.259481724188085,23.41007675389039,40.057242445545775,34.334779239039236,21.849404970297698,36.93589887836039,23.93030068175462,47.86060136350924,10.404478557284618,37.97634673408886,62.4268713437077,26.531420321075775,10.924702485148849,37.45612280622462,32.25388352758232,70.23023026167117,47.86060136350924,5.202239278642309,39.537018517681545,49.421273147101935,0.044875519488550314,0.04590919134548322,0.04127756751441292,0.04286126804646571,0.04415803999161989,0.0434963372210953,0.04213833259460464,0.041894485727804257,0.044190335331478175,0.04497072390682937,0.044004270967425305
286,45.259481724188085,23.41007675389039,40.057242445545775,34.334779239039236,21.849404970297698,36.93589887836039,23.93030068175462,47.86060136350924,10.404478557284618,37.97634673408886,62.4268713437077,26.531420321075775,10.924702485148849,37.45612280622462,32.25388352758232,70.23023026167117,47.86060136350924,5.202239278642309,39.537018517681545,49.421273147101935,0.044875519488550314,0.04590919134548322,0.04127756751441292,0.04286126804646571,0.04415803999161989,0.0434963372210953,0.04213833259460464,0.041894485727804257,0.044190335331478175,0.04497072390682937,0.044004270967425305
287,45.259481724188085,23.41007675389039,40.057242445545775,34.334779239039236,21.849404970297698,36.93589887836039,23.93030068175462,47.86060136350924,10.404478557284618,37.97634673408886,62.4268713437077,26.531420321075775,10.924702485148849,37.45612280622462,32.25388352758232,70.23023026167117,47.86060136350924,5.202239278642309,39.537018517681545,49.421273147101935,0.044875519488550314,0.04590919134548322,0.04127756751441292,0.04286126804646571,0.04415803999161989,0.0434963372210953,0.04213833259460464,0.041894485727804257,0.044190335331478175,0.04497072390682937,0.044004270967425305
288,45.731980615187084,23.90535350339325,40.0154830382887,34.298985461390316,21.826627111793837,36.37771185298973,23.90535350339325,47.8107070067865,10.393631957997064,37.93675664668929,62.36179174798239,26.503761492892515,10.913313555896918,36.89739345088958,32.2202590697909,69.63733411858033,47.8107070067865,5.196815978998532,39.495801440388846,49.88943339838591,0.04494339097685319,0.04605407962808183,0.041228330269054994,0.04291357561123733,0.04427729995941983,0.04357398187749183,0.04221270350979913,0.04193967387991752,0.04423292496796389,0.04499714035147619,0.04394530106885113
289,45.731980615187084,23.90535350339325,40.0154830382887,34.298985461390316,21.826627111793837,36.37771185298973,23.90535350339325,47.8107070067865,10.393631957997064,37.93675664668929,62.36179174798239,26.503761492892515,10.913313555896918,36.89739345088958,32.2202590697909,69.63733411858033,47.8107070067865,5.196815978998532,39.495801440388846,49.88943339838591,0.04494339097685319,0.04605407962808183,0.041228330269054994,0.04291357561123733,0.04427729995941983,0.04357398187749183,0.04221270350979913,0.04193967387991752,0.04423292496796389,0.04499714035147619,0.04394530106885113
290,45.731980615187084,23.90535350339325,40.0154830382887,34.298985461390316,21.826627111793837,36.37771185298973,23.90535350339325,47.8107070067865,10.393631957997064,37.93675664668929,62.36179174798239,26.503761492892515,10.913313555896918,36.89739345088958,32.2202590697909,69.63733411858033,47.8107070067865,5.196815978998532,39.495801440388846,49.88943339838591,0.04494339097685319,0.04605407962808183,0.041228330269054994,0.04291357561123733,0.04427729995941983,0.04357398187749183,0.04221270350979913,0.04193967387991752,0.04423292496796389,0.04499714035147619,0.04394530106885113
291,45.731980615187084,23.90535350339325,40.0154830382887,34.298985461390316,21.826627111793837,36.37771185298973,23.90535350339325,47.8107070067865,10.393631957997064,37.93675664668929,62.36179174798239,26.503761492892515,10.913313555896918,36.89739345088958,32.2202590697909,69.63733411858033,47.8107070067865,5.196815978998532,39.495801440388846,49.88943339838591,0.04494339097685319,0.04605407962808183,0.041228330269054994,0.04291357561123733,0.04427729995941983,0.04357398187749183,0.04221270350979913,0.04193967387991752,0.04423292496796389,0.04499714035147619,0.04394530106885113
292,45.7767403889575,23.40856042617145,40.054647840337815,34.33255529171813,21.847989731093353,36.93350645018162,23.92875065786415,47.8575013157283,10.403804633853978,37.97388691356702,61.90263757143117,26.529701816327645,10.923994865546677,37.45369668187432,32.25179436494733,69.70549104682165,47.8575013157283,5.201902316926989,39.53445760864511,49.93826224249909,0.04487511570433991,0.04587689100899908,0.0412467534132506,0.04281092861556636,0.044175659401491825,0.04349388982358133,0.042086472052558783,0.041965157483157746,0.044186603124224434,0.04503701513346074,0.0440552825466702
293,45.7767403889575,23.40856042617145,40.054647840337815,34.33255529171813,21.847989731093353,36.93350645018162,23.92875065786415,47.8575013157283,10.403804633853978,37.97388691356702,61.90263757143117,26.529701816327645,10.923994865546677,37.45369668187432,32.25179436494733,69.70549104682165,47.8575013157283,5.201902316926989,39.53445760864511,49.93826224249909,0.04487511570433991,0.04587689100899908,0.0412467534132506,0.04281092861556636,0.044175659401491825,0.04349388982358133,0.042086472052558783,0.041965157483157746,0.044186603124224434,0.04503701513346074,0.0440552825466702
294,45.7767403889575,23.40856042617145,40.054647840337815,34.33255529171813,21.847989731093353,36.93350645018162,23.92875065786415,47.8575013157283,10.403804633853978,37.97388691356702,61.90263757143117,26.529701816327645,10.923994865546677,37.45369668187432,32.25179436494733,69.70549104682165,47.8575013157283,5.201902316926989,39.53445760864511,49.93826224249909,0.04487511570433991,0.04587689100899908,0.0412467534132506,0.04281092861556636,0.044175659401491825,0.04349388982358133,0.042086472052558783,0.041965157483157746,0.044186603124224434,0.04503701513346074,0.0440552825466702
295,45.87436050343297,22.937180251716484,40.14006544050385,34.405770377574726,22.41588070054111,37.0122681334516,23.979779354067233,47.959558708134466,10.425991023507493,38.05486723580235,62.03464658986958,26.586277109944106,10.947290574682867,37.53356768462697,32.32057217287323,70.37543940867558,47.959558708134466,5.212995511753746,39.0974663381531,50.044756912835965,0.04476933732202794,0.04571624186388554,0.04120637491351075,0.042774833644978215,0.043973893450492074,0.043338752647935706,0.041965530019671536,0.041995397779067314,0.04403958033500625,0.04510261927466829,0.04381788757338171
296,45.775999765323604,23.40818169817684,40.053999794658154,34.3319998239927,21.32745443611668,36.932908901567906,23.92836351369188,47.85672702738376,10.403636310300818,37.453090717082944,61.901636046289866,26.529272591267087,10.92381812581586,37.453090717082944,32.25127256193254,70.22454509453053,47.85672702738376,5.201818155150409,39.53381797914311,50.45763610495897,0.044887326550250746,0.045840096939443194,0.04125765523415399,0.042806818476670984,0.04418758824329223,0.0434938447631727,0.04207676439409711,0.041981963992782124,0.04418679624842279,0.04503193179588655,0.04406739784678663
297,45.780209580596974,23.41033444462345,40.05768338302235,34.33515718544773,21.849645481648555,36.93630545707256,23.930564098948416,47.86112819789683,10.404593086499311,37.976764765722486,61.9073288646709,26.531712370573246,10.924822740824277,37.45653511139752,32.774468222472834,69.19054402522042,47.86112819789683,5.2022965432496555,39.537453728697386,49.9420468151967,0.04487996489043036,0.04587467883757538,0.04124987788194016,0.04279653543191833,0.0441673953309451,0.04347559789680963,0.04209081359882048,0.04196185865789304,0.04419110554330023,0.04503038996776094,0.0440521276376407
298,45.7767403889575,23.40856042617145,40.054647840337815,34.33255529171813,21.847989731093353,36.93350645018162,23.92875065786415,47.8575013157283,10.403804633853978,37.97388691356702,61.90263757143117,26.529701816327645,10.923994865546677,37.45369668187432,32.25179436494733,69.70549104682165,47.8575013157283,5.201902316926989,39.53445760864511,49.93826224249909,0.04487511570433991,0.04587689100899908,0.0412467534132506,0.04281092861556636,0.044175659401491825,0.04349388982358133,0.042086472052558783,0.041965157483157746,0.044186603124224434,0.04503701513346074,0.0440552825466702
299,45.7767403889575,23.40856042617145,40.054647840337815,34.33255529171813,21.847989731093353,36.93350645018162,23.92875065786415,47.8575013157283,10.403804633853978,37.97388691356702,61.90263757143117,26.529701816327645,10.923994865546677,37.45369668187432,32.25179436494733,69.70549104682165,47.8575013157283,5.201902316926989,39.53445760864511,49.93826224249909,0.04487511570433991,0.04587689100899908,0.0412467534132506,0.04281092861556636,0.044175659401491825,0.04349388982358133,0.042086472052558783,0.041965157483157746,0.044186603124224434,0.04503701513346074,0.0440552825466702
300,45.706981256636496,23.89228565687817,39.993608599556936,34.280235942477375,21.814695599758327,36.35782599959722,23.89228565687817,47.78457131375634,10.387950285599205,37.916018542437094,62.327701713595225,26.48927322827797,10.907347799879163,37.396621028157135,32.20264588535753,69.07986939923471,47.78457131375634,5.193975142799602,39.47421108527698,49.86216137087618,0.04495123448831064,0.046064907977573545,0.041244050295621074,0.04295943580906841,0.0443252069061292,0.04350388900298967,0.04229473060013555,0.042043827979772366,0.04420874506724365,0.04498959401527299,0.04401686357792278
301,45.7767403889575,23.40856042617145,40.054647840337815,34.33255529171813,21.847989731093353,36.93350645018162,23.92875065786415,47.8575013157283,10.403804633853978,37.97388691356702,61.90263757143117,26.529701816327645,10.923994865546677,37.45369668187432,32.25179436494733,69.70549104682165,47.8575013157283,5.201902316926989,39.53445760864511,49.93826224249909,0.04487511570433991,0.04587689100899908,0.0412467534132506,0.04281092861556636,0.044175659401491825,0.04349388982358133,0.042086472052558783,0.041965157483157746,0.044186603124224434,0.04503701513346074,0.0440552825466702
302,45.7767403889575,23.40856042617145,40.054647840337815,34.33255529171813,21.847989731093353,36.93350645018162,23.92875065786415,47.8575013157283,10.403804633853978,37.97388691356702,61.90263757143117,26.529701816327645,10.923994865546677,37.45369668187432,32.25179436494733,69.70549104682165,47.8575013157283,5.201902316926989,39.53445760864511,49.93826224249909,0.04487511570433991,0.04587689100899908,0.0412467534132506,0.04281092861556636,0.044175659401491825,0.04349388982358133,0.042086472052558783,0.041965157483157746,0.044186603124224434,0.04503701513346074,0.0440552825466702
303,45.7767403889575,23.40856042617145,40.054647840337815,34.33255529171813,21.847989731093353,36.93350645018162,23.92875065786415,47.8575013157283,10.403804633853978,37.97388691356702,61.90263757143117,26.529701816327645,10.923994865546677,37.45369668187432,32.25179436494733,69.70549104682165,47.8575013157283,5.201902316926989,39.53445760864511,49.93826224249909,0.04487511570433991,0.04587689100899908,0.0412467534132506,0.04281092861556636,0.044175659401491825,0.04349388982358133,0.042086472052558783,0.041965157483157746,0.044186603124224434,0.04503701513346074,0.0440552825466702
304,45.7767403889575,23.40856042617145,40.054647840337815,34.33255529171813,21.847989731093353,36.93350645018162,23.92875065786415,47.8575013157283,10.403804633853978,37.97388691356702,61.90263757143117,26.529701816327645,10.923994865546677,37.45369668187432,32.25179436494733,69.70549104682165,47.8575013157283,5.201902316926989,39.53445760864511,49.93826224249909,0.04487511570433991,0.04587689100899908,0.0412467534132506,0.04281092861556636,0.044175659401491825,0.04349388982358133,0.042086472052558783,0.041965157483157746,0.044186603124224434,0.04503701513346074,0.0440552825466702
305,45.731980615187084,23.90535350339325,40.0154830382887,34.298985461390316,21.826627111793837,36.37771185298973,23.90535350339325,47.8107070067865,10.393631957997064,37.93675664668929,62.36179174798239,26.503761492892515,10.913313555896918,36.89739345088958,32.2202590697909,69.63733411858033,47.8107070067865,5.196815978998532,39.495801440388846,49.88943339838591,0.04494339097685319,0.04605407962808183,0.041228330269054994,0.04291357561123733,0.04427729995941983,0.04357398187749183,0.04221270350979913,0.04193967387991752,0.04423292496796389,0.04499714035147619,0.04394530106885113
306,45.731980615187084,23.90535350339325,40.0154830382887,34.298985461390316,21.826627111793837,36.37771185298973,23.90535350339325,47.8107070067865,10.393631957997064,37.93675664668929,62.36179174798239,26.503761492892515,10.913313555896918,36.89739345088958,32.2202590697909,69.63733411858033,47.8107070067865,5.196815978998532,39.495801440388846,49.88943339838591,0.04494339097685319,0.04605407962808183,0.041228330269054994,0.04291357561123733,0.04427729995941983,0.04357398187749183,0.04221270350979913,0.04193967387991752,0.04423292496796389,0.04499714035147619,0.04394530106885113
307,45.706981256636496,23.89228565687817,39.993608599556936,34.280235942477375,21.814695599758327,36.35782599959722,23.89228565687817,47.78457131375634,10.387950285599205,37.916018542437094,62.327701713595225,26.48927322827797,10.907347799879163,37.396621028157135,32.20264588535753,69.07986939923471,47.78457131375634,5.193975142799602,39.47421108527698,49.86216137087618,0.04495123448831064,0.046064907977573545,0.041244050295621074,0.04295943580906841,0.0443252069061292,0.04350388900298967,0.04229473060013555,0.042043827979772366,0.04420874506724365,0.04498959401527299,0.04401686357792278
308,45.285097174655924,23.42332612482203,40.079913591362136,34.35421164973898,21.861771049833894,36.956803441385865,23.94384448315141,47.367170607973435,10.410367166587568,38.518358516374,62.46220299952541,26.5464362747983,10.930885524916947,36.956803441385865,32.27213821642146,70.26997837446609,47.88768896630282,5.205183583293784,39.55939523303276,49.96976239962033,0.04484295040098521,0.0459085245767794,0.04120055070622541,0.04284265137497099,0.04413829550532002,0.04343488423871711,0.04205349051907649,0.041922946949787675,0.044127280554164885,0.04500851381765864,0.04400155302693577
309,39.83963214841535,22.8413890984248,58.962655579654715,29.746925337483457,23.903779289049208,31.340510623420073,14.873462668741729,42.49560762497637,12.217487192180707,42.49560762497637,69.0553623905866,22.8413890984248,6.374341143746456,39.83963214841535,24.966169479673617,71.71133786714762,55.244289912469284,6.9055362390586605,36.652461576542116,67.46177710464998,0.04487538418428084,0.043290168486835784,0.040714024505715166,0.04282233538795997,0.04267247270525912,0.04331431242031199,0.04207968584740736,0.04163338821190825,0.0437355727501137,0.04168421507430285,0.04198334511370032
310,46.30407768450438,23.412174110142665,40.060831255133,34.33785536154257,21.85136250279982,36.93920804044731,23.93244464592361,47.86488929184722,10.405410715618961,37.97974911200921,62.43246429371377,26.533797324828353,10.92568125139991,36.93920804044731,32.25677321841878,69.71625179464704,47.86488929184722,5.202705357809481,39.54056071935205,49.42570089919007,0.04488031525172759,0.04592793525031633,0.0412353861250487,0.04282159737796076,0.04413094096690839,0.043483334119280764,0.04212532987963754,0.04189131874022139,0.04416227602300541,0.045020476408126654,0.04405055407681853
311,45.25539621815335,23.407963561113803,40.05362653790584,34.33167988963358,21.847432657039548,36.93256472975733,23.928140529138552,47.856281058277105,10.403539360495023,37.97291866580684,62.94141313099489,26.52902536926231,10.923716328519774,37.45274169778208,32.25097201753457,69.70371371531665,47.856281058277105,5.201769680247511,39.533449569881085,49.41681196235136,0.044876252013524943,0.04598344755460173,0.04126270012548726,0.04281803230222586,0.04413396716601198,0.043478944874036696,0.04219513515809023,0.041874027891768875,0.04419641898147912,0.04499898812571381,0.04400511778230828
312,40.40104628521229,21.795301285443472,60.60156942781843,29.76919199963011,23.92167214255991,30.832377428188327,15.947781428373272,43.590602570886944,11.163446999861291,41.995824428049616,70.1702382848424,22.85848671400169,6.379112571349308,40.932638999491395,24.984857571118127,68.57546014200507,55.81723499930645,6.910705285628418,37.21148999953763,66.98068199916774,0.04457669453243941,0.04325046335624633,0.0406806615000827,0.042566891673975114,0.0426341327391937,0.04329097622881145,0.0422612336863431,0.04162636992632947,0.04347055181276665,0.04212511518900278,0.041924195075700284
313,46.30407768450438,23.412174110142665,40.060831255133,34.33785536154257,21.85136250279982,36.93920804044731,23.93244464592361,47.86488929184722,10.405410715618961,37.97974911200921,62.43246429371377,26.533797324828353,10.92568125139991,36.93920804044731,32.25677321841878,69.71625179464704,47.86488929184722,5.202705357809481,39.54056071935205,49.42570089919007,0.04488031525172759,0.04592793525031633,0.0412353861250487,0.04282159737796076,0.04413094096690839,0.043483334119280764,0.04212532987963754,0.04189131874022139,0.04416227602300541,0.045020476408126654,0.04405055407681853
314,46.30407768450438,23.412174110142665,40.060831255133,34.33785536154257,21.85136250279982,36.93920804044731,23.93244464592361,47.86488929184722,10.405410715618961,37.97974911200921,62.43246429371377,26.533797324828353,10.92568125139991,36.93920804044731,32.25677321841878,69.71625179464704,47.86488929184722,5.202705357809481,39.54056071935205,49.42570089919007,0.04488031525172759,0.04592793525031633,0.0412353861250487,0.04282159737796076,0.04413094096690839,0.043483334119280764,0.04212532987963754,0.04189131874022139,0.04416227602300541,0.045020476408126654,0.04405055407681853
315,40.40104628521229,21.795301285443472,60.60156942781843,29.76919199963011,23.92167214255991,30.832377428188327,15.947781428373272,43.590602570886944,11.163446999861291,41.995824428049616,70.1702382848424,22.85848671400169,6.379112571349308,40.932638999491395,24.984857571118127,68.57546014200507,55.81723499930645,6.910705285628418,37.21148999953763,66.98068199916774,0.04457669453243941,0.04325046335624633,0.0406806615000827,0.042566891673975114,0.0426341327391937,0.04329097622881145,0.0422612336863431,0.04162636992632947,0.04347055181276665,0.04212511518900278,0.041924195075700284
316,46.30407768450438,23.412174110142665,40.060831255133,34.33785536154257,21.85136250279982,36.93920804044731,23.93244464592361,47.86488929184722,10.405410715618961,37.97974911200921,62.43246429371377,26.533797324828353,10.92568125139991,36.93920804044731,32.25677321841878,69.71625179464704,47.86488929184722,5.202705357809481,39.54056071935205,49.42570089919007,0.04488031525172759,0.04592793525031633,0.0412353861250487,0.04282159737796076,0.04413094096690839,0.043483334119280764,0.04212532987963754,0.04189131874022139,0.04416227602300541,0.045020476408126654,0.04405055407681853
317,40.40104628521229,21.795301285443472,60.60156942781843,29.76919199963011,23.92167214255991,30.832377428188327,15.947781428373272,43.590602570886944,11.163446999861291,41.995824428049616,70.1702382848424,22.85848671400169,6.379112571349308,40.932638999491395,24.984857571118127,68.57546014200507,55.81723499930645,6.910705285628418,37.21148999953763,66.98068199916774,0.04457669453243941,0.04325046335624633,0.0406806615000827,0.042566891673975114,0.0426341327391937,0.04329097622881145,0.0422612336863431,0.04162636992632947,0.04347055181276665,0.04212511518900278,0.041924195075700284
318,45.790008281723225,23.415345144063014,40.066257246507824,34.34250621129242,21.854322134458812,36.94421122729942,23.935686147264413,47.871372294528825,10.406820064028006,37.98489323370222,62.44092038416804,26.537391163271415,10.927161067229406,36.94421122729942,32.261142198486816,69.72569442898764,47.871372294528825,5.203410032014003,39.54591624330642,49.952736307334426,0.04485062167116031,0.04588668918333206,0.04123245814763748,0.04279671754560629,0.04414208102137767,0.04347673683798428,0.04211711212493472,0.04193122759926905,0.04417343568706613,0.04502630667033222,0.044025610309899516
319,45.790008281723225,23.415345144063014,40.066257246507824,34.34250621129242,21.854322134458812,36.94421122729942,23.935686147264413,47.871372294528825,10.406820064028006,37.98489323370222,62.44092038416804,26.537391163271415,10.927161067229406,36.94421122729942,32.261142198486816,69.72569442898764,47.871372294528825,5.203410032014003,39.54591624330642,49.952736307334426,0.04485062167116031,0.04588668918333206,0.04123245814763748,0.04279671754560629,0.04414208102137767,0.04347673683798428,0.04211711212493472,0.04193122759926905,0.04417343568706613,0.04502630667033222,0.044025610309899516
320,45.790008281723225,23.415345144063014,40.066257246507824,34.34250621129242,21.854322134458812,36.94421122729942,23.935686147264413,47.871372294528825,10.406820064028006,37.98489323370222,62.44092038416804,26.537391163271415,10.927161067229406,36.94421122729942,32.261142198486816,69.72569442898764,47.871372294528825,5.203410032014003,39.54591624330642,49.952736307334426,0.04485062167116031,0.04588668918333206,0.04123245814763748,0.04279671754560629,0.04414208102137767,0.04347673683798428,0.04211711212493472,0.04193122759926905,0.04417343568706613,0.04502630667033222,0.044025610309899516
321,45.790008281723225,23.415345144063014,40.066257246507824,34.34250621129242,21.854322134458812,36.94421122729942,23.935686147264413,47.871372294528825,10.406820064028006,37.98489323370222,62.44092038416804,26.537391163271415,10.927161067229406,36.94421122729942,32.261142198486816,69.72569442898764,47.871372294528825,5.203410032014003,39.54591624330642,49.952736307334426,0.04485062167116031,0.04588668918333206,0.04123245814763748,0.04279671754560629,0.04414208102137767,0.04347673683798428,0.04211711212493472,0.04193122759926905,0.04417343568706613,0.04502630667033222,0.044025610309899516
322,45.790008281723225,23.415345144063014,40.066257246507824,34.34250621129242,21.854322134458812,36.94421122729942,23.935686147264413,47.871372294528825,10.406820064028006,37.98489323370222,62.44092038416804,26.537391163271415,10.927161067229406,36.94421122729942,32.261142198486816,69.72569442898764,47.871372294528825,5.203410032014003,39.54591624330642,49.952736307334426,0.04485062167116031,0.04588668918333206,0.04123245814763748,0.04279671754560629,0.04414208102137767,0.04347673683798428,0.04211711212493472,0.04193122759926905,0.04417343568706613,0.04502630667033222,0.044025610309899516
323,45.790008281723225,23.415345144063014,40.066257246507824,34.34250621129242,21.854322134458812,36.94421122729942,23.935686147264413,47.871372294528825,10.406820064028006,37.98489323370222,62.44092038416804,26.537391163271415,10.927161067229406,36.94421122729942,32.261142198486816,69.72569442898764,47.871372294528825,5.203410032014003,39.54591624330642,49.952736307334426,0.04485062167116031,0.04588668918333206,0.04123245814763748,0.04279671754560629,0.04414208102137767,0.04347673683798428,0.04211711212493472,0.04193122759926905,0.04417343568706613,0.04502630667033222,0.044025610309899516
324,45.790008281723225,23.415345144063014,40.066257246507824,34.34250621129242,21.854322134458812,36.94421122729942,23.935686147264413,47.871372294528825,10.406820064028006,37.98489323370222,62.44092038416804,26.537391163271415,10.927161067229406,36.94421122729942,32.261142198486816,69.72569442898764,47.871372294528825,5.203410032014003,39.54591624330642,49.952736307334426,0.04485062167116031,0.04588668918333206,0.04123245814763748,0.04279671754560629,0.04414208102137767,0.04347673683798428,0.04211711212493472,0.04193122759926905,0.04417343568706613,0.04502630667033222,0.044025610309899516
325,45.790008281723225,23.415345144063014,40.066257246507824,34.34250621129242,21.854322134458812,36.94421122729942,23.935686147264413,47.871372294528825,10.406820064028006,37.98489323370222,62.44092038416804,26.537391163271415,10.927161067229406,36.94421122729942,32.261142198486816,69.72569442898764,47.871372294528825,5.203410032014003,39.54591624330642,49.952736307334426,0.04485062167116031,0.04588668918333206,0.04123245814763748,0.04279671754560629,0.04414208102137767,0.04347673683798428,0.04211711212493472,0.04193122759926905,0.04417343568706613,0.04502630667033222,0.044025610309899516
326,45.30806573734646,23.43520641586886,40.100242089375605,33.85085371181057,21.872859321477602,36.975547900593085,23.955988780665944,47.91197756133189,10.415647295941715,38.017112630187256,62.49388377565029,26.55990060465137,10.936429660738801,36.975547900593085,32.288506617419316,70.82640161240366,47.91197756133189,5.207823647970858,39.57945972457852,49.99510702052023,0.04482860143953042,0.045867162115228906,0.041197532119193685,0.042786191649112945,0.04413911128044433,0.043522823603706615,0.04204938882158785,0.041926958754216606,0.044061915389345854,0.044929687480470146,0.04390826255007688
327,45.87798520567451,22.938992602837256,40.1432370549652,34.40848890425588,21.896311120890108,37.53653335009733,23.981674084784405,47.96334816956881,10.42681481947148,38.0578740910709,62.56088891682888,26.588377789652274,10.948155560445054,37.01519260912375,32.323125940361585,69.85965929045892,47.96334816956881,5.21340740973574,39.62189631399163,50.04871113346311,0.04482455016530269,0.045783237771552555,0.041132258984788075,0.042732392425146544,0.04404820449988107,0.04338363795824863,0.04203415649233141,0.04183101809125446,0.0440394973090132,0.04492444874277128,0.04392585658613606
328,45.75295045987098,23.916315013114374,40.03383165238711,34.314712844903234,21.836635446756603,36.91431230285045,23.916315013114374,47.83263002622875,10.39839783178886,37.95415208602933,61.87046709914371,26.51591447106159,10.918317723378301,36.91431230285045,32.23503327854546,69.66926547298536,47.83263002622875,5.19919891589443,39.51391176079766,49.912309592586524,0.0450189068900214,0.04566931714539293,0.04122360514891676,0.04271690378953874,0.044102873780043045,0.04342088992094742,0.04238953273580152,0.04205451469148594,0.044205836647772986,0.045215458504980516,0.044062269155655774
329,45.790008281723225,23.415345144063014,40.066257246507824,34.34250621129242,21.854322134458812,36.94421122729942,23.935686147264413,47.871372294528825,10.406820064028006,37.98489323370222,62.44092038416804,26.537391163271415,10.927161067229406,36.94421122729942,32.261142198486816,69.72569442898764,47.871372294528825,5.203410032014003,39.54591624330642,49.952736307334426,0.04485062167116031,0.04588668918333206,0.04123245814763748,0.04279671754560629,0.04414208102137767,0.04347673683798428,0.04211711212493472,0.04193122759926905,0.04417343568706613,0.04502630667033222,0.044025610309899516
330,45.790008281723225,23.415345144063014,40.066257246507824,34.34250621129242,21.854322134458812,36.94421122729942,23.935686147264413,47.871372294528825,10.406820064028006,37.98489323370222,62.44092038416804,26.537391163271415,10.927161067229406,36.94421122729942,32.261142198486816,69.72569442898764,47.871372294528825,5.203410032014003,39.54591624330642,49.952736307334426,0.04485062167116031,0.04588668918333206,0.04123245814763748,0.04279671754560629,0.04414208102137767,0.04347673683798428,0.04211711212493472,0.04193122759926905,0.04417343568706613,0.04502630667033222,0.044025610309899516
331,45.790008281723225,23.415345144063014,40.066257246507824,34.34250621129242,21.854322134458812,36.94421122729942,23.935686147264413,47.871372294528825,10.406820064028006,37.98489323370222,62.44092038416804,26.537391163271415,10.927161067229406,36.94421122729942,32.261142198486816,69.72569442898764,47.871372294528825,5.203410032014003,39.54591624330642,49.952736307334426,0.04485062167116031,0.04588668918333206,0.04123245814763748,0.04279671754560629,0.04414208102137767,0.04347673683798428,0.04211711212493472,0.04193122759926905,0.04417343568706613,0.04502630667033222,0.044025610309899516
332,45.790008281723225,23.415345144063014,40.066257246507824,34.34250621129242,21.854322134458812,36.94421122729942,23.935686147264413,47.871372294528825,10.406820064028006,37.98489323370222,62.44092038416804,26.537391163271415,10.927161067229406,36.94421122729942,32.261142198486816,69.72569442898764,47.871372294528825,5.203410032014003,39.54591624330642,49.952736307334426,0.04485062167116031,0.04588668918333206,0.04123245814763748,0.04279671754560629,0.04414208102137767,0.04347673683798428,0.04211711212493472,0.04193122759926905,0.04417343568706613,0.04502630667033222,0.044025610309899516
333,45.859762412180075,22.929881206090037,40.127292110657564,34.39482180913506,21.887613878540492,37.00049012800893,23.972148533639587,47.94429706727917,10.422673275495471,38.04275745555847,63.05717331674761,26.577816852513454,10.943806939270246,37.00049012800893,32.31028715403596,70.35304460959443,47.4231634035044,5.211336637747736,39.606158446882795,50.028831722378264,0.04476179993424701,0.045877526762658154,0.041314345998555345,0.04258994165068628,0.04400560138524306,0.04337782112427787,0.04216778136893463,0.04187347819571392,0.04394443900204366,0.04499166587033362,0.04396193493253294
334,45.790008281723225,23.415345144063014,40.066257246507824,34.34250621129242,21.854322134458812,36.94421122729942,23.935686147264413,47.871372294528825,10.406820064028006,37.98489323370222,62.44092038416804,26.537391163271415,10.927161067229406,36.94421122729942,32.261142198486816,69.72569442898764,47.871372294528825,5.203410032014003,39.54591624330642,49.952736307334426,0.04485062167116031,0.04588668918333206,0.04123245814763748,0.04279671754560629,0.04414208102137767,0.04347673683798428,0.04211711212493472,0.04193122759926905,0.04417343568706613,0.04502630667033222,0.044025610309899516
335,45.790008281723225,23.415345144063014,40.066257246507824,34.34250621129242,21.854322134458812,36.94421122729942,23.935686147264413,47.871372294528825,10.406820064028006,37.98489323370222,62.44092038416804,26.537391163271415,10.927161067229406,36.94421122729942,32.261142198486816,69.72569442898764,47.871372294528825,5.203410032014003,39.54591624330642,49.952736307334426,0.04485062167116031,0.04588668918333206,0.04123245814763748,0.04279671754560629,0.04414208102137767,0.04347673683798428,0.04211711212493472,0.04193122759926905,0.04417343568706613,0.04502630667033222,0.044025610309899516
336,45.790008281723225,23.415345144063014,40.066257246507824,34.34250621129242,21.854322134458812,36.94421122729942,23.935686147264413,47.871372294528825,10.406820064028006,37.98489323370222,62.44092038416804,26.537391163271415,10.927161067229406,36.94421122729942,32.261142198486816,69.72569442898764,47.871372294528825,5.203410032014003,39.54591624330642,49.952736307334426,0.04485062167116031,0.04588668918333206,0.04123245814763748,0.04279671754560629,0.04414208102137767,0.04347673683798428,0.04211711212493472,0.04193122759926905,0.04417343568706613,0.04502630667033222,0.044025610309899516
337,45.701410872706745,23.889373865278525,39.9887345136184,34.276058154530055,21.812037007428216,36.87272922684294,23.889373865278525,47.77874773055705,10.386684289251532,37.91139765576809,62.83943994997177,26.48604493759141,10.906018503714108,36.87272922684294,32.19872129667975,69.07145052352269,47.77874773055705,5.193342144625766,39.46940029915582,49.33675037394478,0.04498180336439548,0.04597641429724524,0.04137268018514958,0.04271655849111596,0.04414694189906013,0.043658037543098265,0.04220721454036092,0.04202836901805237,0.04436494254352275,0.04511513284520722,0.044097690810215466
338,45.790008281723225,23.415345144063014,40.066257246507824,34.34250621129242,21.854322134458812,36.94421122729942,23.935686147264413,47.871372294528825,10.406820064028006,37.98489323370222,62.44092038416804,26.537391163271415,10.927161067229406,36.94421122729942,32.261142198486816,69.72569442898764,47.871372294528825,5.203410032014003,39.54591624330642,49.952736307334426,0.04485062167116031,0.04588668918333206,0.04123245814763748,0.04279671754560629,0.04414208102137767,0.04347673683798428,0.04211711212493472,0.04193122759926905,0.04417343568706613,0.04502630667033222,0.044025610309899516
339,45.666919559634074,23.871344315263265,39.95855461467981,34.25018966972555,21.795575244370806,36.844901008341125,22.833459779817037,47.74268863052653,10.378845354462289,37.88278554378736,62.792014394496846,27.503940189325064,10.897787622185403,36.844901008341125,32.174420598833095,68.5003793394511,47.74268863052653,5.1894226772311445,39.4396123469567,49.29951543369587,0.045080531587904316,0.046005834727617274,0.04134977442073602,0.042905644193023076,0.04412590068949644,0.043668687015971853,0.0423440764390439,0.04206917475411485,0.04412711564229565,0.04543279957047516,0.043948193236206974
340,45.78495125888918,23.41275916647742,40.06183235152803,34.338713444166885,21.851908555378927,36.94013112933104,23.933042703510253,47.866085407020506,10.405670740656632,37.980698203396706,62.43402444393979,26.53446038867441,10.925954277689463,36.94013112933104,32.25757929603556,70.23827749943227,47.345801869987675,5.202835370328316,39.5415488144952,49.94721955515183,0.04484165409642313,0.045885093286629305,0.04123059583375608,0.04279807950939491,0.04414109786411119,0.04348891395181859,0.042116873865389905,0.04194462988532585,0.04417754978477851,0.04506171127953129,0.0440302636100097
341,45.80542240652643,23.423227366973745,40.07974460571063,34.35406680489483,21.861678875842163,36.956647623447466,23.943743530684273,47.887487061368546,10.410323274210553,37.47716378715799,62.461939645263314,26.54632434923691,10.930839437921081,36.956647623447466,32.272002150052714,69.7491659372107,48.40800322507907,5.2051616371052765,39.5592284420001,49.96955171621065,0.0448475542460709,0.04589315958808639,0.0412109806228526,0.042774962612147076,0.04413872117976389,0.04352725343366264,0.04205426229206431,0.041861731979069255,0.04416042386465126,0.04495772842195706,0.04405705804914694
342,45.790008281723225,23.415345144063014,40.066257246507824,34.34250621129242,21.854322134458812,36.94421122729942,23.935686147264413,47.871372294528825,10.406820064028006,37.98489323370222,62.44092038416804,26.537391163271415,10.927161067229406,36.94421122729942,32.261142198486816,69.72569442898764,47.871372294528825,5.203410032014003,39.54591624330642,49.952736307334426,0.04485062167116031,0.04588668918333206,0.04123245814763748,0.04279671754560629,0.04414208102137767,0.04347673683798428,0.04211711212493472,0.04193122759926905,0.04417343568706613,0.04502630667033222,0.044025610309899516
343,45.78114227062756,23.410811388389092,40.058499486799114,34.335856702970666,21.850090629163155,36.93705796834723,24.451291894539718,47.862103282928814,10.404805061506263,37.97753847449786,62.428830369037584,26.532252906840974,10.925045314581578,36.93705796834723,32.254895690669414,69.71219391209196,47.862103282928814,5.202402530753131,39.5382592337238,49.42282404215475,0.04486294213820152,0.045880370068799504,0.04125927122948726,0.04286962908057406,0.04426467465220491,0.0434872573706146,0.04215454879597283,0.04192633375182381,0.04422096546103981,0.044872118505993736,0.043961635869974924
344,45.790008281723225,23.415345144063014,40.066257246507824,34.34250621129242,21.854322134458812,36.94421122729942,23.935686147264413,47.871372294528825,10.406820064028006,37.98489323370222,62.44092038416804,26.537391163271415,10.927161067229406,36.94421122729942,32.261142198486816,69.72569442898764,47.871372294528825,5.203410032014003,39.54591624330642,49.952736307334426,0.04485062167116031,0.04588668918333206,0.04123245814763748,0.04279671754560629,0.04414208102137767,0.04347673683798428,0.04211711212493472,0.04193122759926905,0.04417343568706613,0.04502630667033222,0.044025610309899516
345,45.80542240652643,23.423227366973745,40.07974460571063,34.35406680489483,21.861678875842163,36.956647623447466,23.943743530684273,47.887487061368546,10.410323274210553,37.47716378715799,62.461939645263314,26.54632434923691,10.930839437921081,36.956647623447466,32.272002150052714,69.7491659372107,48.40800322507907,5.2051616371052765,39.5592284420001,49.96955171621065,0.0448475542460709,0.04589315958808639,0.0412109806228526,0.042774962612147076,0.04413872117976389,0.04352725343366264,0.04205426229206431,0.041861731979069255,0.04416042386465126,0.04495772842195706,0.04405705804914694
346,45.790008281723225,23.415345144063014,40.066257246507824,34.34250621129242,21.854322134458812,36.94421122729942,23.935686147264413,47.871372294528825,10.406820064028006,37.98489323370222,62.44092038416804,26.537391163271415,10.927161067229406,36.94421122729942,32.261142198486816,69.72569442898764,47.871372294528825,5.203410032014003,39.54591624330642,49.952736307334426,0.04485062167116031,0.04588668918333206,0.04123245814763748,0.04279671754560629,0.04414208102137767,0.04347673683798428,0.04211711212493472,0.04193122759926905,0.04417343568706613,0.04502630667033222,0.044025610309899516
347,45.80542240652643,23.423227366973745,40.07974460571063,34.35406680489483,21.861678875842163,36.956647623447466,23.943743530684273,47.887487061368546,10.410323274210553,37.47716378715799,62.461939645263314,26.54632434923691,10.930839437921081,36.956647623447466,32.272002150052714,69.7491659372107,48.40800322507907,5.2051616371052765,39.5592284420001,49.96955171621065,0.0448475542460709,0.04589315958808639,0.0412109806228526,0.042774962612147076,0.04413872117976389,0.04352725343366264,0.04205426229206431,0.041861731979069255,0.04416042386465126,0.04495772842195706,0.04405705804914694
348,45.782763571928584,23.411640462918026,40.05991812543751,33.816814001992704,21.850864432056827,36.93836606371511,23.93189913987176,48.38405695669726,10.40517353907468,37.978883417622576,62.431041234448074,26.53319252464043,10.925432216028414,36.93836606371511,32.256037971131505,69.71466271180034,47.86379827974352,5.20258676953734,39.53965944848378,49.944832987558456,0.04501442154247713,0.04585511270421127,0.04124990629740653,0.042705992721387795,0.044240566563080716,0.0434892415959978,0.04204988296491505,0.04195427604712723,0.04420543650195453,0.04492536817277563,0.04405111793493243
349,46.32211095561513,23.421292056209897,40.07643307395915,34.35122834910785,21.8598725857959,36.95359413313117,23.94176521301456,47.88353042602912,10.409463136093287,37.994540446740494,62.45677881655972,26.544130997037882,10.92993629289795,36.43312097632651,32.26933572188919,69.74340301182502,47.88353042602912,5.204731568046643,39.55595991715449,49.965423053247775,0.04477728705588819,0.045832808566308364,0.0411740659810945,0.04283690505552369,0.04406930865455136,0.04353780348273853,0.04220807234274437,0.04191620328296422,0.04419746684648163,0.044990277863423876,0.043986644063616805
350,46.32211095561513,23.421292056209897,40.07643307395915,34.35122834910785,21.8598725857959,36.95359413313117,23.94176521301456,47.88353042602912,10.409463136093287,37.994540446740494,62.45677881655972,26.544130997037882,10.92993629289795,36.43312097632651,32.26933572188919,69.74340301182502,47.88353042602912,5.204731568046643,39.55595991715449,49.965423053247775,0.04477728705588819,0.045832808566308364,0.0411740659810945,0.04283690505552369,0.04406930865455136,0.04353780348273853,0.04220807234274437,0.04191620328296422,0.04419746684648163,0.044990277863423876,0.043986644063616805
351,45.80542240652643,23.423227366973745,40.07974460571063,34.35406680489483,21.861678875842163,36.956647623447466,23.943743530684273,47.887487061368546,10.410323274210553,37.47716378715799,62.461939645263314,26.54632434923691,10.930839437921081,36.956647623447466,32.272002150052714,69.7491659372107,48.40800322507907,5.2051616371052765,39.5592284420001,49.96955171621065,0.0448475542460709,0.04589315958808639,0.0412109806228526,0.042774962612147076,0.04413872117976389,0.04352725343366264,0.04205426229206431,0.041861731979069255,0.04416042386465126,0.04495772842195706,0.04405705804914694
352,45.782763571928584,23.411640462918026,40.05991812543751,33.816814001992704,21.850864432056827,36.93836606371511,23.93189913987176,48.38405695669726,10.40517353907468,37.978883417622576,62.431041234448074,26.53319252464043,10.925432216028414,36.93836606371511,32.256037971131505,69.71466271180034,47.86379827974352,5.20258676953734,39.53965944848378,49.944832987558456,0.04501442154247713,0.04585511270421127,0.04124990629740653,0.042705992721387795,0.044240566563080716,0.0434892415959978,0.04204988296491505,0.04195427604712723,0.04420543650195453,0.04492536817277563,0.04405111793493243
353,45.80542240652643,23.423227366973745,40.07974460571063,34.35406680489483,21.861678875842163,36.956647623447466,23.943743530684273,47.887487061368546,10.410323274210553,37.47716378715799,62.461939645263314,26.54632434923691,10.930839437921081,36.956647623447466,32.272002150052714,69.7491659372107,48.40800322507907,5.2051616371052765,39.5592284420001,49.96955171621065,0.0448475542460709,0.04589315958808639,0.0412109806228526,0.042774962612147076,0.04413872117976389,0.04352725343366264,0.04205426229206431,0.041861731979069255,0.04416042386465126,0.04495772842195706,0.04405705804914694
354,46.32211095561513,23.421292056209897,40.07643307395915,34.35122834910785,21.8598725857959,36.95359413313117,23.94176521301456,47.88353042602912,10.409463136093287,37.994540446740494,62.45677881655972,26.544130997037882,10.92993629289795,36.43312097632651,32.26933572188919,69.74340301182502,47.88353042602912,5.204731568046643,39.55595991715449,49.965423053247775,0.04477728705588819,0.045832808566308364,0.0411740659810945,0.04283690505552369,0.04406930865455136,0.04353780348273853,0.04220807234274437,0.04191620328296422,0.04419746684648163,0.044990277863423876,0.043986644063616805
355,45.80542240652643,23.423227366973745,40.07974460571063,34.35406680489483,21.861678875842163,36.956647623447466,23.943743530684273,47.887487061368546,10.410323274210553,37.47716378715799,62.461939645263314,26.54632434923691,10.930839437921081,36.956647623447466,32.272002150052714,69.7491659372107,48.40800322507907,5.2051616371052765,39.5592284420001,49.96955171621065,0.0448475542460709,0.04589315958808639,0.0412109806228526,0.042774962612147076,0.04413872117976389,0.04352725343366264,0.04205426229206431,0.041861731979069255,0.04416042386465126,0.04495772842195706,0.04405705804914694
356,45.85917923646747,22.929589618233734,40.126781831909035,33.87325739057256,22.408462581455694,37.0000196112408,23.971843691789815,48.46481442035767,10.422540735560789,38.04227368479688,62.53524441336474,26.57747887568001,10.943667772338829,37.0000196112408,32.30987628023845,69.83102292825728,47.94368738357963,5.211270367780394,39.605654795130995,50.02819553069179,0.044861329568119626,0.04570325499054215,0.04125190225185456,0.04261155716212511,0.04417405971137542,0.04351604066473827,0.04208386486146188,0.04181422637807963,0.04410758599963955,0.04490926681801204,0.04383987481601239
357,46.299530850594,23.409875149176745,40.056897477480206,34.33448355212589,21.849216805898294,36.93558079092331,23.93009459693623,47.86018919387246,10.404388955189663,37.97601968644227,62.42633373113799,26.531191835733644,10.924608402949147,36.93558079092331,32.25360576108796,69.18918655201126,47.86018919387246,5.202194477594832,39.536678029720726,49.941066984910385,0.0448811226562014,0.045864069623771486,0.041266006284806075,0.042802780984693825,0.04413664364104027,0.043491047391834334,0.04218288020450171,0.04190752598048552,0.04414939806945652,0.04505919360195877,0.04403988380176688
358,45.80542240652643,23.423227366973745,40.07974460571063,34.35406680489483,21.861678875842163,36.956647623447466,23.943743530684273,47.887487061368546,10.410323274210553,37.47716378715799,62.461939645263314,26.54632434923691,10.930839437921081,36.956647623447466,32.272002150052714,69.7491659372107,48.40800322507907,5.2051616371052765,39.5592284420001,49.96955171621065,0.0448475542460709,0.04589315958808639,0.0412109806228526,0.042774962612147076,0.04413872117976389,0.04352725343366264,0.04205426229206431,0.041861731979069255,0.04416042386465126,0.04495772842195706,0.04405705804914694
359,45.713761130889914,23.89582968205609,39.999540989528676,34.28532084816744,21.81793144883382,36.3632190813897,23.89582968205609,47.79165936411218,10.389491166111343,37.921642756306404,62.33694699666806,26.493202473583928,10.90896572441691,36.88269363969527,32.207422614945166,69.60959081294601,47.79165936411218,5.1947455830556715,39.48006643122311,49.86955759733445,0.0448529783783128,0.04603573182050128,0.04119364693874309,0.04293854192460823,0.04429453043477475,0.043487621349149845,0.04218984418906517,0.041946926380438385,0.04432045447119758,0.04509451362307885,0.04417065218456286
360,45.761733813872695,23.40088660936672,40.04151708713861,33.80128065797415,21.8408275020756,36.921398872556374,23.92090631179709,48.36183232602455,9.880374346177058,37.96143827741712,62.40236429164458,26.521004823948946,10.9204137510378,36.921398872556374,32.241221550683036,69.68264012566978,47.84181262359418,5.200197024303715,40.04151708713861,49.921891433315665,0.04505888837776837,0.045885788153735806,0.04130292813699576,0.04269700814792269,0.04425149259158928,0.04348208757050242,0.04205729007116548,0.04203346542550534,0.04422322106059409,0.04490076028039403,0.04408736775345532
361,45.80542240652643,23.423227366973745,40.07974460571063,34.35406680489483,21.861678875842163,36.956647623447466,23.943743530684273,47.887487061368546,10.410323274210553,37.47716378715799,62.461939645263314,26.54632434923691,10.930839437921081,36.956647623447466,32.272002150052714,69.7491659372107,48.40800322507907,5.2051616371052765,39.5592284420001,49.96955171621065,0.0448475542460709,0.04589315958808639,0.0412109806228526,0.042774962612147076,0.04413872117976389,0.04352725343366264,0.04205426229206431,0.041861731979069255,0.04416042386465126,0.04495772842195706,0.04405705804914694
362,45.74954797621193,23.394655215108372,40.030854479185436,33.792279755156535,21.835011534101145,36.91156711717099,23.91453644211078,48.34895411122397,9.877743313045757,37.951329571175805,62.9056284672914,26.513942577122823,10.917505767050573,36.91156711717099,31.712754847146904,69.6640844183227,47.82907288422156,5.198812270024082,40.030854479185436,49.90859779223119,0.045092633204247085,0.04590723610480736,0.04132565400571004,0.04267674250736779,0.04426847147576712,0.04351642207910682,0.042028843021517645,0.0420767816453997,0.04425414313575696,0.044892509493066765,0.044079336324844495
363,45.80542240652643,23.423227366973745,40.07974460571063,34.35406680489483,21.861678875842163,36.956647623447466,23.943743530684273,47.887487061368546,10.410323274210553,37.47716378715799,62.461939645263314,26.54632434923691,10.930839437921081,36.956647623447466,32.272002150052714,69.7491659372107,48.40800322507907,5.2051616371052765,39.5592284420001,49.96955171621065,0.0448475542460709,0.04589315958808639,0.0412109806228526,0.042774962612147076,0.04413872117976389,0.04352725343366264,0.04205426229206431,0.041861731979069255,0.04416042386465126,0.04495772842195706,0.04405705804914694
364,45.713761130889914,23.89582968205609,39.999540989528676,34.28532084816744,21.81793144883382,36.3632190813897,23.89582968205609,47.79165936411218,10.389491166111343,37.921642756306404,62.33694699666806,26.493202473583928,10.90896572441691,36.88269363969527,32.207422614945166,69.60959081294601,47.79165936411218,5.1947455830556715,39.48006643122311,49.86955759733445,0.0448529783783128,0.04603573182050128,0.04119364693874309,0.04293854192460823,0.04429453043477475,0.043487621349149845,0.04218984418906517,0.041946926380438385,0.04432045447119758,0.04509451362307885,0.04417065218456286
365,45.80542240652643,23.423227366973745,40.07974460571063,34.35406680489483,21.861678875842163,36.956647623447466,23.943743530684273,47.887487061368546,10.410323274210553,37.47716378715799,62.461939645263314,26.54632434923691,10.930839437921081,36.956647623447466,32.272002150052714,69.7491659372107,48.40800322507907,5.2051616371052765,39.5592284420001,49.96955171621065,0.0448475542460709,0.04589315958808639,0.0412109806228526,0.042774962612147076,0.04413872117976389,0.04352725343366264,0.04205426229206431,0.041861731979069255,0.04416042386465126,0.04495772842195706,0.04405705804914694
366,45.790008281723225,23.415345144063014,40.066257246507824,34.34250621129242,21.854322134458812,36.94421122729942,23.935686147264413,47.871372294528825,10.406820064028006,37.98489323370222,62.44092038416804,26.537391163271415,10.927161067229406,36.94421122729942,32.261142198486816,69.72569442898764,47.871372294528825,5.203410032014003,39.54591624330642,49.952736307334426,0.04485062167116031,0.04588668918333206,0.04123245814763748,0.04279671754560629,0.04414208102137767,0.04347673683798428,0.04211711212493472,0.04193122759926905,0.04417343568706613,0.04502630667033222,0.044025610309899516
367,45.790008281723225,23.415345144063014,40.066257246507824,34.34250621129242,21.854322134458812,36.94421122729942,23.935686147264413,47.871372294528825,10.406820064028006,37.98489323370222,62.44092038416804,26.537391163271415,10.927161067229406,36.94421122729942,32.261142198486816,69.72569442898764,47.871372294528825,5.203410032014003,39.54591624330642,49.952736307334426,0.04485062167116031,0.04588668918333206,0.04123245814763748,0.04279671754560629,0.04414208102137767,0.04347673683798428,0.04211711212493472,0.04193122759926905,0.04417343568706613,0.04502630667033222,0.044025610309899516
368,45.790008281723225,23.415345144063014,40.066257246507824,34.34250621129242,21.854322134458812,36.94421122729942,23.935686147264413,47.871372294528825,10.406820064028006,37.98489323370222,62.44092038416804,26.537391163271415,10.927161067229406,36.94421122729942,32.261142198486816,69.72569442898764,47.871372294528825,5.203410032014003,39.54591624330642,49.952736307334426,0.04485062167116031,0.04588668918333206,0.04123245814763748,0.04279671754560629,0.04414208102137767,0.04347673683798428,0.04211711212493472,0.04193122759926905,0.04417343568706613,0.04502630667033222,0.044025610309899516
369,45.790008281723225,23.415345144063014,40.066257246507824,34.34250621129242,21.854322134458812,36.94421122729942,23.935686147264413,47.871372294528825,10.406820064028006,37.98489323370222,62.44092038416804,26.537391163271415,10.927161067229406,36.94421122729942,32.261142198486816,69.72569442898764,47.871372294528825,5.203410032014003,39.54591624330642,49.952736307334426,0.04485062167116031,0.04588668918333206,0.04123245814763748,0.04279671754560629,0.04414208102137767,0.04347673683798428,0.04211711212493472,0.04193122759926905,0.04417343568706613,0.04502630667033222,0.044025610309899516
370,45.790008281723225,23.415345144063014,40.066257246507824,34.34250621129242,21.854322134458812,36.94421122729942,23.935686147264413,47.871372294528825,10.406820064028006,37.98489323370222,62.44092038416804,26.537391163271415,10.927161067229406,36.94421122729942,32.261142198486816,69.72569442898764,47.871372294528825,5.203410032014003,39.54591624330642,49.952736307334426,0.04485062167116031,0.04588668918333206,0.04123245814763748,0.04279671754560629,0.04414208102137767,0.04347673683798428,0.04211711212493472,0.04193122759926905,0.04417343568706613,0.04502630667033222,0.044025610309899516
371,45.790008281723225,23.415345144063014,40.066257246507824,34.34250621129242,21.854322134458812,36.94421122729942,23.935686147264413,47.871372294528825,10.406820064028006,37.98489323370222,62.44092038416804,26.537391163271415,10.927161067229406,36.94421122729942,32.261142198486816,69.72569442898764,47.871372294528825,5.203410032014003,39.54591624330642,49.952736307334426,0.04485062167116031,0.04588668918333206,0.04123245814763748,0.04279671754560629,0.04414208102137767,0.04347673683798428,0.04211711212493472,0.04193122759926905,0.04417343568706613,0.04502630667033222,0.044025610309899516
372,45.790008281723225,23.415345144063014,40.066257246507824,34.34250621129242,21.854322134458812,36.94421122729942,23.935686147264413,47.871372294528825,10.406820064028006,37.98489323370222,62.44092038416804,26.537391163271415,10.927161067229406,36.94421122729942,32.261142198486816,69.72569442898764,47.871372294528825,5.203410032014003,39.54591624330642,49.952736307334426,0.04485062167116031,0.04588668918333206,0.04123245814763748,0.04279671754560629,0.04414208102137767,0.04347673683798428,0.04211711212493472,0.04193122759926905,0.04417343568706613,0.04502630667033222,0.044025610309899516
373,45.77393701818237,23.407126884297806,40.052194890909576,34.330452763636785,21.84665175867795,36.41108626446325,23.927285259504423,47.854570519008846,10.923325879338975,37.97156139008311,62.939163400000766,26.52807713553751,10.923325879338975,36.93124463966987,31.729660887603693,69.7012222776868,47.854570519008846,5.201583752066179,39.53203651570296,49.93520401983532,0.044895538946353286,0.04587627712035794,0.04126120799035698,0.04283859802549245,0.04411030664755812,0.04349332690381272,0.042160932983505414,0.041923646418470274,0.044188420088113835,0.045033093776660135,0.044060275892700985
374,45.790008281723225,23.415345144063014,40.066257246507824,34.34250621129242,21.854322134458812,36.94421122729942,23.935686147264413,47.871372294528825,10.406820064028006,37.98489323370222,62.44092038416804,26.537391163271415,10.927161067229406,36.94421122729942,32.261142198486816,69.72569442898764,47.871372294528825,5.203410032014003,39.54591624330642,49.952736307334426,0.04485062167116031,0.04588668918333206,0.04123245814763748,0.04279671754560629,0.04414208102137767,0.04347673683798428,0.04211711212493472,0.04193122759926905,0.04417343568706613,0.04502630667033222,0.044025610309899516
375,45.790008281723225,23.415345144063014,40.066257246507824,34.34250621129242,21.854322134458812,36.94421122729942,23.935686147264413,47.871372294528825,10.406820064028006,37.98489323370222,62.44092038416804,26.537391163271415,10.927161067229406,36.94421122729942,32.261142198486816,69.72569442898764,47.871372294528825,5.203410032014003,39.54591624330642,49.952736307334426,0.04485062167116031,0.04588668918333206,0.04123245814763748,0.04279671754560629,0.04414208102137767,0.04347673683798428,0.04211711212493472,0.04193122759926905,0.04417343568706613,0.04502630667033222,0.044025610309899516
376,45.790008281723225,23.415345144063014,40.066257246507824,34.34250621129242,21.854322134458812,36.94421122729942,23.935686147264413,47.871372294528825,10.406820064028006,37.98489323370222,62.44092038416804,26.537391163271415,10.927161067229406,36.94421122729942,32.261142198486816,69.72569442898764,47.871372294528825,5.203410032014003,39.54591624330642,49.952736307334426,0.04485062167116031,0.04588668918333206,0.04123245814763748,0.04279671754560629,0.04414208102137767,0.04347673683798428,0.04211711212493472,0.04193122759926905,0.04417343568706613,0.04502630667033222,0.044025610309899516
377,45.790008281723225,23.415345144063014,40.066257246507824,34.34250621129242,21.854322134458812,36.94421122729942,23.935686147264413,47.871372294528825,10.406820064028006,37.98489323370222,62.44092038416804,26.537391163271415,10.927161067229406,36.94421122729942,32.261142198486816,69.72569442898764,47.871372294528825,5.203410032014003,39.54591624330642,49.952736307334426,0.04485062167116031,0.04588668918333206,0.04123245814763748,0.04279671754560629,0.04414208102137767,0.04347673683798428,0.04211711212493472,0.04193122759926905,0.04417343568706613,0.04502630667033222,0.044025610309899516
378,45.790008281723225,23.415345144063014,40.066257246507824,34.34250621129242,21.854322134458812,36.94421122729942,23.935686147264413,47.871372294528825,10.406820064028006,37.98489323370222,62.44092038416804,26.537391163271415,10.927161067229406,36.94421122729942,32.261142198486816,69.72569442898764,47.871372294528825,5.203410032014003,39.54591624330642,49.952736307334426,0.04485062167116031,0.04588668918333206,0.04123245814763748,0.04279671754560629,0.04414208102137767,0.04347673683798428,0.04211711212493472,0.04193122759926905,0.04417343568706613,0.04502630667033222,0.044025610309899516
379,45.790008281723225,23.415345144063014,40.066257246507824,34.34250621129242,21.854322134458812,36.94421122729942,23.935686147264413,47.871372294528825,10.406820064028006,37.98489323370222,62.44092038416804,26.537391163271415,10.927161067229406,36.94421122729942,32.261142198486816,69.72569442898764,47.871372294528825,5.203410032014003,39.54591624330642,49.952736307334426,0.04485062167116031,0.04588668918333206,0.04123245814763748,0.04279671754560629,0.04414208102137767,0.04347673683798428,0.04211711212493472,0.04193122759926905,0.04417343568706613,0.04502630667033222,0.044025610309899516
380,45.790008281723225,23.415345144063014,40.066257246507824,34.34250621129242,21.854322134458812,36.94421122729942,23.935686147264413,47.871372294528825,10.406820064028006,37.98489323370222,62.44092038416804,26.537391163271415,10.927161067229406,36.94421122729942,32.261142198486816,69.72569442898764,47.871372294528825,5.203410032014003,39.54591624330642,49.952736307334426,0.04485062167116031,0.04588668918333206,0.04123245814763748,0.04279671754560629,0.04414208102137767,0.04347673683798428,0.04211711212493472,0.04193122759926905,0.04417343568706613,0.04502630667033222,0.044025610309899516
381,45.790008281723225,23.415345144063014,40.066257246507824,34.34250621129242,21.854322134458812,36.94421122729942,23.935686147264413,47.871372294528825,10.406820064028006,37.98489323370222,62.44092038416804,26.537391163271415,10.927161067229406,36.94421122729942,32.261142198486816,69.72569442898764,47.871372294528825,5.203410032014003,39.54591624330642,49.952736307334426,0.04485062167116031,0.04588668918333206,0.04123245814763748,0.04279671754560629,0.04414208102137767,0.04347673683798428,0.04211711212493472,0.04193122759926905,0.04417343568706613,0.04502630667033222,0.044025610309899516
382,40.99708842034263,21.297188789788375,60.69698805089688,29.816064305703726,23.959337388511923,30.880923745193147,15.440461872596574,43.659237019066175,11.713453834383607,42.061947859832046,71.34558244579107,22.894477949022505,6.389156636936513,40.99708842034263,24.491767108256635,68.68343384706752,55.90512057319449,6.921586356681223,37.27008038212966,66.55371496808868,0.044545336578764534,0.04319978622049761,0.040807942878933405,0.04239246220429137,0.04239512354623805,0.04317170517180937,0.042210060714473675,0.04163097434283603,0.04334464159993669,0.042028483013542506,0.04184376398396733
383,41.00155054156119,21.299506774836978,60.70359430828539,29.81930948477177,23.961945121691603,30.88428482351362,15.44214241175681,43.66398888841581,11.714728726160338,42.599013549673955,70.82086002633295,22.896969782949753,6.389852032451094,40.46906287219026,24.494432791062525,68.69090934884926,55.378717614576146,6.922339701822018,37.27413685596471,67.62593401010741,0.04450924980682213,0.04316002091465078,0.04076189687144875,0.042410194657439504,0.04246874718644525,0.04313872771253806,0.04223560020979797,0.04162024089405681,0.04335065278282898,0.042030589553442785,0.041826410039604564
384,45.790008281723225,23.415345144063014,40.066257246507824,34.34250621129242,21.854322134458812,36.94421122729942,23.935686147264413,47.871372294528825,10.406820064028006,37.98489323370222,62.44092038416804,26.537391163271415,10.927161067229406,36.94421122729942,32.261142198486816,69.72569442898764,47.871372294528825,5.203410032014003,39.54591624330642,49.952736307334426,0.04485062167116031,0.04588668918333206,0.04123245814763748,0.04279671754560629,0.04414208102137767,0.04347673683798428,0.04211711212493472,0.04193122759926905,0.04417343568706613,0.04502630667033222,0.044025610309899516
385,45.790008281723225,23.415345144063014,40.066257246507824,34.34250621129242,21.854322134458812,36.94421122729942,23.935686147264413,47.871372294528825,10.406820064028006,37.98489323370222,62.44092038416804,26.537391163271415,10.927161067229406,36.94421122729942,32.261142198486816,69.72569442898764,47.871372294528825,5.203410032014003,39.54591624330642,49.952736307334426,0.04485062167116031,0.04588668918333206,0.04123245814763748,0.04279671754560629,0.04414208102137767,0.04347673683798428,0.04211711212493472,0.04193122759926905,0.04417343568706613,0.04502630667033222,0.044025610309899516
386,45.790008281723225,23.415345144063014,40.066257246507824,34.34250621129242,21.854322134458812,36.94421122729942,23.935686147264413,47.871372294528825,10.406820064028006,37.98489323370222,62.44092038416804,26.537391163271415,10.927161067229406,36.94421122729942,32.261142198486816,69.72569442898764,47.871372294528825,5.203410032014003,39.54591624330642,49.952736307334426,0.04485062167116031,0.04588668918333206,0.04123245814763748,0.04279671754560629,0.04414208102137767,0.04347673683798428,0.04211711212493472,0.04193122759926905,0.04417343568706613,0.04502630667033222,0.044025610309899516
387,45.790008281723225,23.415345144063014,40.066257246507824,34.34250621129242,21.854322134458812,36.94421122729942,23.935686147264413,47.871372294528825,10.406820064028006,37.98489323370222,62.44092038416804,26.537391163271415,10.927161067229406,36.94421122729942,32.261142198486816,69.72569442898764,47.871372294528825,5.203410032014003,39.54591624330642,49.952736307334426,0.04485062167116031,0.04588668918333206,0.04123245814763748,0.04279671754560629,0.04414208102137767,0.04347673683798428,0.04211711212493472,0.04193122759926905,0.04417343568706613,0.04502630667033222,0.044025610309899516
388,45.790008281723225,23.415345144063014,40.066257246507824,34.34250621129242,21.854322134458812,36.94421122729942,23.935686147264413,47.871372294528825,10.406820064028006,37.98489323370222,62.44092038416804,26.537391163271415,10.927161067229406,36.94421122729942,32.261142198486816,69.72569442898764,47.871372294528825,5.203410032014003,39.54591624330642,49.952736307334426,0.04485062167116031,0.04588668918333206,0.04123245814763748,0.04279671754560629,0.04414208102137767,0.04347673683798428,0.04211711212493472,0.04193122759926905,0.04417343568706613,0.04502630667033222,0.044025610309899516
389,45.790008281723225,23.415345144063014,40.066257246507824,34.34250621129242,21.854322134458812,36.94421122729942,23.935686147264413,47.871372294528825,10.406820064028006,37.98489323370222,62.44092038416804,26.537391163271415,10.927161067229406,36.94421122729942,32.261142198486816,69.72569442898764,47.871372294528825,5.203410032014003,39.54591624330642,49.952736307334426,0.04485062167116031,0.04588668918333206,0.04123245814763748,0.04279671754560629,0.04414208102137767,0.04347673683798428,0.04211711212493472,0.04193122759926905,0.04417343568706613,0.04502630667033222,0.044025610309899516
390,45.719432420204356,23.898794219652277,40.004503367678815,34.28957431515327,21.82063820055208,36.367730334253466,23.898794219652277,47.797588439304555,10.39078009550099,37.92634734857862,62.34468057300594,26.496489243527524,10.91031910027604,36.887269339028514,32.21141829605307,69.61822663985663,47.797588439304555,5.195390047750495,39.48496436290376,49.87574445840475,0.04478149368051606,0.04588196525486641,0.041393558818989665,0.042907148448190026,0.04420148522873322,0.043616519557425154,0.04220291569703579,0.04199401792354678,0.04419900819681148,0.04510616424159154,0.04417671817724428
391,45.70353010568521,23.890481646153635,39.47123054581905,34.277647579263906,21.81304845953158,36.355080765885965,23.890481646153635,47.78096329230727,10.387165933110275,37.913155655852506,62.322995598661656,26.487273129431202,10.90652422976579,36.87443906254148,32.200214392641854,69.59401175183885,47.78096329230727,5.193582966555137,39.47123054581905,49.85839647892932,0.0448009888553435,0.045859411698332825,0.04138921626757138,0.04296936693848025,0.0440707721138134,0.04364879223628453,0.04229917193438007,0.04199224232924978,0.044375978436817225,0.04509601415736778,0.04413974837684553
392,45.75988014794166,23.399938712015622,40.03989512944895,34.31991011095624,21.319944159836457,36.919903301180206,23.919937350060415,47.83987470012083,10.399972760895832,38.47989921531458,62.91983520341979,26.51993054028437,10.919971398940623,36.919903301180206,31.719916920732288,70.19981613604686,47.319876062076034,5.199986380447916,39.51989649140416,49.919869252299996,0.044868714580989746,0.046020678064580635,0.04132172172158377,0.04274508777912392,0.04419791458511101,0.043483398469670344,0.0421265796801838,0.04193283772886113,0.0441688193932906,0.045033800460738925,0.04410180949107462
393,45.719432420204356,23.898794219652277,40.004503367678815,34.28957431515327,21.82063820055208,36.367730334253466,23.898794219652277,47.797588439304555,10.39078009550099,37.92634734857862,62.34468057300594,26.496489243527524,10.91031910027604,36.887269339028514,32.21141829605307,69.61822663985663,47.797588439304555,5.195390047750495,39.48496436290376,49.87574445840475,0.04478149368051606,0.04588196525486641,0.041393558818989665,0.042907148448190026,0.04420148522873322,0.043616519557425154,0.04220291569703579,0.04199401792354678,0.04419900819681148,0.04510616424159154,0.04417671817724428
394,45.719432420204356,23.898794219652277,40.004503367678815,34.28957431515327,21.82063820055208,36.367730334253466,23.898794219652277,47.797588439304555,10.39078009550099,37.92634734857862,62.34468057300594,26.496489243527524,10.91031910027604,36.887269339028514,32.21141829605307,69.61822663985663,47.797588439304555,5.195390047750495,39.48496436290376,49.87574445840475,0.04478149368051606,0.04588196525486641,0.041393558818989665,0.042907148448190026,0.04420148522873322,0.043616519557425154,0.04220291569703579,0.04199401792354678,0.04419900819681148,0.04510616424159154,0.04417671817724428
395,45.872375525196475,22.936187762598237,40.13832858454691,34.404281643897356,21.893633773389226,37.010666616919885,23.978741751807245,47.95748350361449,10.425539892090107,38.05322060612889,63.07451634714515,26.585126724829774,10.946816886694613,37.010666616919885,32.31917366547933,69.85111727700372,47.95748350361449,5.212769946045054,39.617051589942406,50.04259148203251,0.04467277111882198,0.045726097643840974,0.04136427873045348,0.04272151977831978,0.04418698412663054,0.04334906477505534,0.041903808253753484,0.04184493013831553,0.043990200329711134,0.04488327367708575,0.04408007682350666
396,45.77922493589852,23.409830933129925,40.0568218189112,34.33441870192389,21.84917553758793,36.93551102782721,23.93004939831059,47.86009879662118,10.404369303613299,38.49616642336921,62.4262158216798,26.531141724213914,10.924587768793964,36.93551102782721,32.253544841201226,69.70927433420911,47.33988033144051,5.2021846518066495,39.53660335373054,49.940972657343835,0.044876122154619565,0.04591197032319159,0.041265175874763305,0.04286417468693493,0.04413714991444178,0.043452416861526594,0.042125429596715676,0.04192360389163976,0.044187833405893454,0.045000005093787696,0.04403765301582078
397,45.872375525196475,22.936187762598237,40.13832858454691,34.404281643897356,21.893633773389226,37.010666616919885,23.978741751807245,47.95748350361449,10.425539892090107,38.05322060612889,63.07451634714515,26.585126724829774,10.946816886694613,37.010666616919885,32.31917366547933,69.85111727700372,47.95748350361449,5.212769946045054,39.617051589942406,50.04259148203251,0.04467277111882198,0.045726097643840974,0.04136427873045348,0.04272151977831978,0.04418698412663054,0.04334906477505534,0.041903808253753484,0.04184493013831553,0.043990200329711134,0.04488327367708575,0.04408007682350666
398,45.25364342115,23.407056941974137,40.05207521182241,34.33035018156207,21.846586479175862,36.93113428622586,23.927213762906895,47.85442752581379,10.403136418655173,38.491604749024134,62.418818511931036,26.52799786757069,10.403136418655173,36.93113428622586,32.249722897831035,70.22117082592241,47.85442752581379,5.201568209327586,39.53191839088966,49.93505480954483,0.044852450660711696,0.04594612338400259,0.041280370051415376,0.04277708120881793,0.04422124035770989,0.04347594296038051,0.042137206702910816,0.04197383684473771,0.044145868627033874,0.04502250341483561,0.044010554854685385
399,46.374378015851896,22.92665879435375,40.12165289011906,34.38998819153062,21.88453794006494,36.99529032725264,23.968779648642553,47.937559297285105,10.421208542888067,38.55847160868585,62.5272512573284,26.57408178436457,10.94226897003247,36.99529032725264,32.305746482953005,70.34315766449446,47.41649887014071,5.2106042714440335,39.60059246297465,49.50074057871832,0.044734842707333064,0.04579855370160158,0.04133267888139155,0.04284589812289701,0.044190541634844226,0.04330000634350556,0.042029626715714745,0.04188196591507014,0.04400298092545534,0.044925941844252505,0.043896536063530986
400,45.77808803948058,23.409249565643478,40.05582703454551,34.33356602961044,21.848632927933913,36.93459375912638,23.92945511154667,47.85891022309334,10.404110918063768,37.975004850932756,61.90445996247942,26.53048284106261,10.924316463966957,37.45479930502957,32.252743845997685,69.70754315102725,47.85891022309334,5.202055459031884,39.53562148864232,49.93973240670609,0.04488380252263237,0.04589315899787521,0.041252422872186466,0.0428083941376692,0.04414835789951657,0.043528517118030886,0.04210135690517882,0.04196920240025853,0.04422440202197524,0.044995526162860816,0.043989313058627535
401,45.25364342115,23.407056941974137,40.05207521182241,34.33035018156207,21.846586479175862,36.93113428622586,23.927213762906895,47.85442752581379,10.403136418655173,38.491604749024134,62.418818511931036,26.52799786757069,10.403136418655173,36.93113428622586,32.249722897831035,70.22117082592241,47.85442752581379,5.201568209327586,39.53191839088966,49.93505480954483,0.044852450660711696,0.04594612338400259,0.041280370051415376,0.04277708120881793,0.04422124035770989,0.04347594296038051,0.042137206702910816,0.04197383684473771,0.044145868627033874,0.04502250341483561,0.044010554854685385
402,45.790008281723225,23.415345144063014,40.066257246507824,34.34250621129242,21.854322134458812,36.94421122729942,23.935686147264413,47.871372294528825,10.406820064028006,37.98489323370222,62.44092038416804,26.537391163271415,10.927161067229406,36.94421122729942,32.261142198486816,69.72569442898764,47.871372294528825,5.203410032014003,39.54591624330642,49.952736307334426,0.04485062167116031,0.04588668918333206,0.04123245814763748,0.04279671754560629,0.04414208102137767,0.04347673683798428,0.04211711212493472,0.04193122759926905,0.04417343568706613,0.04502630667033222,0.044025610309899516
403,42.97670179804157,18.867820301579226,60.272203741155856,35.11511000571689,28.82583657185715,27.253518213392212,23.06066925748572,45.07312627599482,8.9098040313013,39.307958961623385,66.5614771750156,30.398154930322086,11.006228509254548,38.783852842135076,29.34994269134546,58.69988538269092,48.741869112413,7.337485672836365,40.35617120060001,50.83829359036624,0.04412234935650751,0.04419069843172416,0.04347378941139865,0.04428117337575895,0.042566922022627386,0.04235317512481142,0.04317330637571829,0.0425926776466735,0.04399914735799125,0.04201096052078451,0.04312968088769262
404,45.80745447186645,23.424266491295345,40.081522662883145,34.35559085389984,21.862648725208988,36.95828713071043,23.944805746657465,47.88961149331493,10.410785107242376,37.99936564143467,62.464710643454254,26.54750202346806,10.931324362604494,36.437747875348315,31.752894577089243,70.79333872924815,47.88961149331493,5.205392553621188,39.56098340752103,49.971768514763404,0.044766831154682274,0.04583394080596505,0.04115121313230605,0.04284701841691177,0.04410958035784027,0.04356632095524633,0.04212099324117319,0.04192349814796669,0.04416376690722438,0.04499462560312537,0.04398295591543974
405,46.374378015851896,22.92665879435375,40.12165289011906,34.38998819153062,21.88453794006494,36.99529032725264,23.968779648642553,47.937559297285105,10.421208542888067,38.55847160868585,62.5272512573284,26.57408178436457,10.94226897003247,36.99529032725264,32.305746482953005,70.34315766449446,47.41649887014071,5.2106042714440335,39.60059246297465,49.50074057871832,0.044734842707333064,0.04579855370160158,0.04133267888139155,0.04284589812289701,0.044190541634844226,0.04330000634350556,0.042029626715714745,0.04188196591507014,0.04400298092545534,0.044925941844252505,0.043896536063530986
406,46.368539635013555,22.923772403826927,40.116601706697125,33.86466377838069,21.881782749107522,36.99063274253891,23.965762058546332,48.452518944452365,10.419896547194059,38.553617224618016,62.51937928316435,26.570736195344846,10.940891374553761,36.99063274253891,32.30167929630158,70.3343016935599,47.41052928973296,5.209948273597029,39.59560687933742,49.49450859917177,0.04476944974364625,0.04587322543773725,0.04127829110037924,0.04302055093852891,0.044125695364348176,0.04325896946595598,0.042132834112456975,0.04185835554556223,0.04390704665664344,0.04495278073043698,0.043827973544601745
407,45.77380929575614,23.40706157169348,40.05208313378662,34.3303569718171,21.846590800247245,36.93114159089416,23.92721849550889,47.334280067202364,10.403138476308213,39.0117692861558,62.41883085784928,26.528003114585943,10.923295400123623,36.93114159089416,32.249729276555456,70.22118471508044,46.81412314338696,5.201569238154106,39.53192620997121,49.93506468627942,0.04492565478336531,0.0458326087395191,0.04128962316997079,0.042862877042094856,0.04413245584869817,0.04347971310591387,0.042060407181871456,0.04196106145795018,0.044277202288826124,0.04505013331096869,0.0439713392554109
408,38.55279010345681,19.540455257916467,47.00271670147474,24.821659381677673,20.596696082668707,24.821659381677673,20.068575670292585,39.60903092820905,8.449926598017932,40.13715134058517,52.81204123761207,21.652936907420948,7.9218061856418105,30.630983917815,19.540455257916467,57.56512494899716,49.11519835097923,5.809324536137328,27.462261443558276,62.31820866038224,0.04483262587326905,0.044883963737487306,0.040790530136635215,0.043181835202414025,0.042962141403176196,0.04393714818811977,0.041544795796954886,0.04233438783445339,0.0421924174146888,0.04227575147146781,0.042943990565212836
409,45.792418448465625,23.41657761569265,40.06836614240742,34.864682227809055,21.85547244131314,35.90541901072873,23.41657761569265,47.87389201430497,11.448104612116406,37.986892576568074,62.96457536664023,26.538787964451668,10.92773622065657,36.9461557936484,32.26284027050987,69.72936445561811,47.87389201430497,5.203683914598367,39.54799775094758,49.43499718868448,0.044849411991965474,0.045857748867309533,0.04123051071827116,0.0428038945415141,0.044129775895867335,0.043478385679835356,0.04211022048628329,0.04193640591806448,0.044151072411278344,0.04503834453288082,0.0440458374968934
410,45.77922473495134,23.409830830372847,40.05682164308242,34.33441855121351,21.84917544168132,36.93551086569938,23.93004929327002,47.86009858654004,10.404369257943486,38.4961662543909,62.426215547660924,26.53114160775589,10.92458772084066,36.93551086569938,32.25354469962481,69.70927402822136,47.339880123642864,5.202184628971743,39.53660318018525,49.94097243812874,0.04482442566279939,0.04595257121685778,0.04128852615158382,0.04275948259508698,0.04418555149043404,0.043460071771989475,0.042105002979913535,0.04195843411370469,0.044132235998661756,0.04501350751671145,0.044101727605082845
411,45.764631760869364,23.402368514080926,40.044052790760695,34.323473820652026,21.842210613142196,36.92373698888324,23.922421147727167,47.844842295454335,10.921105306571098,39.00394752346821,61.886263403902895,26.522684315958383,10.921105306571098,36.92373698888324,31.72321065242081,69.68705290859654,47.3247896618081,5.200526336462428,39.52400015711445,49.92505283003931,0.04490903881151547,0.045931715967768225,0.04127723352716995,0.04289046412280935,0.044186198826078174,0.043465724772937066,0.04214779966250423,0.04195421253496808,0.04418274423870771,0.04498020451044085,0.044022029378858074
412,43.89706762062908,19.33561311861043,58.00683935583129,35.0131372688351,28.21954347040441,27.174375193722764,21.94853381031454,48.07774072735566,7.838762075112336,40.76156279058415,66.36818556928445,31.355048300449344,11.496851043498094,37.10347382219839,29.264711747086054,58.00683935583129,49.64549314237813,7.316177936771513,40.238978652243325,50.69066141905977,0.04417748951082499,0.044451564984082925,0.04380684715707306,0.04439014851323521,0.04287827221254704,0.04293271195884601,0.04305633102610719,0.04291929287553803,0.04367567051992208,0.0424134267579186,0.042714106143082485
413,45.790008281723225,23.415345144063014,40.066257246507824,34.34250621129242,21.854322134458812,36.94421122729942,23.935686147264413,47.871372294528825,10.406820064028006,37.98489323370222,62.44092038416804,26.537391163271415,10.927161067229406,36.94421122729942,32.261142198486816,69.72569442898764,47.871372294528825,5.203410032014003,39.54591624330642,49.952736307334426,0.04485062167116031,0.04588668918333206,0.04123245814763748,0.04279671754560629,0.04414208102137767,0.04347673683798428,0.04211711212493472,0.04193122759926905,0.04417343568706613,0.04502630667033222,0.044025610309899516
414,45.79549934598017,23.41815307464895,40.07106192773265,34.346624509485125,21.856942869672352,36.94864151777946,23.938556476307816,47.87711295261563,10.408068033177312,37.989448321097186,61.928004797405,26.54057348460214,10.928471434836176,36.94864151777946,32.26501090284967,70.25445922394685,47.87711295261563,5.204034016588656,39.55065852607378,49.95872655925109,0.044851755767204925,0.04587758189923281,0.04125084459955406,0.0427726774589367,0.044186787543118396,0.043452305030629405,0.042094708187068924,0.041949968954363426,0.04419149048370852,0.04499840206039954,0.043970076356917825
415,44.733050453818066,23.406828725835037,40.05168470865106,34.33001546455805,21.846373477446033,36.93077421187306,23.926980475298038,47.853960950596075,10.403034989260016,38.49122946026206,62.41820993556009,26.52773922261304,10.403034989260016,36.93077421187306,32.24940846670605,70.22048617750511,47.853960950596075,5.201517494630008,39.53153295918806,50.45471969791108,0.04486382295834384,0.045962285299867595,0.041277762804031365,0.04276435527199329,0.044234226311262795,0.04342610732632374,0.042154456014151506,0.04198687072632322,0.04412775178565994,0.045016253602003065,0.044034358437038734
416,45.25364342115,23.407056941974137,40.05207521182241,34.33035018156207,21.846586479175862,36.93113428622586,23.927213762906895,47.85442752581379,10.403136418655173,38.491604749024134,62.418818511931036,26.52799786757069,10.403136418655173,36.93113428622586,32.249722897831035,70.22117082592241,47.85442752581379,5.201568209327586,39.53191839088966,49.93505480954483,0.044852450660711696,0.04594612338400259,0.041280370051415376,0.04277708120881793,0.04422124035770989,0.04347594296038051,0.042137206702910816,0.04197383684473771,0.044145868627033874,0.04502250341483561,0.044010554854685385
417,45.77922493589852,23.409830933129925,40.0568218189112,34.33441870192389,21.84917553758793,36.93551102782721,23.93004939831059,47.86009879662118,10.404369303613299,38.49616642336921,62.4262158216798,26.531141724213914,10.924587768793964,36.93551102782721,32.253544841201226,69.70927433420911,47.33988033144051,5.2021846518066495,39.53660335373054,49.940972657343835,0.044876122154619565,0.04591197032319159,0.041265175874763305,0.04286417468693493,0.04413714991444178,0.043452416861526594,0.042125429596715676,0.04192360389163976,0.044187833405893454,0.045000005093787696,0.04403765301582078
418,45.606207904958175,24.357861040148116,39.9054319168384,34.20465592871863,21.766599227366402,36.277665378944,23.839608677591773,47.679217355183546,10.365047251126859,38.35067482916938,62.19028350676115,26.43087049037349,10.883299613683201,36.79591774150035,32.13164647849326,68.92756421999361,47.16096499262721,5.182523625563429,39.38717955428206,49.75222680540892,0.04502178470132704,0.04610102906699942,0.041462392817638194,0.042981576154427506,0.044253995467277735,0.043736975878058526,0.04217199054230248,0.042132026987743994,0.04444073413059241,0.04518467698360006,0.04426045471368958
419,46.31697956359045,23.418697532152475,40.07199355501646,34.347423047156965,21.857451030008978,36.94950055072946,23.939113032866977,47.357810565019456,10.40831001428999,37.99033155215846,62.449860085739935,26.541190536439473,10.928725515004489,36.94950055072946,32.26576104429897,69.73567709574293,47.878226065733955,5.204155007144995,39.55157805430196,49.95988806859195,0.0448527011519332,0.04587757447952077,0.041225061405685194,0.04279634826213378,0.04413464848848389,0.04345915598895244,0.04211643313808386,0.04193703284518278,0.044159218883662726,0.0450260292080825,0.04400029543377945
420,45.77922493589852,23.409830933129925,40.0568218189112,34.33441870192389,21.84917553758793,36.93551102782721,23.93004939831059,47.86009879662118,10.404369303613299,38.49616642336921,62.4262158216798,26.531141724213914,10.924587768793964,36.93551102782721,32.253544841201226,69.70927433420911,47.33988033144051,5.2021846518066495,39.53660335373054,49.940972657343835,0.044876122154619565,0.04591197032319159,0.041265175874763305,0.04286417468693493,0.04413714991444178,0.043452416861526594,0.042125429596715676,0.04192360389163976,0.044187833405893454,0.045000005093787696,0.04403765301582078
421,46.31697956359045,23.418697532152475,40.07199355501646,34.347423047156965,21.857451030008978,36.94950055072946,23.939113032866977,47.357810565019456,10.40831001428999,37.99033155215846,62.449860085739935,26.541190536439473,10.928725515004489,36.94950055072946,32.26576104429897,69.73567709574293,47.878226065733955,5.204155007144995,39.55157805430196,49.95988806859195,0.0448527011519332,0.04587757447952077,0.041225061405685194,0.04279634826213378,0.04413464848848389,0.04345915598895244,0.04211643313808386,0.04193703284518278,0.044159218883662726,0.0450260292080825,0.04400029543377945
422,45.79354461101489,23.417153494268977,40.069351534638024,34.34515845826117,21.856009927984378,36.94706440206883,23.93753468303051,47.87506936606102,10.928004963992189,38.50820796835343,62.44574265138394,26.539440626838175,10.928004963992189,36.94706440206883,32.263633703215035,69.7310792940454,47.35468817729949,5.203811887615328,39.02858915711496,49.95659412110715,0.04489016624678437,0.04589323015277277,0.04120619797128102,0.04277082400806231,0.044103500924956865,0.043495973755836345,0.04205314663172512,0.041906585713402555,0.044231680263269665,0.04506016784556298,0.04400733772481327
423,46.31697956359045,23.418697532152475,40.07199355501646,34.347423047156965,21.857451030008978,36.94950055072946,23.939113032866977,47.357810565019456,10.40831001428999,37.99033155215846,62.449860085739935,26.541190536439473,10.928725515004489,36.94950055072946,32.26576104429897,69.73567709574293,47.878226065733955,5.204155007144995,39.55157805430196,49.95988806859195,0.0448527011519332,0.04587757447952077,0.041225061405685194,0.04279634826213378,0.04413464848848389,0.04345915598895244,0.04211643313808386,0.04193703284518278,0.044159218883662726,0.0450260292080825,0.04400029543377945
424,45.790008281723225,23.415345144063014,40.066257246507824,34.34250621129242,21.854322134458812,36.94421122729942,23.935686147264413,47.871372294528825,10.406820064028006,37.98489323370222,62.44092038416804,26.537391163271415,10.927161067229406,36.94421122729942,32.261142198486816,69.72569442898764,47.871372294528825,5.203410032014003,39.54591624330642,49.952736307334426,0.04485062167116031,0.04588668918333206,0.04123245814763748,0.04279671754560629,0.04414208102137767,0.04347673683798428,0.04211711212493472,0.04193122759926905,0.04417343568706613,0.04502630667033222,0.044025610309899516
425,45.78419554554409,23.412372722153226,40.061171102351075,34.33814665915806,21.85154787400968,36.93952140606398,23.93264767153441,47.86529534306882,10.405498987623657,38.50034625420753,61.91271897636076,26.534022418440323,10.92577393700484,36.93952140606398,32.257046861633334,69.7168432170785,47.86529534306882,5.202749493811829,39.54089615296989,49.94639514059355,0.04486515855335826,0.045885752472999655,0.041233847534886396,0.04280055599898847,0.044151738634341686,0.04348540554811948,0.04212909020944637,0.041934421352523475,0.04417595978243001,0.045029903512398654,0.04403321701932475
426,45.790008281723225,23.415345144063014,40.066257246507824,34.34250621129242,21.854322134458812,36.94421122729942,23.935686147264413,47.871372294528825,10.406820064028006,37.98489323370222,62.44092038416804,26.537391163271415,10.927161067229406,36.94421122729942,32.261142198486816,69.72569442898764,47.871372294528825,5.203410032014003,39.54591624330642,49.952736307334426,0.04485062167116031,0.04588668918333206,0.04123245814763748,0.04279671754560629,0.04414208102137767,0.04347673683798428,0.04211711212493472,0.04193122759926905,0.04417343568706613,0.04502630667033222,0.044025610309899516
427,45.7931993768276,23.416976954059567,40.06904945472415,33.82452226697493,21.855845157122264,36.94678586084954,23.937354219705337,47.874708439410675,10.927922578561132,38.50791765778685,62.44527187749218,26.539240547934178,10.927922578561132,36.94678586084954,32.26339047003763,69.73055359653293,47.354331173764905,5.203772656457682,39.54867218907838,49.95621750199374,0.04491512447102206,0.04590501091939867,0.041214822928985824,0.042924572456087516,0.0441102498535065,0.043426263344952476,0.042153073266895325,0.04188161606563853,0.04411478103746244,0.04494152491284268,0.04403569509743994
428,45.790008281723225,23.415345144063014,40.066257246507824,34.34250621129242,21.854322134458812,36.94421122729942,23.935686147264413,47.871372294528825,10.406820064028006,37.98489323370222,62.44092038416804,26.537391163271415,10.927161067229406,36.94421122729942,32.261142198486816,69.72569442898764,47.871372294528825,5.203410032014003,39.54591624330642,49.952736307334426,0.04485062167116031,0.04588668918333206,0.04123245814763748,0.04279671754560629,0.04414208102137767,0.04347673683798428,0.04211711212493472,0.04193122759926905,0.04417343568706613,0.04502630667033222,0.044025610309899516
429,45.790008281723225,23.415345144063014,40.066257246507824,34.34250621129242,21.854322134458812,36.94421122729942,23.935686147264413,47.871372294528825,10.406820064028006,37.98489323370222,62.44092038416804,26.537391163271415,10.927161067229406,36.94421122729942,32.261142198486816,69.72569442898764,47.871372294528825,5.203410032014003,39.54591624330642,49.952736307334426,0.04485062167116031,0.04588668918333206,0.04123245814763748,0.04279671754560629,0.04414208102137767,0.04347673683798428,0.04211711212493472,0.04193122759926905,0.04417343568706613,0.04502630667033222,0.044025610309899516
430,45.811564504591445,23.42636821257517,40.085118941517514,34.358673378443584,21.864610331736827,36.96160317984082,23.946954172854618,47.893908345709235,10.411719205588964,38.52336106067917,62.99090119381324,26.54988397425186,10.932305165868414,35.920431259281926,32.27632953732579,70.27910463772551,47.37332238542979,5.205859602794482,39.56453298123807,49.97625218682703,0.044779646790533666,0.045774986791087276,0.0412051320963436,0.04286270404954344,0.04406543533865227,0.04354380188572261,0.04209359570335445,0.0419283890742856,0.04421969148217392,0.04498097126194725,0.043959685246907666
431,45.841831807486315,22.920915903743158,40.11160283155053,34.38137385561473,21.87905608993665,36.46509348322775,23.962775717549665,47.92555143509933,10.939528044968325,38.54881311084076,62.51158882839043,26.56742525206593,11.460457951871579,36.986023390131,32.29765422800172,69.80460752503598,47.404621528196074,5.209299069032536,39.59067292464727,50.009271062712344,0.04474222240941301,0.04581696436091806,0.041373138919328964,0.042890140335589216,0.044109417840340476,0.04332763769220622,0.04204236194509966,0.041811751920670964,0.04401950001182776,0.045032793114878004,0.043904164546474084
432,45.819736501748245,23.430547074757627,40.092269439029714,34.36480237631118,21.86851060310712,36.9681964957287,23.951225898641127,47.902451797282254,10.413576477670055,38.009554143495706,63.00213768990384,26.554620018058642,10.93425530155356,36.9681964957287,32.282087080777174,69.77096240038938,47.902451797282254,4.686109414951525,39.571590615146214,49.98516709281627,0.04516898192154817,0.04602691718932511,0.04108568981387744,0.04253746972614917,0.044099305651314334,0.04356676108482104,0.04192543632610737,0.04207943158696814,0.0442793272687307,0.044872999763794295,0.04367885578386142
433,45.82373130774707,23.43258987327975,40.09576489427868,34.3677984808103,21.8704172150611,36.97141957784138,23.953314092685968,47.906628185371936,10.414484388124333,38.01286801665382,63.007630548152214,26.55693518971705,10.93520860753055,36.97141957784138,32.28490160318543,69.25632118102682,48.42735240477815,4.68651797465595,39.57504067487247,49.9895250629968,0.045165018652298335,0.04601823074671599,0.041075592393226536,0.042545698950868724,0.04409438271545997,0.04357463947995063,0.04192363199160471,0.042074106781147286,0.04428280594460438,0.04485335678687073,0.043668316151035905
434,43.42142558014687,19.356539114041375,60.16221616526373,35.05103028758843,28.773233818169608,27.203784700814904,23.018587054535686,45.51402440328647,9.416694704128236,39.75937763965255,66.44001263468256,30.342682935524316,10.986143821482942,38.18992852229785,29.819533229739413,56.50016822476942,48.652922637995886,7.324095880988628,40.28252734543745,50.745521461135496,0.04409160234010373,0.04418357704319659,0.04356302604544936,0.044458180507839576,0.042702956798003705,0.042668106686531114,0.04307429451983651,0.04281223723618104,0.04411086778424349,0.04211428192527991,0.043071163328433
435,42.99077353839004,18.873998138805383,60.29193849896164,35.12660764722113,28.835274934286,27.26244175605222,23.0682199474288,45.612162168779676,9.436999069402692,39.320829455844546,67.1075489379747,30.93238583859771,11.009832247636473,37.74799627761077,30.408108112519784,57.14627214249408,48.75782852524724,7.339888165090982,39.84510718192247,51.37921715563687,0.04380597998239948,0.044226862568260125,0.04384463747242561,0.04422217300386041,0.04258226198645912,0.042688729221312526,0.04275569723686622,0.04261252104875304,0.0443140871837073,0.041966968888063616,0.04270235532996536
436,43.42755897132281,19.359273276372818,60.17071423737498,35.055981338296725,28.777298113527163,27.207627307334775,23.021838490821732,44.9972297775152,8.894801235090215,39.24177015480977,65.92617386008041,30.346968919719554,10.987695643346735,38.19532295068151,30.346968919719554,56.50814902292607,48.65979499196411,7.325130428897824,40.81144096100216,51.27591300228477,0.044064206664356356,0.044136820273009116,0.04353707903558088,0.0444419432237719,0.04269121253922803,0.04248901909448604,0.04325306415669215,0.04279380695324639,0.04410347223146634,0.04207476853553814,0.04319100522849435
437,45.763031152578954,23.40155002120515,40.042652258506585,34.32227336443422,21.841446686458138,36.92244558901257,23.92158446612082,47.84316893224164,10.4006888983134,37.96251447884391,62.40413338988039,26.521756690699167,10.920723343229069,36.92244558901257,32.24213558477154,69.1645811737841,47.84316893224164,5.2003444491567,40.042652258506585,49.92330671190432,0.04479781671197329,0.0459716176140249,0.04132204823421845,0.042764818411579676,0.0441977461378134,0.04347659356569873,0.0420658000111367,0.04198017796093298,0.0442343448869396,0.04505691718711772,0.044097674362894634
438,43.46123104905077,18.850654430913586,60.217368320973954,35.08316241308917,28.27598164637038,27.22872306687518,23.03968874889438,44.508489628545966,8.901697925709193,39.27219673106997,65.97729050819756,29.84686951561318,10.99621508469959,37.70130886182717,30.37049880536078,54.45744613375036,48.697523946526765,7.330810056466395,40.84308460031277,51.31567039526476,0.043909550772204445,0.04427614480704095,0.04331085548232683,0.044407843022796156,0.04244034287117904,0.042685002401705245,0.04315237414748555,0.04290794320425468,0.04396536888669224,0.0421499628021981,0.04316532185451709
439,45.763031152578954,23.40155002120515,40.042652258506585,34.32227336443422,21.841446686458138,36.92244558901257,23.92158446612082,47.84316893224164,10.4006888983134,37.96251447884391,62.40413338988039,26.521756690699167,10.920723343229069,36.92244558901257,32.24213558477154,69.1645811737841,47.84316893224164,5.2003444491567,40.042652258506585,49.92330671190432,0.04479781671197329,0.0459716176140249,0.04132204823421845,0.042764818411579676,0.0441977461378134,0.04347659356569873,0.0420658000111367,0.04198017796093298,0.0442343448869396,0.04505691718711772,0.044097674362894634
440,43.45010556411727,19.369324167136618,60.20195349245164,35.07418159995009,29.31573387458515,27.221752883543353,23.03379090145976,45.020591307398625,8.899419211927635,39.26214358203368,65.96040121781658,30.362724370106047,10.99340020296943,38.215153086512785,30.362724370106047,57.06098200588895,48.68505804172177,7.328933468646287,40.83262932531503,51.302534280524014,0.04403497484988668,0.0440946986692918,0.04350244581926764,0.044419246667803995,0.04266413029180247,0.04243908709165562,0.043224541918505534,0.042723109686207315,0.04399575505722936,0.042111884628310885,0.04329487755958966
441,45.78199715566976,23.411248545512944,40.05924751121104,34.33649786675232,21.850498642478748,36.93774770514265,23.93149851319101,47.86299702638202,10.404999353561308,37.45799767282071,62.42999612136785,26.532748351581336,10.925249321239374,36.93774770514265,32.255497996040056,69.1932457011827,48.38324699406009,5.202499676780654,40.05924751121104,49.94399689709428,0.04471538646980923,0.04594540939388916,0.04133990973590064,0.042768578754391696,0.04420758226234224,0.04341769124142763,0.0420165939444724,0.041946111067970755,0.04418323384467762,0.04512223281220647,0.04408730279484678
442,45.790008281723225,23.415345144063014,40.066257246507824,34.34250621129242,21.854322134458812,36.94421122729942,23.935686147264413,47.871372294528825,10.406820064028006,37.98489323370222,62.44092038416804,26.537391163271415,10.927161067229406,36.94421122729942,32.261142198486816,69.72569442898764,47.871372294528825,5.203410032014003,39.54591624330642,49.952736307334426,0.04485062167116031,0.04588668918333206,0.04123245814763748,0.04279671754560629,0.04414208102137767,0.04347673683798428,0.04211711212493472,0.04193122759926905,0.04417343568706613,0.04502630667033222,0.044025610309899516
443,45.82414444582302,23.43280113706859,40.096126390095144,34.36810833436727,21.870614394597354,36.97175290515267,23.953530051225673,47.90706010245135,10.414578283141596,38.01321073346683,63.008198613006655,26.557174622011072,10.935307197298677,35.930295076838505,32.28519267773895,70.29840341120577,47.90706010245135,5.207289141570798,39.57539747593807,49.98997575907966,0.044731679045199216,0.04581822402539476,0.04116530659094146,0.04282432207296866,0.04406763075483963,0.04354954923418763,0.042126183765201976,0.04188959932300808,0.0441804654745574,0.0449561501414352,0.043961975415186184
444,46.369217846117955,22.924107699204384,40.11718847360767,34.38616154880658,21.882102803786,36.99117378735253,23.966112594622764,47.93222518924553,10.42004895418381,38.554181130480096,62.52029372510286,26.571124833168717,10.941051401893,37.512176235061716,32.30215175796981,69.81432799303153,48.45322763695472,5.210024477091905,39.59618602589848,48.45322763695472,0.044913949539646586,0.04568843111916996,0.04121630608990298,0.04267820545929306,0.04409654038780995,0.04330657667034086,0.04211011271984924,0.04195784686356497,0.04411250471274292,0.044931288549587674,0.04398579017890127
445,43.292697620545304,20.10018103811032,41.74652984838298,37.62341578928342,20.10018103811032,28.346409156309427,21.646348810272652,40.71575133360808,7.730838860811661,40.20036207622064,51.02353648135697,30.923355443246646,10.307785147748882,42.777308363157864,29.377187671084315,49.477368709194636,51.02353648135697,5.669281831261885,27.831019898921983,46.900422422257414,0.04540569800013109,0.0460862884832093,0.042018248374750614,0.04428696558921155,0.04470477169204551,0.04328941786448743,0.042876083791341835,0.044069305409108486,0.04383610866865711,0.04372791708731922,0.044309937652293734
446,43.318824769557004,20.112311500151467,41.77172388492997,37.646121525924535,20.112311500151467,28.363516218162324,21.659412384778502,40.74032329517861,8.251204718010857,40.224623000302934,51.05432919269218,30.942017692540716,10.314005897513573,42.803124474681326,29.39491680791368,49.507228308065145,51.05432919269218,5.672703243632465,27.332115628410968,46.92872683368675,0.04536957238603744,0.046088364978866835,0.04196538836746928,0.04429086371550504,0.044654173311222047,0.043299890473939444,0.04284896004877105,0.0440462618406285,0.04381633232966208,0.0436619400022243,0.044257957669995386
447,43.292697620545304,20.10018103811032,41.74652984838298,37.62341578928342,20.10018103811032,28.346409156309427,21.646348810272652,40.71575133360808,7.730838860811661,40.20036207622064,51.02353648135697,30.923355443246646,10.307785147748882,42.777308363157864,29.377187671084315,49.477368709194636,51.02353648135697,5.669281831261885,27.831019898921983,46.900422422257414,0.04540569800013109,0.0460862884832093,0.042018248374750614,0.04428696558921155,0.04470477169204551,0.04328941786448743,0.042876083791341835,0.044069305409108486,0.04383610866865711,0.04372791708731922,0.044309937652293734
448,43.318824769557004,20.112311500151467,41.77172388492997,37.646121525924535,20.112311500151467,28.363516218162324,21.659412384778502,40.74032329517861,8.251204718010857,40.224623000302934,51.05432919269218,30.942017692540716,10.314005897513573,42.803124474681326,29.39491680791368,49.507228308065145,51.05432919269218,5.672703243632465,27.332115628410968,46.92872683368675,0.04536957238603744,0.046088364978866835,0.04196538836746928,0.04429086371550504,0.044654173311222047,0.043299890473939444,0.04284896004877105,0.0440462618406285,0.04381633232966208,0.0436619400022243,0.044257957669995386
449,43.292697620545304,20.10018103811032,41.74652984838298,37.62341578928342,20.10018103811032,28.346409156309427,21.646348810272652,40.71575133360808,7.730838860811661,40.20036207622064,51.02353648135697,30.923355443246646,10.307785147748882,42.777308363157864,29.377187671084315,49.477368709194636,51.02353648135697,5.669281831261885,27.831019898921983,46.900422422257414,0.04540569800013109,0.0460862884832093,0.042018248374750614,0.04428696558921155,0.04470477169204551,0.04328941786448743,0.042876083791341835,0.044069305409108486,0.04383610866865711,0.04372791708731922,0.044309937652293734
450,46.32211095561513,23.421292056209897,40.07643307395915,34.35122834910785,21.8598725857959,36.95359413313117,23.94176521301456,47.88353042602912,10.409463136093287,37.994540446740494,62.45677881655972,26.544130997037882,10.92993629289795,36.43312097632651,32.26933572188919,69.74340301182502,47.88353042602912,5.204731568046643,39.55595991715449,49.965423053247775,0.04477728705588819,0.045832808566308364,0.0411740659810945,0.04283690505552369,0.04406930865455136,0.04353780348273853,0.04220807234274437,0.04191620328296422,0.04419746684648163,0.044990277863423876,0.043986644063616805
451,43.318824769557004,20.112311500151467,41.77172388492997,37.646121525924535,20.112311500151467,28.363516218162324,21.659412384778502,40.74032329517861,8.251204718010857,40.224623000302934,51.05432919269218,30.942017692540716,10.314005897513573,42.803124474681326,29.39491680791368,49.507228308065145,51.05432919269218,5.672703243632465,27.332115628410968,46.92872683368675,0.04536957238603744,0.046088364978866835,0.04196538836746928,0.04429086371550504,0.044654173311222047,0.043299890473939444,0.04284896004877105,0.0440462618406285,0.04381633232966208,0.0436619400022243,0.044257957669995386
452,46.32211095561513,23.421292056209897,40.07643307395915,34.35122834910785,21.8598725857959,36.95359413313117,23.94176521301456,47.88353042602912,10.409463136093287,37.994540446740494,62.45677881655972,26.544130997037882,10.92993629289795,36.43312097632651,32.26933572188919,69.74340301182502,47.88353042602912,5.204731568046643,39.55595991715449,49.965423053247775,0.04477728705588819,0.045832808566308364,0.0411740659810945,0.04283690505552369,0.04406930865455136,0.04353780348273853,0.04220807234274437,0.04191620328296422,0.04419746684648163,0.044990277863423876,0.043986644063616805
453,46.304203186334384,23.412237566124126,40.060939835367954,34.337948430315386,21.85142172838252,36.93930815988474,23.932509512038,47.865019024076,10.40543891827739,37.97985205171248,61.91236156375047,26.533869241607345,10.92571086419126,36.41903621397086,32.25686064665991,69.71644075245851,47.865019024076,5.202719459138695,39.540667889454085,49.946106807731475,0.044767268927291895,0.0458520081675553,0.041212798197327476,0.04279053449996297,0.04409731602637541,0.0435009041542526,0.04229623931906438,0.04174612660688411,0.04432711913687337,0.04488865386232773,0.044249085188215284
454,46.32211095561513,23.421292056209897,40.07643307395915,34.35122834910785,21.8598725857959,36.95359413313117,23.94176521301456,47.88353042602912,10.409463136093287,37.994540446740494,62.45677881655972,26.544130997037882,10.92993629289795,36.43312097632651,32.26933572188919,69.74340301182502,47.88353042602912,5.204731568046643,39.55595991715449,49.965423053247775,0.04477728705588819,0.045832808566308364,0.0411740659810945,0.04283690505552369,0.04406930865455136,0.04353780348273853,0.04220807234274437,0.04191620328296422,0.04419746684648163,0.044990277863423876,0.043986644063616805
455,46.32211095561513,23.421292056209897,40.07643307395915,34.35122834910785,21.8598725857959,36.95359413313117,23.94176521301456,47.88353042602912,10.409463136093287,37.994540446740494,62.45677881655972,26.544130997037882,10.92993629289795,36.43312097632651,32.26933572188919,69.74340301182502,47.88353042602912,5.204731568046643,39.55595991715449,49.965423053247775,0.04477728705588819,0.045832808566308364,0.0411740659810945,0.04283690505552369,0.04406930865455136,0.04353780348273853,0.04220807234274437,0.04191620328296422,0.04419746684648163,0.044990277863423876,0.043986644063616805
456,46.32211095561513,23.421292056209897,40.07643307395915,34.35122834910785,21.8598725857959,36.95359413313117,23.94176521301456,47.88353042602912,10.409463136093287,37.994540446740494,62.45677881655972,26.544130997037882,10.92993629289795,36.43312097632651,32.26933572188919,69.74340301182502,47.88353042602912,5.204731568046643,39.55595991715449,49.965423053247775,0.04477728705588819,0.045832808566308364,0.0411740659810945,0.04283690505552369,0.04406930865455136,0.04353780348273853,0.04220807234274437,0.04191620328296422,0.04419746684648163,0.044990277863423876,0.043986644063616805
457,32.0735605962932,19.454454787915548,64.1471211925864,33.12515274699134,29.444580219547856,21.031843013962753,21.031843013962753,38.908909575831096,11.041717582330445,47.84744285676526,68.87928587072801,28.918784144198785,6.835348979537895,46.27005463071806,28.392988068849718,80.9725956037566,40.4862978018783,8.4127372055851,36.27992919908575,46.79585070606713,0.04254007699349072,0.0442893543796303,0.04375464542125446,0.04368302082843355,0.04335664896111859,0.04322308977152367,0.042195469368065834,0.04237816576933413,0.042851155149737655,0.042180097249118184,0.04375220075922412
458,46.32211095561513,23.421292056209897,40.07643307395915,34.35122834910785,21.8598725857959,36.95359413313117,23.94176521301456,47.88353042602912,10.409463136093287,37.994540446740494,62.45677881655972,26.544130997037882,10.92993629289795,36.43312097632651,32.26933572188919,69.74340301182502,47.88353042602912,5.204731568046643,39.55595991715449,49.965423053247775,0.04477728705588819,0.045832808566308364,0.0411740659810945,0.04283690505552369,0.04406930865455136,0.04353780348273853,0.04220807234274437,0.04191620328296422,0.04419746684648163,0.044990277863423876,0.043986644063616805
459,46.32211095561513,23.421292056209897,40.07643307395915,34.35122834910785,21.8598725857959,36.95359413313117,23.94176521301456,47.88353042602912,10.409463136093287,37.994540446740494,62.45677881655972,26.544130997037882,10.92993629289795,36.43312097632651,32.26933572188919,69.74340301182502,47.88353042602912,5.204731568046643,39.55595991715449,49.965423053247775,0.04477728705588819,0.045832808566308364,0.0411740659810945,0.04283690505552369,0.04406930865455136,0.04353780348273853,0.04220807234274437,0.04191620328296422,0.04419746684648163,0.044990277863423876,0.043986644063616805
460,46.32211095561513,23.421292056209897,40.07643307395915,34.35122834910785,21.8598725857959,36.95359413313117,23.94176521301456,47.88353042602912,10.409463136093287,37.994540446740494,62.45677881655972,26.544130997037882,10.92993629289795,36.43312097632651,32.26933572188919,69.74340301182502,47.88353042602912,5.204731568046643,39.55595991715449,49.965423053247775,0.04477728705588819,0.045832808566308364,0.0411740659810945,0.04283690505552369,0.04406930865455136,0.04353780348273853,0.04220807234274437,0.04191620328296422,0.04419746684648163,0.044990277863423876,0.043986644063616805
461,46.32211095561513,23.421292056209897,40.07643307395915,34.35122834910785,21.8598725857959,36.95359413313117,23.94176521301456,47.88353042602912,10.409463136093287,37.994540446740494,62.45677881655972,26.544130997037882,10.92993629289795,36.43312097632651,32.26933572188919,69.74340301182502,47.88353042602912,5.204731568046643,39.55595991715449,49.965423053247775,0.04477728705588819,0.045832808566308364,0.0411740659810945,0.04283690505552369,0.04406930865455136,0.04353780348273853,0.04220807234274437,0.04191620328296422,0.04419746684648163,0.044990277863423876,0.043986644063616805
462,46.302012653757636,23.41112999347296,40.05904465549818,34.33632399042701,21.850387993908097,36.93756065636845,23.93137732666125,47.8627546533225,10.40494666376576,37.97805532274503,62.429679982594564,26.532613992602688,10.925193996954048,36.93756065636845,32.255334657673856,69.1928953140423,47.8627546533225,5.20247333188288,39.53879732230989,49.94374398607565,0.04487513842119919,0.04586478078433781,0.04124128292189576,0.042789013426444054,0.04418459974643954,0.043482217084395515,0.042136545744682084,0.041934483994530786,0.044165204310468144,0.04504556970271767,0.04403383067460148
463,46.32211095561513,23.421292056209897,40.07643307395915,34.35122834910785,21.8598725857959,36.95359413313117,23.94176521301456,47.88353042602912,10.409463136093287,37.994540446740494,62.45677881655972,26.544130997037882,10.92993629289795,36.43312097632651,32.26933572188919,69.74340301182502,47.88353042602912,5.204731568046643,39.55595991715449,49.965423053247775,0.04477728705588819,0.045832808566308364,0.0411740659810945,0.04283690505552369,0.04406930865455136,0.04353780348273853,0.04220807234274437,0.04191620328296422,0.04419746684648163,0.044990277863423876,0.043986644063616805
464,46.32211095561513,23.421292056209897,40.07643307395915,34.35122834910785,21.8598725857959,36.95359413313117,23.94176521301456,47.88353042602912,10.409463136093287,37.994540446740494,62.45677881655972,26.544130997037882,10.92993629289795,36.43312097632651,32.26933572188919,69.74340301182502,47.88353042602912,5.204731568046643,39.55595991715449,49.965423053247775,0.04477728705588819,0.045832808566308364,0.0411740659810945,0.04283690505552369,0.04406930865455136,0.04353780348273853,0.04220807234274437,0.04191620328296422,0.04419746684648163,0.044990277863423876,0.043986644063616805
465,45.790008281723225,23.415345144063014,40.066257246507824,34.34250621129242,21.854322134458812,36.94421122729942,23.935686147264413,47.871372294528825,10.406820064028006,37.98489323370222,62.44092038416804,26.537391163271415,10.927161067229406,36.94421122729942,32.261142198486816,69.72569442898764,47.871372294528825,5.203410032014003,39.54591624330642,49.952736307334426,0.04485062167116031,0.04588668918333206,0.04123245814763748,0.04279671754560629,0.04414208102137767,0.04347673683798428,0.04211711212493472,0.04193122759926905,0.04417343568706613,0.04502630667033222,0.044025610309899516
466,46.30506045101459,23.412671014557937,40.06168151379914,34.33858415468497,21.851826280254077,36.93999204519141,23.932952592659227,47.865905185318454,10.40563156202575,37.98055520139399,62.4337893721545,26.534360483165663,10.925913140127038,36.41971046709013,32.25745784227983,69.19744988747124,47.865905185318454,5.202815781012875,39.541399935697854,49.9470314977236,0.04477368987850106,0.04580779357925024,0.04119477478065081,0.04287559669552543,0.044120140751372466,0.043434273911176345,0.04217556915720313,0.042047650127989784,0.04404053670286909,0.04525028538189393,0.043998110932280114
467,46.32115807028824,23.4208102602581,40.07560866755275,34.35052171504521,21.859422909574228,36.952833966185004,23.4208102602581,47.882545420972114,10.409249004559156,37.99375886664092,62.45549402735494,26.543584961625847,10.929711454787114,36.432371515957044,32.268671914133385,69.74196833054634,47.882545420972114,5.204624502279578,39.55514621732479,49.96439522188395,0.04472484066335438,0.045948983233648225,0.04120230971927644,0.04277938705782523,0.04407685530303695,0.043516052092052844,0.04209329552595179,0.04212958682568005,0.044021680943612314,0.04482732394454303,0.044217234463061056
468,46.32211095561513,23.421292056209897,40.07643307395915,34.35122834910785,21.8598725857959,36.95359413313117,23.94176521301456,47.88353042602912,10.409463136093287,37.994540446740494,62.45677881655972,26.544130997037882,10.92993629289795,36.43312097632651,32.26933572188919,69.74340301182502,47.88353042602912,5.204731568046643,39.55595991715449,49.965423053247775,0.04477728705588819,0.045832808566308364,0.0411740659810945,0.04283690505552369,0.04406930865455136,0.04353780348273853,0.04220807234274437,0.04191620328296422,0.04419746684648163,0.044990277863423876,0.043986644063616805
469,45.77578923992699,23.408074043144484,39.53363616175513,34.85202135312623,21.847535773601518,36.93273904585019,23.928253466325472,47.856506932650944,10.403588463619771,37.97309789221217,62.42153078171863,26.529150582230418,10.923767886800759,36.93273904585019,32.25112423722129,69.70404270625247,47.856506932650944,5.2017942318098855,39.53363616175513,49.9372246253749,0.044856851027215185,0.04595208589451707,0.041258824959099855,0.04278376305926806,0.04414899784716451,0.04346174893306254,0.042101119499956714,0.041970969409727915,0.04418833954494104,0.04505169955424345,0.044046177089815064
470,45.77578923992699,23.408074043144484,39.53363616175513,34.85202135312623,21.847535773601518,36.93273904585019,23.928253466325472,47.856506932650944,10.403588463619771,37.97309789221217,62.42153078171863,26.529150582230418,10.923767886800759,36.93273904585019,32.25112423722129,69.70404270625247,47.856506932650944,5.2017942318098855,39.53363616175513,49.9372246253749,0.044856851027215185,0.04595208589451707,0.041258824959099855,0.04278376305926806,0.04414899784716451,0.04346174893306254,0.042101119499956714,0.041970969409727915,0.04418833954494104,0.04505169955424345,0.044046177089815064
471,45.77578923992699,23.408074043144484,39.53363616175513,34.85202135312623,21.847535773601518,36.93273904585019,23.928253466325472,47.856506932650944,10.403588463619771,37.97309789221217,62.42153078171863,26.529150582230418,10.923767886800759,36.93273904585019,32.25112423722129,69.70404270625247,47.856506932650944,5.2017942318098855,39.53363616175513,49.9372246253749,0.044856851027215185,0.04595208589451707,0.041258824959099855,0.04278376305926806,0.04414899784716451,0.04346174893306254,0.042101119499956714,0.041970969409727915,0.04418833954494104,0.04505169955424345,0.044046177089815064
472,45.76376061214393,23.401923040300876,39.523247801397034,34.84286319333686,21.84179483761415,36.92303413025249,23.401923040300876,47.84393154905957,10.400854684578167,37.96311959871031,62.405128107469,27.042222179903234,10.920897418807074,36.92303413025249,32.242649522192316,69.68572638667372,47.84393154905957,5.200427342289084,39.523247801397034,49.9241024859752,0.044867126952007765,0.04597903501714658,0.041261240726268494,0.042796381202649295,0.044164362649437135,0.04345846536374657,0.042111908676049505,0.041972422104562,0.04422194271118158,0.04506413826546342,0.04406024210257934
473,43.99466037704149,19.37860040417304,60.23078503999728,34.56723315338974,28.806027627824786,27.234789757216163,22.52107614539029,45.04215229078058,9.95117318052129,39.80469272208516,65.99199056556223,29.85351954156387,10.998665094260373,38.23345485147654,29.32977358469433,57.08830929878003,49.232119945736905,7.332443396173582,40.852184635824244,50.80335781634553,0.04428041307895706,0.044011447341108685,0.043674251600274085,0.04433969297718971,0.0426647711449866,0.04253439321253803,0.04321554829466131,0.04271742022085943,0.04404443089065599,0.041813482963020794,0.042958191406206776
474,45.84285190218769,22.921425951093845,40.11249541441423,34.38213892664076,21.87954295331685,36.98684642108325,24.484250447759333,47.405676398853174,10.41882997776993,38.549670917748735,63.03392136550807,26.56801644331332,10.939771476658425,36.98684642108325,32.29837293108678,69.80616085105852,47.405676398853174,5.209414988884965,39.59155391552573,50.01038389329566,0.04475824872541908,0.04585709534517617,0.04123965635015144,0.042677479360057245,0.04419965820467852,0.043439432240111084,0.04217294264481711,0.04188011872930029,0.044052404851938176,0.04504381883944599,0.04373764582040841
475,45.790008281723225,23.415345144063014,40.066257246507824,34.34250621129242,21.854322134458812,36.94421122729942,23.935686147264413,47.871372294528825,10.406820064028006,37.98489323370222,62.44092038416804,26.537391163271415,10.927161067229406,36.94421122729942,32.261142198486816,69.72569442898764,47.871372294528825,5.203410032014003,39.54591624330642,49.952736307334426,0.04485062167116031,0.04588668918333206,0.04123245814763748,0.04279671754560629,0.04414208102137767,0.04347673683798428,0.04211711212493472,0.04193122759926905,0.04417343568706613,0.04502630667033222,0.044025610309899516
476,45.26339669839807,23.412101740550725,40.06070742272013,34.858018147042195,21.851294957847344,36.93909385731337,23.412101740550725,47.86474133623704,10.405378551355879,38.49990064001675,62.43227130813527,26.53371530595749,10.925647478923672,36.93909385731337,32.256673509203225,70.23630522165217,47.34447240866925,5.2026892756779395,39.54043849515234,49.94581704650822,0.044799749016610095,0.0459387716048344,0.04129267163727837,0.042767518611633595,0.04416209479713126,0.04346004507399093,0.04211308206955011,0.041968542579655224,0.04414861453215238,0.044984226797456686,0.044095755711913064
477,45.77922473495134,23.409830830372847,40.05682164308242,34.33441855121351,21.84917544168132,36.93551086569938,23.93004929327002,47.86009858654004,10.404369257943486,38.4961662543909,62.426215547660924,26.53114160775589,10.92458772084066,36.93551086569938,32.25354469962481,69.70927402822136,47.339880123642864,5.202184628971743,39.53660318018525,49.94097243812874,0.04482442566279939,0.04595257121685778,0.04128852615158382,0.04275948259508698,0.04418555149043404,0.043460071771989475,0.042105002979913535,0.04195843411370469,0.044132235998661756,0.04501350751671145,0.044101727605082845
478,41.03298810394358,21.315837976074587,60.75013823181257,30.375069115906285,23.98031772308391,30.90796506530815,15.453982532654075,42.63167595214917,11.723710886841022,41.03298810394358,71.40805721984987,22.91452582428018,6.394751392822376,39.96719620513985,24.513213672485776,69.80936937164427,55.95407468719579,6.92764734222424,37.302716458130526,67.67778557403682,0.04447139699586056,0.043171345322502636,0.04068043960912386,0.04242925322629981,0.042403355921164336,0.04319523766592861,0.0418860585544721,0.04169692235727491,0.043407062717163575,0.04177107348508052,0.04199190474326439
479,45.77334810230646,23.406825734133985,40.05167958951815,33.809859393749086,21.84637068519172,36.410617808652866,23.926977417114742,48.37410651721024,10.92318534259586,39.01137622355664,62.41820195769063,26.527735832018518,10.92318534259586,36.93076949163362,32.24940434480683,69.7003255194212,47.33380315124872,5.201516829807552,39.5315279065374,49.41440988317174,0.04495653736530185,0.04605402906474581,0.04119931354798642,0.042754198981849366,0.04425365252818035,0.043362813828063014,0.04206206575706919,0.041997678673494035,0.04409166396968905,0.04496881170233358,0.044147551600532145
480,40.50852422727355,22.38628970454591,59.69677254545576,29.315379375000596,24.51831729545504,31.447406965909728,13.858179340909372,43.17355871590997,12.25915864772752,43.70656561363725,69.82390360227414,22.38628970454591,6.396082772727403,39.975517329546264,25.58433109090961,71.422924295456,55.43271736363749,6.929089670454686,36.777475943182566,66.62586221591044,0.04444439747523368,0.043164902518740354,0.04049093334751375,0.04264624870445813,0.04198811237484035,0.04320335933458476,0.04185869199801706,0.04182730339007875,0.04336794546751518,0.04189910790436558,0.04210209975736899
481,45.843745330290965,22.921872665145482,40.11327716400459,34.38280899771822,21.879969362184323,37.5085189066017,23.963775968106642,47.927551936213284,9.898081378131003,38.55042220956285,63.03514982915008,26.568534225509538,10.939984681092161,36.98756725512112,32.29900239179591,69.8075212983976,47.406600284732704,5.209516514805792,39.59232551252401,50.011358542135596,0.04474360983034458,0.04567489618169759,0.04126974192314104,0.0428020766696096,0.044058333960890865,0.04355290586738087,0.042214093982241095,0.04179171921734446,0.04408025655275689,0.04505748624745482,0.04380322808655912
482,40.863158857743606,22.28899574058742,60.498702724451576,29.718660987449894,23.881066864915095,30.249351362225788,15.92071124327673,43.51661073162306,11.675188245069602,41.3938492325195,70.0511294704176,22.819686115363314,6.368284497310692,39.801778108191826,24.942447614466875,69.52043909564172,54.66110860191677,6.898974872086583,37.14832623431237,66.86698722176227,0.04443781105002301,0.04331884824023235,0.04097221328806158,0.04266537739045655,0.04238486481894334,0.04345146864840372,0.042319300226995704,0.04182165033208369,0.043797415753926705,0.04204288475650349,0.04209779071847879
483,41.029133727291324,21.313835702488998,60.74443175209365,29.8393699834846,23.978065165300123,30.90506176860905,15.452530884304524,43.160517297540224,11.722609636368949,41.029133727291324,70.86850371077593,22.912373380175673,6.3941507107466995,40.4962878347291,24.510911057862348,69.80281192565147,55.948818719033625,6.9269966033089245,37.29921247935575,67.67142835540257,0.04450331020333017,0.0431514037877209,0.040631628125030794,0.042393793373905544,0.042341346143493754,0.043188082222768064,0.04203335053096628,0.0416656173331225,0.04349784265333459,0.04176063746625056,0.041987095597851944
484,45.75359393147075,23.39672416950209,39.51446748627019,34.835122652369776,21.83694255820195,36.91483146743663,23.916651373268802,47.833302746537605,9.878616871567548,37.95468587497005,62.39126445200557,26.516287392102367,10.918471279100975,36.91483146743663,32.23548663353621,69.67024530473955,47.833302746537605,5.199272037667131,40.034394690036905,49.913011561604456,0.044895676531747454,0.04592521387413341,0.04128504771344448,0.04283227164777096,0.04411199830463236,0.043452849171769996,0.042164795816121405,0.04199733328907536,0.044239657226557656,0.045128444990240615,0.04403950766779336
485,45.77922473495134,23.409830830372847,40.05682164308242,34.33441855121351,21.84917544168132,36.93551086569938,23.93004929327002,47.86009858654004,10.404369257943486,38.4961662543909,62.426215547660924,26.53114160775589,10.92458772084066,36.93551086569938,32.25354469962481,69.70927402822136,47.339880123642864,5.202184628971743,39.53660318018525,49.94097243812874,0.04482442566279939,0.04595257121685778,0.04128852615158382,0.04275948259508698,0.04418555149043404,0.043460071771989475,0.042105002979913535,0.04195843411370469,0.044132235998661756,0.04501350751671145,0.044101727605082845
486,45.78843299048167,23.414539597405398,40.06487886667146,34.34132474286125,21.853570290911705,36.94294025368407,23.934862699569962,47.869725399139924,10.406462043291288,37.9835864580132,62.95909536191229,26.536478210392783,10.926785145455852,36.94294025368407,32.26003233420299,69.72329569005163,47.869725399139924,5.203231021645644,39.544555764506896,49.43069470563361,0.0448544681168134,0.04589343970341625,0.04124225047041464,0.04280771040484727,0.044140649142108676,0.04347805984015939,0.04211878175618372,0.04192029116374334,0.0441760291769862,0.045021926892228864,0.04402329116853389
487,45.78843299048167,23.414539597405398,40.06487886667146,34.34132474286125,21.853570290911705,36.94294025368407,23.934862699569962,47.869725399139924,10.406462043291288,37.9835864580132,62.95909536191229,26.536478210392783,10.926785145455852,36.94294025368407,32.26003233420299,69.72329569005163,47.869725399139924,5.203231021645644,39.544555764506896,49.43069470563361,0.0448544681168134,0.04589343970341625,0.04124225047041464,0.04280771040484727,0.044140649142108676,0.04347805984015939,0.04211878175618372,0.04192029116374334,0.0441760291769862,0.045021926892228864,0.04402329116853389
488,40.48282723951615,21.839419958160025,59.65890330033958,29.82945165016979,23.970095076029295,30.894789209104427,14.382057045617579,43.146171136852736,12.251381927748307,43.67883991632005,69.77961011021861,23.43742629656198,6.392025353607813,39.41748968058151,25.56810141443125,71.91028522808789,54.864884285133726,6.92469413307513,36.75414578324492,66.58359743341471,0.044457441583851655,0.043274859461556944,0.04046913084478937,0.0425878515788406,0.042240409836322615,0.043197580643404315,0.041860957830538455,0.04185170002183935,0.04352511242350909,0.041830134678618895,0.04203604162941108
489,45.76549685557357,23.40281089205467,40.56487221289476,34.324122641680184,21.842623499251026,36.92443496301959,23.92287335632255,47.8457467126451,10.40124928535763,37.96455989155535,61.8874332478779,26.52318567766196,10.921311749625513,37.44449742728747,32.243872784608655,69.16830774762825,47.8457467126451,5.200624642678815,39.524747284358995,49.92599656971663,0.04486480281203438,0.04591311121022426,0.041220498316040265,0.042849817801083094,0.04417251407123115,0.04350053614347443,0.04213533550124726,0.04194173789939949,0.044213957926507765,0.04505842548804425,0.04406679856283207
490,45.78843299048167,23.414539597405398,40.06487886667146,34.34132474286125,21.853570290911705,36.94294025368407,23.934862699569962,47.869725399139924,10.406462043291288,37.9835864580132,62.95909536191229,26.536478210392783,10.926785145455852,36.94294025368407,32.26003233420299,69.72329569005163,47.869725399139924,5.203231021645644,39.544555764506896,49.43069470563361,0.0448544681168134,0.04589343970341625,0.04124225047041464,0.04280771040484727,0.044140649142108676,0.04347805984015939,0.04211878175618372,0.04192029116374334,0.0441760291769862,0.045021926892228864,0.04402329116853389
491,45.790008281723225,23.415345144063014,40.066257246507824,34.34250621129242,21.854322134458812,36.94421122729942,23.935686147264413,47.871372294528825,10.406820064028006,37.98489323370222,62.44092038416804,26.537391163271415,10.927161067229406,36.94421122729942,32.261142198486816,69.72569442898764,47.871372294528825,5.203410032014003,39.54591624330642,49.952736307334426,0.04485062167116031,0.04588668918333206,0.04123245814763748,0.04279671754560629,0.04414208102137767,0.04347673683798428,0.04211711212493472,0.04193122759926905,0.04417343568706613,0.04502630667033222,0.044025610309899516
492,46.276711633761764,23.39833734291325,40.0371550089849,34.31756143627277,21.838448186719035,36.397413644531724,23.91830039497799,47.83660078995598,10.399261041294778,37.95730280072594,62.91552929983341,27.038078707366424,10.919224093359517,36.91737669659646,32.23770922801381,69.67504897667501,47.83660078995598,5.199630520647389,39.51719195692016,48.87652689408546,0.04490026513581841,0.04591260739789191,0.04123752928211186,0.04281691000967431,0.04423030941713575,0.04350061684794028,0.0420986105438828,0.04191023812105623,0.04423576726797522,0.04510380865924265,0.04409028525253166
493,46.276711633761764,23.39833734291325,40.0371550089849,34.31756143627277,21.838448186719035,36.397413644531724,23.91830039497799,47.83660078995598,10.399261041294778,37.95730280072594,62.91552929983341,27.038078707366424,10.919224093359517,36.91737669659646,32.23770922801381,69.67504897667501,47.83660078995598,5.199630520647389,39.51719195692016,48.87652689408546,0.04490026513581841,0.04591260739789191,0.04123752928211186,0.04281691000967431,0.04423030941713575,0.04350061684794028,0.0420986105438828,0.04191023812105623,0.04423576726797522,0.04510380865924265,0.04409028525253166
494,45.79616849010798,23.418495250623398,40.07164742884448,34.347126367580984,21.857262233915172,36.94918139542803,23.93890625619281,47.87781251238562,10.408220111388177,37.99000340656685,62.96973167389847,26.540961284039852,10.928631116957586,36.94918139542803,32.785893350872755,68.69425273516197,48.398223517955024,5.2041100556940885,39.55123642327507,49.43904552909384,0.04486415792535849,0.045903825298899664,0.041239348380515704,0.04280491646554715,0.044126920969377426,0.04348689747162125,0.042097598590118385,0.04189398780995757,0.04417261127933336,0.044996571377187405,0.044002158862674653
495,45.77382773535196,23.407071001032254,40.05209926843297,34.33037080151397,21.846599600963437,36.41099933493906,23.927228134388525,47.85445626877705,10.403142667125445,38.49162786836415,63.45917026946522,26.528013801169887,10.923299800481718,36.931156468295335,32.24974226808888,69.70105586974049,47.33429913542078,5.201571333562723,39.5319421350767,49.41492766884587,0.04481208997290604,0.0459165462059318,0.04124272659282978,0.042736102858652626,0.04416155539528446,0.04349418676303872,0.04216088229520206,0.04196060920821173,0.044180726283390315,0.044999313404441306,0.044178127663838884
496,40.67388812622818,21.62409242153903,45.30762221655797,31.921279288938567,20.594373734799078,31.921279288938567,24.713248481758892,42.21846615633811,8.752608837289607,39.129310096118246,55.604809083957505,31.40641994556859,7.208030807179677,39.64416943948822,29.861841915458662,50.97107499362772,49.94135630688776,6.178312120439723,27.802404541978753,49.94135630688776,0.04501864231258062,0.04634672158698288,0.042428350820712425,0.04321529500132585,0.04437275782437544,0.04466022452239836,0.04332973934841176,0.043613147984521754,0.04355813145684811,0.04401405050525092,0.044583595266615136
497,40.67388812622818,21.62409242153903,45.30762221655797,31.921279288938567,20.594373734799078,31.921279288938567,24.713248481758892,42.21846615633811,8.752608837289607,39.129310096118246,55.604809083957505,31.40641994556859,7.208030807179677,39.64416943948822,29.861841915458662,50.97107499362772,49.94135630688776,6.178312120439723,27.802404541978753,49.94135630688776,0.04501864231258062,0.04634672158698288,0.042428350820712425,0.04321529500132585,0.04437275782437544,0.04466022452239836,0.04332973934841176,0.043613147984521754,0.04355813145684811,0.04401405050525092,0.044583595266615136
498,40.67388812622818,21.62409242153903,45.30762221655797,31.921279288938567,20.594373734799078,31.921279288938567,24.713248481758892,42.21846615633811,8.752608837289607,39.129310096118246,55.604809083957505,31.40641994556859,7.208030807179677,39.64416943948822,29.861841915458662,50.97107499362772,49.94135630688776,6.178312120439723,27.802404541978753,49.94135630688776,0.04501864231258062,0.04634672158698288,0.042428350820712425,0.04321529500132585,0.04437275782437544,0.04466022452239836,0.04332973934841176,0.043613147984521754,0.04355813145684811,0.04401405050525092,0.044583595266615136
499,40.67388812622818,21.62409242153903,45.30762221655797,31.921279288938567,20.594373734799078,31.921279288938567,24.713248481758892,42.21846615633811,8.752608837289607,39.129310096118246,55.604809083957505,31.40641994556859,7.208030807179677,39.64416943948822,29.861841915458662,50.97107499362772,49.94135630688776,6.178312120439723,27.802404541978753,49.94135630688776,0.04501864231258062,0.04634672158698288,0.042428350820712425,0.04321529500132585,0.04437275782437544,0.04466022452239836,0.04332973934841176,0.043613147984521754,0.04355813145684811,0.04401405050525092,0.044583595266615136
500,40.67388812622818,21.62409242153903,45.30762221655797,31.921279288938567,20.594373734799078,31.921279288938567,24.713248481758892,42.21846615633811,8.752608837289607,39.129310096118246,55.604809083957505,31.40641994556859,7.208030807179677,39.64416943948822,29.861841915458662,50.97107499362772,49.94135630688776,6.178312120439723,27.802404541978753,49.94135630688776,0.04501864231258062,0.04634672158698288,0.042428350820712425,0.04321529500132585,0.04437275782437544,0.04466022452239836,0.04332973934841176,0.043613147984521754,0.04355813145684811,0.04401405050525092,0.044583595266615136
501,40.67388812622818,21.62409242153903,45.30762221655797,31.921279288938567,20.594373734799078,31.921279288938567,24.713248481758892,42.21846615633811,8.752608837289607,39.129310096118246,55.604809083957505,31.40641994556859,7.208030807179677,39.64416943948822,29.861841915458662,50.97107499362772,49.94135630688776,6.178312120439723,27.802404541978753,49.94135630688776,0.04501864231258062,0.04634672158698288,0.042428350820712425,0.04321529500132585,0.04437275782437544,0.04466022452239836,0.04332973934841176,0.043613147984521754,0.04355813145684811,0.04401405050525092,0.044583595266615136
502,40.67388812622818,21.62409242153903,45.30762221655797,31.921279288938567,20.594373734799078,31.921279288938567,24.713248481758892,42.21846615633811,8.752608837289607,39.129310096118246,55.604809083957505,31.40641994556859,7.208030807179677,39.64416943948822,29.861841915458662,50.97107499362772,49.94135630688776,6.178312120439723,27.802404541978753,49.94135630688776,0.04501864231258062,0.04634672158698288,0.042428350820712425,0.04321529500132585,0.04437275782437544,0.04466022452239836,0.04332973934841176,0.043613147984521754,0.04355813145684811,0.04401405050525092,0.044583595266615136
503,40.67388812622818,21.62409242153903,45.30762221655797,31.921279288938567,20.594373734799078,31.921279288938567,24.713248481758892,42.21846615633811,8.752608837289607,39.129310096118246,55.604809083957505,31.40641994556859,7.208030807179677,39.64416943948822,29.861841915458662,50.97107499362772,49.94135630688776,6.178312120439723,27.802404541978753,49.94135630688776,0.04501864231258062,0.04634672158698288,0.042428350820712425,0.04321529500132585,0.04437275782437544,0.04466022452239836,0.04332973934841176,0.043613147984521754,0.04355813145684811,0.04401405050525092,0.044583595266615136
504,31.02657951263185,18.931472244995707,60.475536338180724,35.23357334485312,29.448956825548876,20.509094932078682,20.509094932078682,38.38881871901907,14.19860418374678,42.06993832221268,70.46714668970624,31.02657951263185,6.836364977359561,46.80280638346161,26.819585680410583,82.03637972831473,45.751057925406286,8.413987664442535,37.86294448999141,46.27693215443395,0.04291296855004966,0.04429533957756179,0.04419017390797274,0.044161228989427266,0.042418682179568186,0.0428920961268264,0.042300119665808274,0.04214923523279116,0.043170566614834885,0.04182880746633817,0.043806552661162984
505,31.02657951263185,18.931472244995707,60.475536338180724,35.23357334485312,29.448956825548876,20.509094932078682,20.509094932078682,38.38881871901907,14.19860418374678,42.06993832221268,70.46714668970624,31.02657951263185,6.836364977359561,46.80280638346161,26.819585680410583,82.03637972831473,45.751057925406286,8.413987664442535,37.86294448999141,46.27693215443395,0.04291296855004966,0.04429533957756179,0.04419017390797274,0.044161228989427266,0.042418682179568186,0.0428920961268264,0.042300119665808274,0.04214923523279116,0.043170566614834885,0.04182880746633817,0.043806552661162984
506,43.80444508742309,20.0985100989353,41.74305943625024,37.62028813390454,20.0985100989353,28.34405270362671,21.644549337314942,40.712366610663814,7.730196191898193,40.1970201978706,51.01929486652807,30.92078476759277,10.306928255864257,42.77375226183667,29.374745529213133,48.95790921535522,51.01929486652807,5.6688105407253415,27.828706290833495,46.896523564182374,0.04540187648806813,0.046080506870522765,0.04201454466270466,0.04426332125445608,0.04474024531920236,0.043269532395013695,0.04285149014281823,0.044106172108189616,0.043846402946664205,0.04372377126175146,0.04435572375739606
507,38.2383347316964,18.85726096357631,44.000275581678046,25.14301461810174,19.381073768120093,29.85732985899582,18.85726096357631,44.000275581678046,6.809566459069222,40.33358594987155,50.28602923620348,24.09538900901417,9.428630481788154,33.524019490802324,23.0477633999266,54.476531672553776,45.57171399530941,4.714315240894077,31.952581077170965,46.0955267998532,0.042915251767333296,0.043979630317882185,0.04352678643341817,0.04445884174833293,0.042924490631607984,0.04250794569152874,0.04330491464636545,0.04347787311893689,0.044481962730809683,0.04320154772955778,0.04140795064044073
508,37.32315407699684,17.87305969884356,42.5799363413626,23.129841963209312,19.450094378153285,31.015015359757943,20.501450831026435,43.10561456779917,8.93652984942178,39.95154520917972,48.8880750586015,23.129841963209312,9.462208075858355,33.11772826550424,22.604163736772737,55.72189200227698,43.63129279423575,4.731104037929177,33.11772826550424,46.259683926418624,0.042698095477523464,0.04390255485031129,0.04340819717825937,0.04453037218713897,0.04292278103677948,0.042637108681257134,0.04295344230952151,0.042863626133912425,0.044558379846751865,0.04242430684412696,0.041422909017842215
509,43.8632437162705,25.064710695011716,60.57305084627831,40.207973406581296,25.58689216782446,25.58689216782446,26.109073640637206,49.085058444397944,10.965810929067626,45.95196960752148,68.92795441128222,23.498166276573485,7.3105406193784175,36.55270309689209,27.153436586262693,59.00650642784008,66.83922852003124,12.010173874693114,35.5083401512666,66.3170470472185,0.04443541518336071,0.043875391172031174,0.04358753812382995,0.042769229599345766,0.04310106790439722,0.04495982006717678,0.04239639455960608,0.043653596189195336,0.04448320810877988,0.04160660441642884,0.04295026186310417
510,38.50731209608711,19.77402513042311,47.353586496539556,24.45734687183911,18.733286965664,30.701775860393777,19.253656048043556,42.149895672744,8.32590531807289,40.06841934322578,52.03690823795555,24.45734687183911,9.887012565211554,35.385097601809775,23.416608707079998,45.27211016702133,46.312848331780444,5.203690823795555,33.30362127229156,43.19063383750311,0.04315847280491912,0.04407887271896646,0.043836243112809786,0.04618613717244795,0.043052661277555526,0.042296332103778554,0.04381314111420862,0.0432559477634681,0.0445216735931675,0.04352511265724634,0.04190632330187654
511,37.32720858945222,20.21890465261995,46.659010736815276,25.40323917893276,19.18203774735739,29.032273347351726,19.700471199988673,42.51154311576503,6.739634884206651,39.919375852608624,49.25117799997168,24.88480572630148,8.813368694731775,35.2534747789271,24.366372273670198,46.659010736815276,47.177444189446554,5.184334526312808,32.661307515770694,44.58527692629015,0.043223399508689565,0.044263022465783584,0.0445572600353224,0.045790563534093116,0.04322389255688867,0.04253631522041427,0.043709805525304526,0.04353664027070447,0.044975818443687136,0.04358646091188628,0.04216336889594521
512,37.154376749156896,20.641320416198276,40.76660782199159,26.833716541057758,15.997023322553664,28.897848582677586,19.093221384983405,41.28264083239655,8.772561176884267,39.734541801181685,54.69949910292543,23.73751847862802,8.25652816647931,33.02611266591724,23.73751847862802,52.11933405090065,43.34677287401638,7.2244621456693965,31.99404664510733,44.89487190523125,0.043704963433904655,0.044538476702881136,0.044054745929095786,0.04551144163409329,0.04332257615448209,0.043115463760302127,0.04383465589024172,0.04408698250008367,0.04479397121002266,0.043605082898686,0.04339862948124986
513,36.77922491701248,18.38961245850624,43.084234902786044,23.64378744665088,19.440447456135168,30.999632430053374,20.491282453764097,44.66048739922944,8.406679981031424,40.45714740871372,49.38924488855961,23.118369947836413,9.45751497866035,33.10130242531123,22.59295244902195,55.69425487433318,45.711322396858364,4.728757489330175,33.10130242531123,47.28757489330176,0.042701666619649546,0.04398764487109403,0.04299751909168772,0.04484077418559264,0.04296181722375576,0.04248712385931693,0.0430588198396293,0.043025584617528256,0.04416457048900211,0.04315030883276389,0.04120667155551582
514,36.752334637725866,18.901200670830445,43.05273486133601,23.626500838538053,19.426234022797956,30.451934414115716,21.00133407870049,44.10280156527104,8.400533631480197,40.42756810149845,49.35313508494616,22.57643413460303,9.450600335415222,32.552067821985766,22.57643413460303,56.70360201249133,45.677901621173575,4.725300167707611,33.077101173953274,47.25300167707611,0.04264538997675018,0.04392839723497266,0.043164847312357785,0.04474229438976731,0.04312686326846103,0.04241944783013941,0.043107829059581965,0.043018979683888334,0.04413238848470531,0.04341764081719432,0.041262569974669414
515,36.88237150717662,20.259330827885748,39.99919163454366,25.973501061391985,18.70092076420223,29.090321188759024,19.22039078543007,43.63548178313854,7.792050318417596,42.59654174068286,52.98594216523965,24.415090997708468,8.830990360873276,33.24608135858174,24.415090997708468,52.98594216523965,43.63548178313854,5.194700212278398,31.687671294898223,45.193891846822055,0.04334854590860227,0.04403627962030124,0.043700218945356854,0.045083251066388524,0.04340505883459646,0.04269727755150239,0.04360595717063668,0.043812701925945316,0.04452996293227741,0.043285498306876745,0.04302522650967642
516,38.24882694425286,18.33847867190206,43.48839227908203,25.149913607179965,19.38639173886789,29.341565875043294,18.33847867190206,44.01234881256494,6.811434935277908,40.34465307818453,50.29982721435993,23.054087473248302,9.431217602692488,33.53321814290662,22.530130939765385,53.967522948740346,45.58421841301369,4.715608801346244,31.961348542457873,45.58421841301369,0.042933655593515634,0.04395996074671615,0.04356059779159143,0.04444828692990688,0.04281250248751382,0.04253720505537703,0.04326250502225876,0.04334878714925872,0.04455210965558525,0.04319958854936074,0.04142826753599969
517,35.51626736751229,18.280431733278384,42.306142011301404,25.59260442658974,18.802729782800625,29.770988822767656,20.369623931367343,43.87303615986813,7.834470742833594,42.306142011301404,48.05142055604604,24.54800832754526,9.401364891400313,32.90477711990109,23.503412228500782,52.22980495222396,46.48452640747932,4.700682445700156,32.38247907037886,45.96222835795708,0.04291135457696124,0.04419196048373312,0.04325857705663906,0.0445919661969911,0.04354124307748188,0.043267430774078804,0.0439896104029162,0.04326301964734276,0.04426174902289523,0.042964408443425944,0.041460630795295016
518,35.111301051187,17.81767516030385,42.44799082307682,25.154364932193673,18.865773699145254,30.394857626400686,19.913872237986656,44.544187900759624,8.384788310731224,42.97204009249752,47.688483517283835,24.106266393352268,9.432886849572627,32.49105470408349,23.058167854510867,52.92897621149085,47.164434247863134,4.716443424786314,32.49105470408349,45.592286439601025,0.04269083838614434,0.04399646538288175,0.04289459970668991,0.044860258792015134,0.04297801311009619,0.042676895445087834,0.04386205528857141,0.04359325708064997,0.04457837445184183,0.04264292906993422,0.04117704386538597
519,48.31026991508808,23.630023328032213,61.43806065288375,36.23270243631606,24.15513495754404,28.356027993638655,29.406251252662308,51.986051321670864,12.602679108283846,47.78515828557625,67.73940020702567,22.05468843949673,8.40178607218923,38.33314895436337,24.15513495754404,59.86272576434827,65.11384205946653,9.977120960724712,38.85826058387519,64.06361880044288,0.0442409085229809,0.043828155913900685,0.042938445023324126,0.04342566503196022,0.04257174754537955,0.04441694321302025,0.04223812259999584,0.04284119626539784,0.04372527042353398,0.04170381024331192,0.04295810570536786
520,35.037347270780785,18.30309185787056,42.88152949558245,25.62432860101878,18.826037339524003,30.330837935899783,20.394873784484336,44.45036594054278,7.844182224801668,41.83563853227556,48.63392979377034,24.578437637711893,9.413018669762002,32.94556534416701,23.532546674405005,52.29454816534445,46.542147867156565,4.1835638532275565,32.422619862513564,46.01920238550312,0.04277018676150958,0.04405083065781546,0.04321200420373527,0.04483641366716662,0.04309607125433536,0.04299655730592529,0.044014520069916206,0.043382825521831175,0.044164931151865205,0.042903914539030016,0.04162626321342537
521,38.38507791570821,17.877981494987385,44.16913075232178,24.18785731674764,19.981273435574135,29.971910153361204,18.403804480134074,44.16913075232178,7.3615217920536296,39.96254687114827,49.95318358893534,23.136211346454264,9.990636717787067,33.65267104938802,22.610388361307574,54.68559045525553,45.22077672261515,4.73240686632019,31.54937910880127,46.27242269290853,0.042743333615029695,0.04372028019968672,0.043396969402732494,0.0444073231799756,0.042652383706822165,0.04232819439238705,0.04310510872180934,0.043077513252770386,0.044364733486438504,0.04313844386722359,0.04124273102843669
522,47.1287725047526,24.611692308037465,61.267404256178374,39.79763011512441,25.658998363698636,25.658998363698636,25.658998363698636,49.22338461607493,9.949407528781103,46.08146644909142,70.6931587571289,24.088039280206882,7.8547954174587655,35.60840589247974,27.229957447190387,58.64913911702545,66.50393453448422,11.520366612272856,35.60840589247974,65.45662847882305,0.04435267733554808,0.04387145109769473,0.04303227949694647,0.042677664394495635,0.04331043777740651,0.044399305238250864,0.04235698378799547,0.04362290106454368,0.04394127590865891,0.04167048550949364,0.04311151055838164
523,44.55179972384172,20.96555281121963,66.04149135534183,40.88282798187828,24.110385732902575,33.54488449795141,25.68280219374405,52.93802084832957,10.482776405609815,48.74491028608564,68.1380466364638,25.158663373463558,7.8620823042073615,39.31041152103681,26.20694101402454,64.99321371478085,52.93802084832957,10.482776405609815,41.40696680215877,67.61390781618331,0.044292862205478706,0.044438734326911616,0.04347720029221062,0.043186948067787195,0.04221361925013299,0.0439038766216482,0.04242045303521773,0.043900466367926376,0.0439891341810046,0.04166338433898094,0.04237450103221031
524,45.016780730997624,22.508390365498812,60.19685795424101,41.87607509860244,24.602194120428937,27.21944881409159,25.649095997893998,50.774741057055465,13.086273468313264,53.39199575071812,67.00172015776391,24.602194120428937,8.375215019720489,37.6884675887422,24.602194120428937,62.29066170917113,61.7672107704386,9.94556783591808,38.21191852747473,61.7672107704386,0.04404603684193197,0.04402485222572613,0.04301747800854904,0.043754665124398344,0.0423322541832951,0.045171037655898666,0.04284726858626707,0.04282673928977346,0.04362289178320096,0.04189963603877145,0.04300620152965718
525,45.017341962294985,22.508670981147493,60.197608437952596,41.87659717422789,24.602500839858887,27.21978816324813,25.649415769214585,50.775374073751316,13.086436616946216,53.392661397140564,66.47909801408677,24.602500839858887,8.375319434845578,37.6889374568051,24.602500839858887,62.29143829666399,61.76798083198614,9.945691828879124,38.212394921482954,62.29143829666399,0.04404733404926014,0.04402831141104391,0.043025825276751486,0.04375005434361533,0.04233429798559463,0.045172492886712774,0.04285316801320145,0.04280900505027092,0.043627502746694115,0.04189298717181735,0.043001556387189326
526,37.61003427752115,19.32737872594837,42.311288562211296,23.50627142345072,19.849740313136163,30.819333644079833,19.32737872594837,44.40073491096247,7.835423807816907,40.74420380064792,47.534904434089235,24.028633010638515,9.402508569380288,33.9535031672066,22.461548249075133,54.84796665471835,44.40073491096247,4.701254284690144,32.38641840564321,47.534904434089235,0.04282255809029092,0.04395396906075508,0.04348985590485145,0.0449660468436771,0.04312703978867989,0.04283054467356307,0.04342618184073283,0.04334911121842484,0.04445689729909553,0.04379687505353551,0.04141933303859993
527,34.98163408608691,18.273987955418537,42.29122926825433,24.539355254419178,18.796101897001922,28.194152845502884,22.45089948808563,43.85757109300449,8.353823065334188,39.68065956033739,51.689280216755286,25.58358313758595,9.398050948500961,32.371064378169976,21.928785546502244,55.34407780783899,46.99025474250481,5.221139415833868,32.371064378169976,44.90179897617126,0.04275877685686171,0.04430815049725945,0.043033307527042444,0.04480367677321345,0.042793804156591286,0.043240154664526013,0.043681680733828714,0.043625561291774244,0.04409474463649766,0.04321499963246329,0.04233120164655493
528,37.92665123114704,20.262183534448422,40.00482390134688,25.457615209948017,18.18401086424858,27.016244712597892,19.74264036689846,43.641626074196594,7.793147513249393,40.00482390134688,51.43477358744599,24.418528874848096,9.351777015899271,33.250762723197404,24.418528874848096,54.552032592745746,44.68071240929652,4.675888507949636,35.328935393397245,45.20025557684647,0.042823755873077136,0.04436942118153591,0.04361034098093166,0.04498464341736706,0.04349244784747837,0.04247954828667295,0.04446035187560906,0.04413030663186066,0.043994738048935694,0.0436330957947579,0.04247818251181399
529,36.93799834473586,18.72912592127452,40.05951933161495,26.012674890659056,18.72912592127452,26.012674890659056,20.810139912527244,43.70129381630721,8.324055965010897,40.05951933161495,50.984842785691754,26.012674890659056,8.844309462824079,33.816477357856776,24.451914397219515,54.10636377257084,43.70129381630721,4.68228148031863,35.8974913491095,45.26205430974676,0.043115770140331286,0.04480535789759765,0.04333485050669739,0.04460537797334427,0.043590422131663406,0.04234086488671222,0.04405737611604297,0.044051163592423316,0.04372264772503247,0.043851516684603645,0.04227115453237021
530,42.765710564959676,17.95103900257567,57.02094741994624,37.485993211260954,29.566417180712865,29.03844544534299,20.59089767942503,49.101371389398146,8.447547765917962,40.12585188811032,65.99646692123407,29.03844544534299,10.559434707397452,37.485993211260954,29.03844544534299,59.13283436142573,54.381088743096875,7.919576030548089,39.597880152740444,54.381088743096875,0.04396703418785358,0.043716117500907994,0.04367049360276104,0.043828590620237126,0.041989876724856635,0.04298816039888788,0.043423420873589275,0.0424863047013642,0.043624516888598586,0.04072620133727364,0.04160754779379747
531,35.55357877563871,18.299636134519925,42.87343322944668,25.619490588327896,18.822482881220495,30.32511130863302,20.391023121322203,44.44197346954839,7.8427012005085395,41.827739736045544,48.62474744315294,24.573797094926757,9.411241440610247,32.93934504213586,23.52810360152562,51.76182792335636,46.533360456350664,4.182773973604554,32.4164982954353,46.0105137096501,0.042757077442394806,0.04406269049659817,0.04320932685885489,0.04491734700212607,0.04310287606048195,0.0429882071877633,0.04402048501440539,0.04340672806253307,0.044167637061544945,0.042922941800843356,0.04159793631188492
532,33.86086469884385,16.930432349421924,48.1459169936686,24.866572513213452,19.046736393099668,30.68640863332724,22.221192458616276,43.91330890631312,7.407064152872093,36.506244753441024,48.67499300458804,22.750268469535712,10.052444207469268,35.97716874252159,25.395648524132888,54.49482912470182,48.67499300458804,4.761684098274917,34.38994070976329,48.1459169936686,0.04191722028764564,0.04292193084023206,0.042353910728308033,0.04428933363200065,0.04237158545351824,0.042593279898923454,0.0427786539549495,0.04314971828648612,0.043572658726376334,0.04289407654170782,0.042081620730417026
533,38.17629888449072,18.82666794303652,43.40592886866753,25.10222392404869,19.3496309414542,28.76296491297246,18.303704944618836,43.92889186708521,6.798518979429854,40.26815087816144,50.20444784809738,23.010371930377968,9.41333397151826,33.46963189873159,22.487408931960285,53.86518883702115,45.49778086233825,4.70666698575913,31.900742903478545,45.49778086233825,0.04307765742083831,0.0440209378325855,0.04357085354106967,0.04458512289526402,0.042896945992865546,0.04262824746802949,0.04339250312958045,0.04336854860950722,0.044640979267917984,0.04329273638323988,0.04156246904142078
534,36.127487247916264,19.372710553230462,46.59922268209489,24.608578270319775,19.896297324939393,29.320859215700157,20.419884096648325,44.504875595259165,10.471735434178628,40.316181421587714,46.59922268209489,22.51423118348405,8.377388347342903,36.6510740196252,21.99064441177512,53.929437486019935,45.55204913867703,4.712280945380383,29.844445987409088,49.21715654063955,0.042928595134402024,0.04383860881306444,0.04311087803207652,0.044898020751199044,0.04294680994253878,0.042337165159760805,0.04338506360178687,0.043870909785334124,0.04379668119655117,0.04313308074753374,0.04216741512682101
535,47.24028408378651,20.70079864345701,45.11712524856015,36.09370019884812,22.82395747868337,31.31659281958881,26.00869573152291,50.955812045432644,12.20816330255157,38.74764874288107,72.18740039769624,22.82395747868337,6.3694765056790805,42.99396641333379,27.60106485794268,69.5334518536633,56.263709133498544,5.83868679687249,33.97054136362176,65.28713418321057,0.04343374620749396,0.0431800039235971,0.04237304000064502,0.04354695485463124,0.0419040588276167,0.04254406004746301,0.041686674466502434,0.04239098109501843,0.04314953725886793,0.04252537874980682,0.042475855761767385
536,46.09131442629273,24.61695202313362,62.32802746282768,39.806135186343724,25.664481896458454,25.664481896458454,25.664481896458454,49.23390404626724,9.427768859923514,45.567549489630316,70.18450151276394,24.093187086471204,7.856474049936262,35.61601569304439,26.71201176978329,59.70920277951559,67.04191189278943,11.522828606573183,36.139780629706806,65.47061708280218,0.04431440842898854,0.04391441465098267,0.043049955157482014,0.0426161714466969,0.04335052917963801,0.04448486213254667,0.04225392747914923,0.04364093469098961,0.04384153539245636,0.04171399858500063,0.04305432619365194
537,43.33062842353178,25.580732442807914,60.5584686401167,38.63212654628134,25.580732442807914,25.580732442807914,27.14689973522473,49.07324182906008,12.529338339334489,46.98501877250433,67.34519357392288,22.97045362211323,7.308780697945119,36.543903489725594,27.14689973522473,59.51435711183883,66.301082045645,12.007282575195552,34.455680433169846,66.82313780978394,0.04451903852856178,0.043830940135069774,0.043631467754390224,0.043125043143587095,0.04314491631964662,0.045067019349576756,0.04212491748130365,0.04359955513547642,0.04421816241692999,0.041520439402536295,0.04316273619398432
538,35.75510489454239,17.877552447271196,46.271312216466626,24.713087206521948,19.45498354555983,30.497001233580278,20.506604277752256,43.64226038598557,7.361345125346964,43.116450019889356,46.79712258256284,24.18727684042574,8.938776223635598,34.70348416234997,22.609845742137104,56.78751953839086,45.21969148427421,4.732293294865905,33.12605306406134,45.21969148427421,0.042849892724474876,0.04381489698712363,0.04281053366427132,0.04481164207221177,0.042491974683972845,0.04182000374153524,0.04401102367036355,0.04300486618888723,0.043776067557976334,0.0432779545873956,0.04152077802557595
539,35.9569046832348,19.80235330381047,44.294737653260256,25.013498910076382,19.281238743183877,28.66130083446252,22.407926106943425,41.689164850127305,7.295603848772278,41.689164850127305,48.98476869889958,23.450155228196607,8.33783297002546,36.47801924386139,23.9712697888232,47.9425395776464,47.9425395776464,4.690031045639322,32.83021731947525,46.900310456393214,0.04294589672879105,0.04432897840189696,0.04353282650517168,0.04456931735322581,0.04302235668715616,0.04223791910879567,0.04425876240754848,0.04380989131185215,0.04370593473882884,0.04345916419783163,0.04301439193231025
540,35.537124555329875,18.291167050537435,42.853591375544845,25.60763387075241,18.813771823409933,30.311076826604893,20.381586142027427,43.37619614841734,7.316466820214974,41.80838182979985,48.07963910426983,24.562424325007413,8.884281138832469,32.924100690967386,23.517214779262417,52.78308206012231,46.51182478565234,4.703442955852483,32.40149591809489,47.034429558524835,0.042943239338200385,0.04390210367672468,0.043102326510601786,0.0448549799013654,0.043328496868858445,0.043145984345713366,0.04401022383106174,0.04336794903793114,0.044232887239224784,0.04295962709334523,0.041547409284475006
541,30.74458739708137,18.95916222820018,43.55483214586528,26.132899287519166,14.85988390858933,29.207358027227304,22.546030757859672,46.62929088557342,11.273015378929836,40.9927831961085,46.11688109562206,25.108079707616454,8.1985566392217,30.74458739708137,19.983981808102893,44.06724193581663,40.9927831961085,7.173737059318987,32.7942265568868,49.1913398353302,0.04482181521714767,0.0457304226483065,0.04387846664372318,0.044142021247207106,0.043192639125944884,0.04304834676597383,0.044785868643354175,0.044364520830840505,0.04540490820363548,0.04413804174517886,0.04408315897733151
542,34.736958061323556,14.429197963934401,54.51030341930773,30.461640146083734,22.979833794414045,29.39281066727378,18.704515879174224,50.76940024347289,4.275317915239822,41.14993493418329,62.5265245103824,27.255151709653866,8.550635830479644,34.202543321918576,24.048663273224,50.76940024347289,52.9070592010928,5.878562133454755,35.271372800728535,52.37264446168782,0.043623261953819444,0.04437285806666796,0.04122707916989706,0.04308288731286927,0.0423164527116922,0.04251842387193496,0.04058691105675539,0.04226038020681669,0.04183080346504013,0.04239567086757137,0.041370531911957754
543,37.453845052288614,19.7673071109301,40.0548065142531,26.00961461964487,18.726922526144307,27.049999204430666,19.247114818537202,44.21634485339628,8.323076678286359,40.0548065142531,50.978844654503945,24.969230034859073,8.843268970679256,33.81249900553833,23.92884545007328,55.14038299364712,44.73653714578918,4.681730631536077,34.33269129793123,45.25672943818208,0.04270223634055858,0.04441147834092281,0.04350493393655691,0.0448397346833938,0.043426998242968376,0.04290179497929646,0.044303907293431456,0.043762342188367,0.04421681674328529,0.043607627446236454,0.04212983741208547
544,38.229719187854606,18.3293174188344,45.037751371993096,25.13734960297289,18.853012202229667,28.80321308673977,21.995180902601277,41.89558267162148,7.3317269675337595,40.84819310483095,49.227309639155244,24.613654819577622,8.379116534324297,36.13494005427353,23.566265252787083,49.227309639155244,48.1799200723647,4.713253050557417,32.992771353901915,47.13253050557417,0.04260307022380595,0.04426450336098555,0.04305280141772411,0.04452658339295867,0.04283135290462909,0.04190202193904978,0.04343413656448571,0.04343164616476043,0.04425981873556665,0.04334984470226111,0.04264943719850445
545,34.15015957899601,18.91393453605933,43.08173977657959,25.21857938141244,19.439321606505423,28.370901804088994,22.59164402918198,43.607126847025675,7.355418986245295,37.302482001672566,53.06409411505534,23.642418170074162,11.033128479367942,34.15015957899601,25.21857938141244,55.165642396839715,44.13251391747177,5.253870704460925,30.99783715631946,49.911771692378785,0.0426349645114241,0.04393238886027265,0.04356530139852998,0.044458424301283994,0.04194059807010602,0.04285476140219305,0.04377273293623319,0.042854851224024375,0.04359818681058566,0.043121272882006186,0.0418794471572483
546,36.26804091146949,18.396832346397566,43.10115006870287,23.653070159654014,19.448079909048857,31.011803098213043,20.499327471700145,43.62677385002851,8.409980501210317,39.947407380749006,49.93425922593625,23.12744637832837,9.461228063861606,33.63992200484127,22.601822597002727,55.71612082051835,45.20364519400545,4.730614031930803,33.11429822351562,48.88301166328496,0.04272879451481436,0.04404708758486492,0.04297923276915383,0.044713970063166894,0.04299702273692184,0.04245039320774882,0.04308981445531926,0.04286808587723666,0.04411750733633186,0.04318499472146583,0.041199315407330905
547,36.19652253422045,19.93431675797648,41.966982648371534,24.655602305918276,19.409729474871835,27.803126004546144,22.032665890395055,44.06533178079011,8.917983812778951,38.81945894974367,49.31120461183655,23.606427739708987,10.491745662092884,35.14734796801116,25.18018958902292,52.45872831046442,47.212855479417975,5.245872831046442,29.90147513696472,49.31120461183655,0.04303716729303534,0.04381607927935999,0.043404493841707956,0.04438610387766021,0.041951859645667444,0.042950720547544834,0.0445717633735181,0.04344591814424726,0.04352825842579137,0.043059168433961764,0.04126118403286149
548,34.13729106264236,17.856429171228314,42.5403165549851,25.734265570299627,19.431996451042576,29.935778316470994,20.48237463758542,45.69145111461362,7.352647305799893,39.38918199535657,47.267018394427886,24.683887383756787,10.503781865428419,34.662480155913784,23.633509197213943,56.19523298004204,45.166262021342206,4.726701839442788,32.561723782828096,49.89296386078499,0.04262283892170884,0.04342522559840925,0.04332187486752911,0.045168037869094936,0.042674925330180094,0.04274905007515309,0.04352859973275418,0.0428754897198129,0.04332122093009046,0.0431314402627672,0.04199220342107895
549,29.532733905131625,17.616016715341672,45.076278065727216,25.905906934325987,18.65225299271471,29.014615766445104,20.72472554746079,50.77557759127893,8.808008357670836,41.44945109492158,45.076278065727216,26.942143211699026,8.808008357670836,32.64144273725074,19.68848927008775,47.66686875915982,44.04004178835418,5.181181386865197,33.15956087593726,49.739341313905896,0.04409270631979852,0.04551324891589668,0.043085906576879475,0.04375246087722897,0.04333406443558639,0.04264537891146247,0.04423211210671889,0.043990951916359114,0.04422855474996377,0.04346072957635314,0.04354574692723297
550,28.88931964547402,18.571705486376157,44.36574088412082,25.27815468978977,19.08758619433105,27.857558229564233,21.666989734105517,50.040428671624646,9.285852743188078,41.27045663639146,45.913383007985495,28.37343893751913,8.254091327278292,31.98460389320338,20.63522831819573,43.849860176165926,44.36574088412082,4.642926371594039,33.01636530911317,50.55630937957954,0.044379849078444174,0.04564955795726535,0.043195129808319625,0.043753883592647064,0.04371930382327971,0.04347672199020607,0.04397848701820041,0.04430136457022301,0.04434455208156615,0.04380730953640237,0.043513132588552786
551,35.8455326547412,14.44521465191063,55.64082680735947,29.425437253892028,22.470333902972094,29.425437253892028,19.26028620254751,50.82575525672259,5.885087450778405,42.800636005661126,58.850874507784056,25.145373653325912,8.025119251061462,35.310524704670435,21.400318002830563,52.96578705700565,54.035802957147176,5.885087450778405,34.775516754599664,51.89577115686412,0.04320682546290369,0.044392415189508,0.04093131554105178,0.04328649011517696,0.04200724497404331,0.04277968278721936,0.04049535943105185,0.04196335299555027,0.04224185457532267,0.04235674590908123,0.04133076294832674
552,43.83717469415564,21.12634925019549,43.30901596290075,36.971111187842105,22.71082544396015,32.217682606548124,25.879777831489474,52.28771439423384,11.091333356352632,42.25269850039098,71.82958745066466,22.71082544396015,6.866063506313534,41.1963810378812,27.464254025254135,67.07615886937067,56.512984244272936,6.337904775058647,33.2740000690579,64.96352394435112,0.04387524020082153,0.04356450720815896,0.04253152842574385,0.04400959171355642,0.04202178660838663,0.04230609895450084,0.04178988203034509,0.04265533139679791,0.04348820962038576,0.04313032842762097,0.04246876415879473
553,37.39595370200661,17.381217917834057,43.71639658121899,24.755067943581835,19.48803221090485,30.022103676258823,21.068142930707946,44.769803727754386,7.90055359901548,39.5027679950774,47.40332159409288,24.755067943581835,10.007367892086274,33.709028689132715,23.17495722377874,56.883985912911456,44.24310015448669,4.740332159409288,33.18232511586501,48.983432313895975,0.0424001303281092,0.04364931745151664,0.04325463137443902,0.04487103021179619,0.04278735206002163,0.042700195252555875,0.043214391268300005,0.04274371352147,0.04269890884399351,0.04287195392417235,0.04210480249592702
554,35.70461639578095,15.454236947427578,54.88918639948415,30.375569172530067,22.381998337653734,30.908473894855156,17.585855836727934,50.093043898558356,4.263237778600711,43.69818723065729,60.751138345060134,24.51361722695409,8.526475557201422,36.237521118106045,21.849093615328645,48.494329731583086,52.22466278785871,5.861951945575978,35.17171167345587,53.823376954833975,0.04398346108053991,0.04468713351381789,0.04137070888625801,0.0429068811276311,0.04192317458310543,0.043010440627784745,0.04068441253112345,0.04237851756885398,0.041883909806085855,0.04249130762049106,0.04177533032921964
555,37.233453955929825,20.45217893353892,42.47760240042699,24.647497689136646,18.87893440018977,27.793986755834943,21.501008622438352,44.050846933776135,8.91505235564517,38.282283644829256,48.770580533823576,23.0742531557875,10.488296888994318,35.13579457813096,25.17191253358636,52.9658992894213,47.721750844924145,5.244148444497159,29.891646133633806,48.770580533823576,0.04310233544166644,0.04354435116031583,0.043518372995137125,0.04429179336409844,0.041961699199457476,0.04311395173431085,0.04469628648035235,0.04345373788509034,0.043512074814509444,0.043124937717152756,0.04126561475819305
556,35.886954622936685,16.360229313397607,43.803194613290366,24.80421863644153,19.526725309539078,30.60946129603423,20.582223974919568,43.803194613290366,7.388490657663435,41.164447949839136,47.49743994212208,26.38746663451227,11.610485319185397,33.775957292175704,22.69322130568055,58.05242659592699,43.803194613290366,4.749743994212208,33.775957292175704,48.55293860750257,0.04232468122421634,0.04334035875707438,0.043397413626427406,0.044800710414752504,0.04245006275389209,0.04236071876826245,0.043672327481876584,0.04238765328250199,0.04314835550859948,0.042496721176366915,0.041871664315784526
557,36.465735705731504,16.3831566214156,43.336091708260625,25.89595724030208,19.554090161044428,30.12386862647385,20.61106800758737,44.39306955480357,8.455822772343536,40.1651581686318,48.09249201770387,25.36746831703061,11.626756311972363,32.7663132428312,22.196534777401784,59.19075940640476,42.80760278498916,4.756400309443239,32.7663132428312,49.14946986424681,0.04246213021437579,0.04345391489157404,0.04287734203597553,0.044399499398707444,0.04239701549973,0.042385183756125426,0.04349566039707719,0.0430355116493425,0.042690487652296494,0.04273067412996903,0.041583657103355556
558,33.6970033585821,14.9764459371476,55.09192612593582,30.487764943479046,22.999541974905245,28.883145735927517,18.185684352250657,50.81294157246508,5.348730691838429,40.11548018878822,60.97552988695809,26.2087803900083,8.557969106941487,35.836495635317476,22.999541974905245,51.34781464164892,54.557053056751975,5.348730691838429,34.766749496949785,54.557053056751975,0.0431355822786795,0.04459378450078057,0.04098904219288273,0.04299625861756777,0.042134868557259925,0.04281604936173999,0.0407044638067966,0.04219441766383363,0.042118015895925766,0.04230748092349228,0.04113696701719833
559,37.38237601679008,16.32188248620412,42.120987061171924,24.219567560173854,19.480956515792013,31.59074029587894,22.640030545379908,44.22703641423052,10.00373442702833,40.01493770811332,45.80657342902447,25.799104574967803,8.950709750499033,37.90888835505473,23.693055221909205,54.7572831795235,46.33308576728911,5.2651233826464905,31.59074029587894,48.96564745861236,0.04227493336795545,0.043829267876216244,0.04283249103623286,0.044443264987701486,0.0429196349618311,0.04262270794597814,0.043055172964331284,0.04325942385141266,0.04359588275676528,0.04274311617231055,0.04191176581461603
560,45.89263785725332,20.110257038571678,57.75253303384687,39.70486646076972,21.657199887692578,35.06403791340703,36.095333146154296,48.470875939121484,9.797304711099024,52.08040925373691,56.721237801099605,30.423209366044336,13.922485642088086,44.86134262450605,25.266733202308007,53.62735210285781,66.51854251219864,11.859895176593554,35.57968552978066,58.26818065022051,0.04533756311747915,0.04481094815948226,0.043389412184623895,0.04390944205157795,0.043691685688956795,0.04441886305150172,0.04329590828173765,0.04377499583325116,0.04487461569272359,0.043456756890647645,0.043392192674385474
561,38.26935992096735,18.348323249778865,40.89054895665004,23.590701321144255,19.92103667118848,30.9300306210558,18.8725610569154,44.03597579946928,7.339329299911546,40.3663111495135,49.278353870834664,23.590701321144255,9.96051833559424,33.02698184960195,22.542225706871175,53.996494135063514,45.608689220878894,4.71814026422885,32.502744042465416,46.65716483515197,0.04278433509796897,0.04383260634541319,0.04288016021082756,0.04494648631447812,0.04217619713853752,0.042715974609266405,0.043707105173499274,0.04343871589562448,0.044307201291956956,0.043704980891887894,0.04126842989400069
562,35.819289495944844,16.329381976092503,43.19384909805113,25.284204350078713,19.48990751985234,31.60525543759839,19.48990751985234,44.774111869931055,6.321051087519678,41.613586326171216,47.40788315639759,26.337712864665324,10.53508514586613,33.712272466771616,22.65043306361218,56.889459787677104,44.24735761263775,4.740788315639758,34.765780981358226,48.4613916709842,0.042449355425382786,0.043457486226329854,0.04330686646955409,0.0451181234715361,0.04223030418239005,0.04239566988773382,0.04365591054929647,0.04250247850949336,0.04317025738603136,0.042888613487519,0.04207067711142653
563,36.06926745716893,19.341491245148553,44.95589856980475,26.659893337907466,19.341491245148553,30.319094384286924,18.818748238522918,44.95589856980475,7.318402092758912,41.819440530050926,48.6150996161842,24.56892131140492,8.886631112635822,32.41006641078947,23.00069229152801,51.75155765593802,45.478641576430384,4.7046870596307295,34.50103843729202,46.52412758968166,0.04327991322692823,0.04410613619866644,0.04273501348547119,0.04507100056963264,0.04292144890369587,0.042339537539823245,0.04383838575761403,0.043455915876174846,0.044082371521328635,0.04356094383359343,0.04186632646143482
564,36.67947993672207,18.339739968361034,42.96739078301728,26.19962852623005,19.387725109410237,29.867576519902258,20.95970282098404,43.491383353541885,7.335895987344414,38.775450218820474,46.63533877668949,25.151643385180847,10.47985141049202,33.01153194304986,22.00768796203324,57.63918275770611,45.063361065115686,4.715933134721409,33.01153194304986,48.73130905878789,0.04258580558807993,0.04360742966481389,0.043446629629748164,0.04527281705862334,0.04288352586439211,0.04276327372211642,0.04387928822708542,0.04298197340746101,0.043042186396044346,0.04298392604686844,0.04256057387016588
565,35.20377083338123,17.339170708978813,42.034353233888034,26.796900186603622,19.440888370673214,30.474906094568826,20.49174720152042,43.08521206473524,6.830582400506805,40.98349440304084,47.814076803547636,25.74604135575642,9.983158893048408,34.15291200253403,22.59346486321482,57.79723569659605,45.18692972642964,4.728864738812404,33.102053171686826,48.33950621897124,0.04242620075303822,0.043593315697391305,0.04308288071131537,0.044958726431295164,0.042630337683580176,0.04263349693417212,0.04425161745043859,0.04264785837903501,0.04329063295607464,0.04290340291110499,0.0421521146689539
566,37.04482532076681,19.826807918156884,43.8276806611889,26.087905155469585,19.305049815047493,28.696695671016542,18.7832917119381,43.30592255807951,6.782855340422092,39.13185773320438,50.088777898501604,24.00087274303202,9.39164585596905,33.39251859900107,20.870324124375667,56.87163323892369,43.30592255807951,4.695822927984525,32.87076049589167,48.00174548606404,0.04292520375824472,0.04427999660899355,0.04339065296094691,0.04473589891691071,0.04328391249541928,0.04297461503538156,0.044269671382524974,0.04309251577382047,0.04344147920999917,0.042717886879942345,0.043130063868424606
567,37.122436219331995,18.299792502487605,41.828097148543094,26.142560717839434,19.34549493120118,30.848221647050533,19.34549493120118,44.44235322032704,6.797065786638253,40.25954350547273,47.056609292110984,25.619709503482646,10.457024287135773,32.93962650447769,21.959751002985126,57.51363357924676,43.91950200597025,4.705660929211098,32.93962650447769,47.57946050646777,0.04263183743199058,0.043709094679462476,0.04352856847816297,0.04529712518164034,0.04276601983859733,0.04275444886893457,0.04412427139337045,0.04311055179768485,0.043815251462410325,0.04321709256260754,0.04219452394834987
568,35.98369747743191,19.295605893695374,44.32774326930018,26.59664596158011,18.774103031703607,30.247165995522476,18.25260016971184,43.806240407308415,7.301040067884736,41.19872609734958,47.97826330324255,23.989131651621275,8.865548653860037,32.85468030548131,21.903120203654208,52.15028619917668,44.84924613129195,4.693525757925902,33.89768602946484,46.935257579259016,0.04335464257861674,0.04402354466205845,0.04300758521695671,0.04524237083645779,0.04308793053431775,0.04253261330390298,0.043937609903882506,0.043321523058479784,0.04434963027153715,0.04372358476142935,0.041916102880593976
569,47.60794794205972,24.065556102579638,63.826040098145995,37.66782694316813,24.588720365679194,27.727705944276536,27.727705944276536,51.27009778375662,13.60227084058849,48.131112205159276,65.39553288744466,23.019227576380523,7.8474639464933595,37.66782694316813,24.588720365679194,57.5480689409513,64.87236862434511,10.463285261991146,39.760483995566354,63.302875835046436,0.044516002161055446,0.04378285710656199,0.04333736249583638,0.043520110941451036,0.04243575783526949,0.044801571998225855,0.04243822240381994,0.04316201008804853,0.0441135051249898,0.04169329592226737,0.04303504082291692
570,36.119449331144644,18.844930085814596,44.494973813728905,26.173514008075827,19.36840036597611,28.79086540888341,19.36840036597611,43.448033253405875,6.281643361938198,37.68986017162919,49.72967661534407,24.60310316759128,9.945935323068815,34.02556821049858,22.50922204694521,56.53479025744379,44.494973813728905,4.711232521453649,33.50209793033706,49.20620633518256,0.04299258395006072,0.044256732438795604,0.04296127181160257,0.04434317226578326,0.04344511324377202,0.04273172080719414,0.04414771626245173,0.04312076106171467,0.042918699014866814,0.04294177701550645,0.0426701719667354
571,35.83963449150911,16.865710348945466,43.7454362175773,25.298565523418198,19.500977590968194,31.623206904272745,19.500977590968194,44.79954311438639,8.432855174472733,43.218382769172756,47.434810356409116,25.298565523418198,10.01401551968637,33.73142069789093,22.66329828139547,57.975879324500035,43.7454362175773,4.743481035640912,32.15026035267729,46.38070345960003,0.042204304917714784,0.04390789990414223,0.04284864412840137,0.04496148611211239,0.04230980990138792,0.04199377484860882,0.04352363295315182,0.042865057270178974,0.04356596014031906,0.04269929062062171,0.04206669079881516
572,36.320290254285304,16.844192581697534,42.63686247242188,25.2662888725463,19.476097672587773,29.477337017970683,21.581621745299966,41.58410043606578,6.842953236314623,37.373052290641404,49.4798157087365,27.37181294525849,10.00123934538291,33.16200414521702,23.687145818012155,57.37553098140722,45.79514858149017,4.737429163602431,33.68838516339507,50.5325777450926,0.04309548082276573,0.04350234594350715,0.043104638920126344,0.04500369999856359,0.042553211797748944,0.04241131303857335,0.04375080890094947,0.042533359419124915,0.043028522327151056,0.04259150338454898,0.04204409726889254
573,43.86472688544736,21.674335637515163,39.73628200211114,35.09178150835788,19.610113195847052,32.51150345627275,23.738558079183274,37.156003950026,6.708722935421361,39.73628200211114,50.57344982086872,31.47939223543869,10.837167818757582,36.63994833960897,27.35094735210247,51.60556104170277,50.05739421045169,5.160556104170277,28.383058572936527,48.50922737920061,0.04565194562909528,0.04685542279283309,0.04312053711975811,0.04361458129606089,0.04382490628737149,0.04308599880869252,0.042422593329939876,0.044282029653980995,0.04435340135529898,0.04340378074228213,0.04332919256765901
574,36.933459254482024,16.88386708776321,42.20966771940803,24.270558938659615,19.521971320226214,31.12962994306342,20.049592166718814,45.90301364485623,8.441933543881605,40.62680517993023,49.06873872381183,24.270558938659615,9.497175236866807,32.71249248254122,22.687696399181817,56.98305142120084,46.95825533784143,4.748587618433404,33.76773417552642,46.43063449134883,0.04266997799619361,0.043771885205599395,0.04279289924580472,0.044642406495890984,0.0426990514259037,0.042258591056770003,0.04333552253875291,0.04284068119757535,0.04355593350265365,0.04269979857868779,0.041112406263567436
575,48.55779134461728,17.417468634482283,55.94702046227643,38.529551827794144,29.556916470636605,29.02911439080381,21.11208319331186,48.02998926478448,8.444833277324744,40.64076014712533,67.03086413876515,28.50131231097101,10.028239516823133,39.585155987459736,29.02911439080381,55.94702046227643,53.835812142945244,7.389229117659151,38.00174974796135,52.252405903446856,0.04417741865824006,0.04412768308799511,0.04367933251715659,0.0436000898237064,0.0422189562131533,0.04270164202483826,0.0427965930946171,0.042271134122070245,0.043331730372604724,0.04106393751081169,0.042229402742010036
576,48.55779134461728,17.417468634482283,55.94702046227643,38.529551827794144,29.556916470636605,29.02911439080381,21.11208319331186,48.02998926478448,8.444833277324744,40.64076014712533,67.03086413876515,28.50131231097101,10.028239516823133,39.585155987459736,29.02911439080381,55.94702046227643,53.835812142945244,7.389229117659151,38.00174974796135,52.252405903446856,0.04417741865824006,0.04412768308799511,0.04367933251715659,0.0436000898237064,0.0422189562131533,0.04270164202483826,0.0427965930946171,0.042271134122070245,0.043331730372604724,0.04106393751081169,0.042229402742010036
577,37.31674895874199,19.446756499626108,45.20056916129312,24.177048621156782,19.972344513129517,30.484104783197683,18.39558047261929,44.67498114778971,7.883820202551124,38.893512999252216,48.87968525581697,22.60028458064656,9.46058424306135,32.06086882370791,22.07469656714315,56.763505458368094,44.1493931342863,4.730292121530675,31.535280810204497,48.87968525581697,0.042397557930887585,0.04388355605852625,0.043195430265033335,0.044768120876117604,0.04255810291304365,0.04286808153472346,0.04367191290768665,0.04299887627587,0.043086181464971306,0.04300862881964776,0.04197553745008418
578,37.295191398044324,17.33438473430229,42.02275087103586,25.738934908509464,19.435522277854083,30.466494381500997,19.960806663742034,44.6491728004756,7.353981402431275,39.39632894159612,47.80087911580329,25.738934908509464,9.980403331871017,33.61820069682869,22.061944207293827,59.8824199912261,43.598604028699704,4.727559472991534,32.567631925052794,48.32616350169124,0.042254281297416825,0.04407666399762491,0.0431730623718224,0.04500589170838758,0.0426382556453772,0.04257259402222983,0.043824632101209675,0.04309925117638036,0.04293056049690598,0.04272197144314408,0.042418449851553054
579,38.00101061552023,16.889338051342325,42.22334512835581,26.389590705222382,19.528297121864565,30.611925218057966,20.05608893596901,44.86230419887805,7.916877211566715,38.528802429624676,48.02905508350474,25.861798891117935,10.555836282088952,32.723092474475756,22.1672561923868,59.11268317969814,44.86230419887805,4.750126326940029,32.723092474475756,49.08463871171363,0.04225930567200279,0.043372608113536784,0.043136603228028904,0.04464696526441803,0.04255963453977344,0.042332995689092864,0.043523342000861096,0.04279035964073505,0.0428142959986084,0.04275338667347372,0.04201868907502123
580,37.75526630825384,17.828875756675423,42.99905329551132,26.218934936287386,19.402011852852667,29.365207128641874,18.87763315412692,45.620946789140056,7.3413017821604685,39.32840240443108,47.1940828853173,24.121420141384398,10.487573974514955,33.035858019722106,21.49952664775566,57.68165685983225,42.47467459678557,4.71940828853173,32.51147932099636,47.71846158404305,0.04255049433922888,0.043689030731371606,0.0432505053026017,0.044714087956146696,0.042972440848298064,0.04260177038280387,0.043714943278304344,0.043056918882599764,0.043215021922450775,0.04316499705160528,0.042691090578841205
581,37.21118573227743,18.343542262390283,41.92809659974922,25.680959167346394,19.39174467738401,29.873768827321314,20.439947092377743,45.59680505222727,7.337416904956113,38.78348935476802,47.69320988221473,24.632756752352662,10.482024149937304,34.06657848729623,21.48814950737147,58.6993352396489,44.024501429736674,4.716910867471786,32.49427486480564,47.69320988221473,0.04279734064943518,0.04404936816723897,0.04346003677898142,0.044747432929275056,0.04314496280955215,0.04253116080247193,0.04372936642284456,0.043343433005726156,0.04277355234841521,0.04297151798787082,0.04235062060132348
582,36.258221374604645,16.8154070143094,42.0385175357735,25.748591990661268,19.442814360295245,29.42696227504145,19.968295829492412,45.71688782015368,7.882222037957531,39.41111018978766,47.81881369694236,26.27407345985844,10.509629383943375,34.681776967013136,22.07022170628109,58.8539245500829,43.089480474167836,4.729333222774518,32.579851090224466,48.86977663533669,0.04250206124815804,0.043483495862741306,0.04303824022834425,0.04478410353562991,0.04276386702730029,0.04274764758697795,0.04365522076009322,0.04336340860746952,0.04286231382175887,0.04287762428359688,0.042440547840761046
583,37.774941937751784,18.36281899751823,42.49680967997076,26.232598567883183,19.412122940233555,30.954466310102156,19.93677491159122,44.59541756540141,7.3451275990072915,39.34889785182477,47.74332939354739,24.133990682452527,10.493039427153274,33.05307419553281,22.560034768379538,57.18706487798534,43.02146165132842,4.721867742218973,33.05307419553281,48.792633336262725,0.04257079752839736,0.043676944492209935,0.0433350565858492,0.045010669038076136,0.04310792344578862,0.04264858140812864,0.04349279823269507,0.043169251627666945,0.0430001126240832,0.042944012696064904,0.042391880963376226
584,47.99975924672353,17.40650610046018,56.43927735603756,39.03277125557737,29.538313382599096,29.01084350076697,21.098795273285067,48.52722912855566,7.9120482274819,41.67012066473801,66.98867499268009,28.48337361893484,9.49445787297828,39.03277125557737,29.01084350076697,55.91180747420543,53.80192794687692,7.384578345649774,38.50530137374525,51.69204841954842,0.04416380730160894,0.04414178746256058,0.04364888329513768,0.0437098540679746,0.04224893525566942,0.04278588632818576,0.042879922596051674,0.04230286310414667,0.043206882753434164,0.04120451033997337,0.04223678566313051
585,48.56952843859068,17.421678679059703,56.488473292708726,39.06679461364903,29.564060788707373,29.03613113176617,20.58925662070692,48.04159878164948,8.44687451105925,40.650583584472635,67.04706643153278,28.508201474824965,10.030663481882858,39.594724270590234,29.03613113176617,55.96054363576753,53.84882500800271,7.391015197176843,38.01093529976662,52.26503603717911,0.0441768110946673,0.04405674705010812,0.04363530412627614,0.043676320987974374,0.0422231509824156,0.042658118487327305,0.04284941045986811,0.04222022370794226,0.04320035091529035,0.04116906425753662,0.04220484098939075
586,49.132148257926815,17.43398809152242,57.05668829952792,36.98118686080513,29.584949488644106,28.52834414976396,21.13210677760293,48.60384558848674,8.452842711041173,40.679305546885644,67.62274168832938,28.52834414976396,10.037750719361393,39.6227002080055,29.584949488644106,55.47178029120769,53.886872282887474,7.396237372161027,38.56609486912535,51.77366160512718,0.04404561669799175,0.043986987876797945,0.043640427744138025,0.04363517193350369,0.04214907877102598,0.04258293696725087,0.04272683473818109,0.042228082958811496,0.04326237006437692,0.04109939326661433,0.04234042954123445
587,45.965769320698676,16.416346185963814,39.39923084631315,27.90778851613848,19.152403883624448,44.32413470210229,19.699615423156576,38.852019306781024,9.30259617204616,41.58807700444166,67.85423090198375,18.057980804560195,12.038653869706796,25.718942358009972,26.81336543707423,55.81557703227696,56.91000011134122,3.2832692371927625,32.83269237192763,43.22971162303804,0.04378009684410689,0.04099208110807391,0.040943145575153314,0.04108782669206155,0.04115141186958074,0.04164248115237684,0.03863220512797613,0.042387370020838415,0.042337140779618504,0.03967924154021252,0.04015545975787406
588,46.72847274865916,17.187484229391874,45.654254984322165,27.929661872761795,17.72459311156037,33.83785957661525,20.410137522402852,39.74605728046871,10.74217764336992,45.11714610215367,59.08197703853457,20.947246404571345,6.982415468190449,32.22653293010976,27.929661872761795,48.33979939516465,67.6757191532305,6.445306586021953,32.76364181227826,40.28316616263721,0.0438051694290059,0.04180789398634206,0.04137856388924609,0.042785200225736605,0.042672693334802045,0.04218863213652995,0.04063662391971957,0.04234775152485969,0.04223184925631499,0.04131470974858762,0.04172203038035947
589,48.6368431273499,19.454737250939957,49.17725249543156,30.803333980654934,19.454737250939957,34.045790189144924,17.83350914669496,39.44988386996158,12.969824833959972,39.44988386996158,67.5511710102082,16.75269041053163,6.484912416979986,27.020468404083275,27.56087777216494,49.71766186351323,62.147077329391536,7.025321785061651,34.045790189144924,48.09643375926823,0.04297611553306316,0.041746640314532166,0.041868160557417676,0.042237196807965706,0.041202160756992096,0.04349365245470158,0.040370139941258085,0.04235015266465052,0.041576219401533214,0.040462487823745,0.04130770566247528
590,49.49733518858126,17.5635705507869,54.81962929488032,25.54701171023549,19.160258782676618,43.11058226102239,23.418094067715867,37.788288154723325,10.644588212598121,51.626252831100885,54.81962929488032,26.079241120865397,9.580129391338309,26.611470531495304,28.740388174014925,43.6428116716523,59.07746457991957,6.918982338188779,37.788288154723325,40.98166461850276,0.04339878745384083,0.043104027340058214,0.041565609220830094,0.043636687574747354,0.042919320903635504,0.04299777674747475,0.041577241553771564,0.04240819633274054,0.043517038609702165,0.04054215868437697,0.042103744948915875
591,32.53571272170941,19.20140422920555,54.403978649415734,24.535127626207093,19.20140422920555,30.935595702608946,21.86826592770632,41.069670156911876,9.067329774902621,50.67037227151465,57.60421268761666,19.20140422920555,9.067329774902621,37.86943611871095,20.26814890860586,61.337819065517735,51.73711695091496,3.7336063779010797,35.202574420210176,48.00351057301388,0.04380241973958251,0.04531135182956912,0.041296122791376455,0.041180133245227096,0.042840895719215864,0.041742295996419355,0.0409522799884487,0.04221553012923938,0.04334862647041192,0.04136360334822315,0.04257440104213232
592,49.49733518858126,17.5635705507869,54.81962929488032,25.54701171023549,19.160258782676618,43.11058226102239,23.418094067715867,37.788288154723325,10.644588212598121,51.626252831100885,54.81962929488032,26.079241120865397,9.580129391338309,26.611470531495304,28.740388174014925,43.6428116716523,59.07746457991957,6.918982338188779,37.788288154723325,40.98166461850276,0.04339878745384083,0.043104027340058214,0.041565609220830094,0.043636687574747354,0.042919320903635504,0.04299777674747475,0.041577241553771564,0.04240819633274054,0.043517038609702165,0.04054215868437697,0.042103744948915875
593,46.72847274865916,17.187484229391874,45.654254984322165,27.929661872761795,17.72459311156037,33.83785957661525,20.410137522402852,39.74605728046871,10.74217764336992,45.11714610215367,59.08197703853457,20.947246404571345,6.982415468190449,32.22653293010976,27.929661872761795,48.33979939516465,67.6757191532305,6.445306586021953,32.76364181227826,40.28316616263721,0.0438051694290059,0.04180789398634206,0.04137856388924609,0.042785200225736605,0.042672693334802045,0.04218863213652995,0.04063662391971957,0.04234775152485969,0.04223184925631499,0.04131470974858762,0.04172203038035947
594,48.6368431273499,19.454737250939957,49.17725249543156,30.803333980654934,19.454737250939957,34.045790189144924,17.83350914669496,39.44988386996158,12.969824833959972,39.44988386996158,67.5511710102082,16.75269041053163,6.484912416979986,27.020468404083275,27.56087777216494,49.71766186351323,62.147077329391536,7.025321785061651,34.045790189144924,48.09643375926823,0.04297611553306316,0.041746640314532166,0.041868160557417676,0.042237196807965706,0.041202160756992096,0.04349365245470158,0.040370139941258085,0.04235015266465052,0.041576219401533214,0.040462487823745,0.04130770566247528
595,45.965769320698676,16.416346185963814,39.39923084631315,27.90778851613848,19.152403883624448,44.32413470210229,19.699615423156576,38.852019306781024,9.30259617204616,41.58807700444166,67.85423090198375,18.057980804560195,12.038653869706796,25.718942358009972,26.81336543707423,55.81557703227696,56.91000011134122,3.2832692371927625,32.83269237192763,43.22971162303804,0.04378009684410689,0.04099208110807391,0.040943145575153314,0.04108782669206155,0.04115141186958074,0.04164248115237684,0.03863220512797613,0.042387370020838415,0.042337140779618504,0.03967924154021252,0.04015545975787406
596,32.53571272170941,19.20140422920555,54.403978649415734,24.535127626207093,19.20140422920555,30.935595702608946,21.86826592770632,41.069670156911876,9.067329774902621,50.67037227151465,57.60421268761666,19.20140422920555,9.067329774902621,37.86943611871095,20.26814890860586,61.337819065517735,51.73711695091496,3.7336063779010797,35.202574420210176,48.00351057301388,0.04380241973958251,0.04531135182956912,0.041296122791376455,0.041180133245227096,0.042840895719215864,0.041742295996419355,0.0409522799884487,0.04221553012923938,0.04334862647041192,0.04136360334822315,0.04257440104213232
597,36.74319716014629,17.846695763499625,41.99222532588147,25.7202380121024,19.421404213220182,30.969266177837586,19.946307029793697,45.6665450418961,7.348639432029257,39.36771124301388,48.29105912476369,25.195335195528884,9.973153514896849,34.118683077278696,22.045918296087773,58.78911545623406,43.04203095902851,4.724125349161666,32.54397462755814,47.766156308190176,0.04283974510182161,0.04360723654118503,0.043200505030643405,0.04479766245698563,0.04301799270868545,0.04254812055759089,0.04365026253519935,0.04331005678078276,0.042893952805034004,0.042847599519039124,0.04238404938951448
598,38.98976936354373,20.274680069042738,42.10895091262722,25.99317957569582,18.715089294500988,29.632224716293234,18.195225702987074,42.10895091262722,6.758226689680913,37.950042180515894,48.34731401079422,25.4733159841819,10.397271830278328,33.791133448404565,21.31440725207057,57.704858658044714,44.18840527868289,4.678772323625247,32.23154267386281,46.787723236252475,0.04280274912901768,0.044346013030729055,0.04336193735641775,0.04528220027875586,0.04359190824548159,0.0424530786295593,0.04423070741431494,0.04392270098539224,0.04369594190558063,0.043103801900531716,0.043345369610302976
599,36.6913970864071,18.34569854320355,42.45718805712822,26.208140776005074,19.394024174243754,30.401443300165884,19.918186989763853,45.07800213472873,7.33827941728142,39.31221116400761,47.17465339680913,24.635652329444767,10.483256310402028,34.070583008806594,22.01483825184426,58.18207252273126,43.50551368816842,4.717465339680913,32.49809456224629,48.222979027849334,0.04274210553946074,0.043783223964581904,0.04324520858700739,0.04487049564532372,0.04309778745219539,0.042552558873964225,0.04377984040899273,0.04330346128614886,0.04289446077920372,0.04300969303400168,0.04255834890901814
600,38.2882446983293,18.35737759508939,41.43522371463034,26.224825135841986,19.40637060052307,30.945293660293544,18.88187409780623,45.106699233648214,7.342951038035756,38.81274120104614,48.25367824994925,25.175832130408306,10.489930054336794,33.0432796711609,22.028853114107267,58.74360830428605,43.008713222780855,4.720468524451557,33.0432796711609,47.72918174723242,0.04262825893147948,0.043673626818710315,0.04317892266428724,0.04492376889952877,0.042946590639555055,0.042612132231550436,0.043756634134152664,0.043184425948177826,0.042892964410609094,0.04301272611056999,0.04269344649453944
601,43.16844457097449,19.24376444730188,45.76895328006934,35.36691844368995,20.804069672758793,29.12569754186231,20.283967930939824,43.16844457097449,11.442238320017335,38.48752889460376,54.090581149172856,30.686002767319216,10.922136578198366,42.648342829155524,27.5653923164054,53.570479407353886,50.44986895644007,5.201017418189698,28.08549405822437,44.7287497964314,0.045240982046263846,0.04454204658985728,0.04197820285401572,0.04344249301445254,0.04437259840812453,0.04288463391002818,0.04281977375412927,0.04421978018463175,0.04392517280372113,0.0428883057998474,0.0435842688159586
602,39.498263284748695,17.379235845289426,56.877499130038125,38.44497626382206,29.492036585945694,27.38546254409243,20.012453397606006,49.5044899835517,9.479583188339687,40.02490679521201,66.3570823183778,30.545323606872323,12.639444251119583,38.97161977428538,28.96539307548238,58.98407317189139,51.08442051494165,7.899652656949739,39.498263284748695,54.77092508818486,0.04411567693469437,0.04413763869603506,0.04366478468156645,0.043731659420021225,0.04192766812869647,0.04304196691237955,0.042953359839541856,0.04289132832605526,0.04346605402789369,0.041282953934943196,0.042143398634857006
603,35.59791417424072,18.322455824976842,41.879899028518494,24.080941941398134,18.84595456283332,28.268931844249984,21.98694698997221,46.591387669226826,9.946476019273142,40.83290155280553,47.114886407083304,26.174936892824057,9.42297728141666,32.980420484958316,22.51044572782869,57.58486116421293,45.54439019351386,5.234987378564812,30.88642553353239,48.16188388279627,0.04234054687491545,0.04423166179964415,0.043336607118947504,0.04535653111604187,0.04280022754702608,0.0425732016156331,0.04443397488752652,0.043305615773072764,0.04362360546143005,0.04282673277962453,0.04167255716965678
604,39.60720381336593,19.011457830415647,47.00054852519423,25.348610440554193,20.595745982950284,24.292418338864437,20.595745982950284,41.19149196590057,5.28096050844879,40.13529986421081,53.865797186177666,19.539553881260524,6.337152610138548,32.21385910153762,19.539553881260524,56.50627744040206,50.169124830263506,5.809056559293669,29.045282796468346,61.25914189800597,0.044898807739502285,0.04458946114852169,0.04090536857723286,0.04323723105051931,0.04352200742346215,0.04373965324464976,0.04118264621363414,0.042198394557959304,0.04250981532446248,0.04195315890075466,0.04316740497442228
605,31.007250922369153,13.899802137613758,42.23401418736488,24.057349853562275,17.642056559279002,27.26499650070391,13.365194363090152,46.51087638355373,4.811469970712455,29.93803537332194,50.25313080521897,20.31509543189703,7.484508843330485,28.334212049751123,19.780487657373424,40.63019086379406,48.11469970712455,3.2076466471416367,28.868819824274727,49.18391525617176,0.0430333082165114,0.0445044137844619,0.04169957367003463,0.04375417480857613,0.04141492798501944,0.04253596541822658,0.04111504903876293,0.041713046088154446,0.0423173218171641,0.04246206801802483,0.040842376631457525
606,31.581020158124016,13.91705973069872,41.75117919209615,24.087218764670858,17.663960427425298,26.763576405189845,13.381788202594922,46.03335141692653,4.817443752934172,30.510477101916422,50.8507951698607,19.805046539840486,8.029072921556953,27.83411946139744,19.805046539840486,40.68063613588856,48.174437529341716,3.2116291686227814,29.439934045708828,49.244980585549314,0.04267357138407387,0.04448815625528017,0.041695866032483556,0.043560964026269224,0.041550407807967975,0.04270871344377954,0.04118223561448937,0.041586208629805756,0.0422589228705618,0.04214704035595925,0.04087638547553262
607,32.03980485504987,14.417912184772442,41.11774956398067,24.029853641287403,17.62189267027743,26.699837379208226,13.349918689604113,45.92372029223815,4.80597072825748,31.505808107465707,50.72969102049563,19.757879660614087,8.009951213762468,26.16584063162406,18.68988616544576,40.583752816396505,48.059707282574806,3.2039804855049874,30.43781461229738,49.12770077774314,0.0427811213212617,0.04474829911524713,0.04155425375580668,0.04377623140232041,0.04196639974218195,0.04283478974455027,0.04121854499004672,0.04127481276642927,0.042512614447212646,0.042420424657521084,0.040915760473257574
608,32.03980485504987,14.417912184772442,41.11774956398067,24.029853641287403,17.62189267027743,26.699837379208226,13.349918689604113,45.92372029223815,4.80597072825748,31.505808107465707,50.72969102049563,19.757879660614087,8.009951213762468,26.16584063162406,18.68988616544576,40.583752816396505,48.059707282574806,3.2039804855049874,30.43781461229738,49.12770077774314,0.0427811213212617,0.04474829911524713,0.04155425375580668,0.04377623140232041,0.04196639974218195,0.04283478974455027,0.04121854499004672,0.04127481276642927,0.042512614447212646,0.042420424657521084,0.040915760473257574
609,32.03980485504987,14.417912184772442,41.11774956398067,24.029853641287403,17.62189267027743,26.699837379208226,13.349918689604113,45.92372029223815,4.80597072825748,31.505808107465707,50.72969102049563,19.757879660614087,8.009951213762468,26.16584063162406,18.68988616544576,40.583752816396505,48.059707282574806,3.2039804855049874,30.43781461229738,49.12770077774314,0.0427811213212617,0.04474829911524713,0.04155425375580668,0.04377623140232041,0.04196639974218195,0.04283478974455027,0.04121854499004672,0.04127481276642927,0.042512614447212646,0.042420424657521084,0.040915760473257574
610,32.03980485504987,14.417912184772442,41.11774956398067,24.029853641287403,17.62189267027743,26.699837379208226,13.349918689604113,45.92372029223815,4.80597072825748,31.505808107465707,50.72969102049563,19.757879660614087,8.009951213762468,26.16584063162406,18.68988616544576,40.583752816396505,48.059707282574806,3.2039804855049874,30.43781461229738,49.12770077774314,0.0427811213212617,0.04474829911524713,0.04155425375580668,0.04377623140232041,0.04196639974218195,0.04283478974455027,0.04121854499004672,0.04127481276642927,0.042512614447212646,0.042420424657521084,0.040915760473257574
611,32.03980485504987,14.417912184772442,41.11774956398067,24.029853641287403,17.62189267027743,26.699837379208226,13.349918689604113,45.92372029223815,4.80597072825748,31.505808107465707,50.72969102049563,19.757879660614087,8.009951213762468,26.16584063162406,18.68988616544576,40.583752816396505,48.059707282574806,3.2039804855049874,30.43781461229738,49.12770077774314,0.0427811213212617,0.04474829911524713,0.04155425375580668,0.04377623140232041,0.04196639974218195,0.04283478974455027,0.04121854499004672,0.04127481276642927,0.042512614447212646,0.042420424657521084,0.040915760473257574
612,32.03980485504987,14.417912184772442,41.11774956398067,24.029853641287403,17.62189267027743,26.699837379208226,13.349918689604113,45.92372029223815,4.80597072825748,31.505808107465707,50.72969102049563,19.757879660614087,8.009951213762468,26.16584063162406,18.68988616544576,40.583752816396505,48.059707282574806,3.2039804855049874,30.43781461229738,49.12770077774314,0.0427811213212617,0.04474829911524713,0.04155425375580668,0.04377623140232041,0.04196639974218195,0.04283478974455027,0.04121854499004672,0.04127481276642927,0.042512614447212646,0.042420424657521084,0.040915760473257574
613,32.03980485504987,14.417912184772442,41.11774956398067,24.029853641287403,17.62189267027743,26.699837379208226,13.349918689604113,45.92372029223815,4.80597072825748,31.505808107465707,50.72969102049563,19.757879660614087,8.009951213762468,26.16584063162406,18.68988616544576,40.583752816396505,48.059707282574806,3.2039804855049874,30.43781461229738,49.12770077774314,0.0427811213212617,0.04474829911524713,0.04155425375580668,0.04377623140232041,0.04196639974218195,0.04283478974455027,0.04121854499004672,0.04127481276642927,0.042512614447212646,0.042420424657521084,0.040915760473257574
614,32.03980485504987,14.417912184772442,41.11774956398067,24.029853641287403,17.62189267027743,26.699837379208226,13.349918689604113,45.92372029223815,4.80597072825748,31.505808107465707,50.72969102049563,19.757879660614087,8.009951213762468,26.16584063162406,18.68988616544576,40.583752816396505,48.059707282574806,3.2039804855049874,30.43781461229738,49.12770077774314,0.0427811213212617,0.04474829911524713,0.04155425375580668,0.04377623140232041,0.04196639974218195,0.04283478974455027,0.04121854499004672,0.04127481276642927,0.042512614447212646,0.042420424657521084,0.040915760473257574
615,31.91059138540067,14.89160931318698,40.420082421507516,24.46478672880718,17.550825261970367,26.592159487833893,12.764236554160268,45.73851431907429,4.254745518053423,31.378748195643993,50.525103026884395,19.67819802099708,7.44580465659349,27.655845867347246,19.1463548312404,39.88823923175084,47.334043888344326,3.191059138540067,29.78321862637396,49.46141664737104,0.04296122346249217,0.044765269662741095,0.042012862523054216,0.04391828121685753,0.042173841294451876,0.042994660033857206,0.040696681896077204,0.04175126863895323,0.04314225071705399,0.04242113182445707,0.04131933897332647
616,47.92556342652624,16.88286893434447,46.836346075923366,27.77504244037316,18.516694960248774,35.944172569894675,20.150520986153076,39.75643329700472,8.713738804822952,44.113302699416195,60.45156295845923,17.972086284947338,13.615216882535863,28.319651115674596,28.86425979097603,48.47017210182767,58.81773693255493,3.8122607271100417,34.85495521929181,58.27312825725349,0.04380823731477937,0.04168456058114016,0.04007279058932839,0.04110573582593919,0.041289825950533016,0.04149215893017977,0.03951538800505631,0.041442715326581496,0.042732704265940384,0.04123770854774159,0.04100949936134592
617,43.24358835367223,21.621794176836115,43.7709491872536,36.38789751711444,22.676515843998853,32.169010848463486,25.840680845487064,52.2087225245555,11.601938338790111,42.18886668650949,70.6663516999034,22.676515843998853,6.328330002976424,42.18886668650949,27.42276334623117,66.97482586483382,56.42760919320645,6.328330002976424,32.696371682044855,65.39274336408971,0.043794257253981776,0.04379370388865705,0.04268446291697633,0.044070593433350375,0.04221137727343734,0.042260355297285696,0.04184481717242132,0.04280573761764578,0.04351487082787399,0.04327849183339352,0.04238049890360822
618,31.715458114091533,17.73915453839018,53.755013752697515,26.339956738821783,21.502005501079005,29.027707426456658,18.276704675917156,47.84196223990079,5.375501375269751,38.70360990194221,62.893366090656095,20.426905226025056,7.5257019253776525,27.41505701387573,21.502005501079005,61.28071567807517,51.06726306506264,4.300401100215801,39.778710176996164,57.51786471538634,0.04327673823407038,0.044023430894702065,0.041469010053185394,0.04286853286526831,0.042002574716410036,0.041432286925475036,0.041077093133685544,0.041754415898614325,0.04116238770045139,0.043459774591709556,0.03992361745945278
619,47.92556342652624,16.88286893434447,46.836346075923366,27.77504244037316,18.516694960248774,35.944172569894675,20.150520986153076,39.75643329700472,8.713738804822952,44.113302699416195,60.45156295845923,17.972086284947338,13.615216882535863,28.319651115674596,28.86425979097603,48.47017210182767,58.81773693255493,3.8122607271100417,34.85495521929181,58.27312825725349,0.04380823731477937,0.04168456058114016,0.04007279058932839,0.04110573582593919,0.041289825950533016,0.04149215893017977,0.03951538800505631,0.041442715326581496,0.042732704265940384,0.04123770854774159,0.04100949936134592
620,38.39323273458597,17.355844934812836,43.12664498953493,26.822669444710748,19.45958371479015,30.504212309671047,19.45958371479015,45.230383769512244,7.363085729920598,38.9191674295803,47.86005724448388,25.24486535972776,10.518693899886568,33.65982047963702,22.089257189761792,56.80094705938747,44.178514379523584,4.733412254948956,32.60795108964836,48.38599193947821,0.042387279934576014,0.043558869336587515,0.0433993363786472,0.04486572024319387,0.04295627254890708,0.04247975725342466,0.04331071770009974,0.04299853578060422,0.04301273399169329,0.04278174721562287,0.04231433462231513
621,35.664581417653636,18.88124898581663,41.43385194109761,26.748436063240227,18.356769847321726,31.468748309694384,18.88124898581663,42.482810218087415,7.867187077423596,39.86041452561289,49.825518157016106,24.6505195092606,10.489582769898128,31.468748309694384,24.6505195092606,52.44791384949064,47.20312246454158,4.720312246454157,34.61562314066382,49.3010390185212,0.04267966169509845,0.044357999897146276,0.04305933735634647,0.044826768204067315,0.042958330744943714,0.04165571257576445,0.043700811696131575,0.043698405952022394,0.04351441854260893,0.04339420717735977,0.04167520766360418
622,36.72798544228398,17.839307214823645,42.49952601178575,26.234275315917127,19.413363733778674,30.43175936646387,19.413363733778674,45.6476390496958,7.345597088456795,39.87609848019403,47.22169556865083,25.18490430328044,10.493710126366851,34.629243417010606,22.036791265370386,57.19072018869934,43.54889702442243,4.722169556865083,32.53050139173724,48.27106658128751,0.042709976615231106,0.0434613352786382,0.043187469831637806,0.04476574353688855,0.04308044694278944,0.04257916862863593,0.043907395774952424,0.04327145070003747,0.04279098990394219,0.0431002053774013,0.04246031109150302
623,43.16844457097449,19.24376444730188,45.76895328006934,35.36691844368995,20.804069672758793,29.12569754186231,20.283967930939824,43.16844457097449,11.442238320017335,38.48752889460376,54.090581149172856,30.686002767319216,10.922136578198366,42.648342829155524,27.5653923164054,53.570479407353886,50.44986895644007,5.201017418189698,28.08549405822437,44.7287497964314,0.045240982046263846,0.04454204658985728,0.04197820285401572,0.04344249301445254,0.04437259840812453,0.04288463391002818,0.04281977375412927,0.04421978018463175,0.04392517280372113,0.0428883057998474,0.0435842688159586
624,35.332918945885304,16.348066974961856,44.29798793215471,25.840492960423582,19.512208970115765,31.11406295234676,20.5669229685004,44.29798793215471,6.328283990307816,41.1338459370008,47.46212992730862,25.840492960423582,10.547139983846359,33.75084794830835,22.676350965269673,56.95455591277034,44.29798793215471,4.746212992730862,33.75084794830835,49.57155792407789,0.04237419056527508,0.043382775165493256,0.04332504983317822,0.04460906246138729,0.0422770353897473,0.042398696496910145,0.04370994837229527,0.04244274699825889,0.04325175858462144,0.042759411158844324,0.042112325781670894
625,36.89309265675914,17.392457966757878,45.32579954973265,26.879253221353085,19.500634690001256,30.568562487029,18.973590509190412,43.21762282648927,7.378618531351827,44.7987553689218,46.37988791135434,24.24403231729886,9.486795254595206,34.784915933515755,23.716988136488016,56.92077152757123,44.27171118811096,4.743397627297603,32.14969502946153,46.37988791135434,0.042725172975749764,0.043593891418245254,0.04290077640737069,0.04475155329571242,0.042832502990212865,0.04181046776431689,0.04392811066302181,0.04282948971621944,0.043398877275288406,0.04304870827969722,0.04113626840332045
626,37.0400235194384,15.874295794045029,43.91888503019125,25.39887327047205,19.57829814598887,31.748591588090058,20.63658453225854,46.03545780273058,8.466291090157348,40.74402587138224,47.093744189000255,24.869730077337213,10.053720669561852,34.923450746899064,22.753157304797877,56.618321665427274,44.97717141646092,4.762288738213509,32.80687797435973,48.152030575269926,0.042608575292935116,0.04317481750695437,0.043149562888074804,0.04463865469489514,0.04239212144308067,0.04208356716174339,0.043138097346192256,0.04260480444715674,0.042889571857860756,0.04231516893282437,0.041861865293448014
627,37.77995080078092,17.840532322590988,41.97772311197879,25.711355406087012,18.88997540039046,29.90912771728489,19.41469693929019,45.126052345377204,7.870823083496024,38.82939387858038,47.74966003987588,25.186633867187275,10.494430777994697,33.057456950683296,22.038304633788865,58.76881235677031,43.027166189778264,4.722493850097615,34.10690002848277,48.799103117675344,0.04243317028885386,0.043586478107448715,0.04331624896430693,0.044949109070044,0.042923934429625006,0.042700510052920866,0.04366972386551965,0.04316580351963393,0.042855498027095984,0.04296783207990664,0.04271015269490955
628,36.752666328542084,17.851295073863298,40.427932961396294,26.251904520387203,19.42640934508653,30.452209243649154,19.951447435494273,45.153275775065985,7.350533265708417,39.37785678058081,47.77846622710471,24.67679024916397,10.50076180815488,34.12747587650336,22.05159979712525,59.32930421607508,44.1031995942505,4.725342813669696,32.55236160528013,47.77846622710471,0.04273005194283304,0.04367902078232713,0.04324678865290781,0.044744028239125946,0.043046471761023594,0.04247825270577911,0.043702731828014915,0.04305449293249815,0.04271334322945959,0.042967681414052855,0.04259904610423376
629,36.82183886948909,17.358866895616284,42.60812783469452,25.775287208642364,18.936945704308673,31.035549904283663,19.988998243436935,44.71223291295104,6.838341504333688,39.97799648687387,47.34236426077169,25.249260939078233,9.994499121718468,34.19170752166844,22.619129591257582,59.440968460746674,43.13415410425865,4.734236426077168,32.61362871297605,49.446469339028205,0.042682739770894096,0.0434697383741125,0.04301735066974013,0.045180127641518034,0.042712482668638224,0.04252846311511868,0.043686677583087107,0.04274899049516442,0.04306492429985834,0.042864857429516165,0.04201737838822231
630,29.658995003955475,20.292996581653746,41.62665965467435,28.097995266905187,20.292996581653746,25.49632903848804,20.813329827337174,43.70799263740807,10.406664913668587,38.50466018057377,45.78932562014179,28.618328512588615,9.886331667985159,36.42332719784006,23.414996055754322,57.75699027086066,46.30965886582521,4.162665965467435,29.138661758272047,48.911325094242365,0.04384267066540038,0.04531531645337608,0.04253430156293228,0.04425978071059022,0.04349266306544144,0.04275159969259013,0.0451022105794897,0.044287640982089635,0.043243821130396536,0.043076418078575436,0.04176033139568865
631,46.89876549803485,22.65895411702807,43.73705097007744,35.832764650183925,22.65895411702807,31.617145279574054,26.34762106631171,51.641337289970956,10.539048426524683,41.629241284772505,71.66552930036785,21.605049274375602,6.3234290559148105,41.629241284772505,26.874573487637946,66.92295750843175,55.85695666058083,5.7964766345885765,34.77885980753146,63.76124298047434,0.04382017829441736,0.04361340063889671,0.042875408893422486,0.04407085448182592,0.04207860476115539,0.0426695518916173,0.04186194085060028,0.042858566526996086,0.04350984710177444,0.04290669997389909,0.04278252525916063
632,36.29386884547054,18.40993347234013,43.13184413519687,23.66991446443731,19.461929670759563,31.033887853373358,20.513925869179,43.65784223440659,8.415969587355487,40.50185363914828,49.443821325713486,23.14391636522759,9.467965785774924,33.137880250212234,22.61791826601787,56.28179661543982,45.76183463124546,4.733982892887462,33.137880250212234,48.391825127294055,0.042704488865482865,0.043934608551834745,0.04298266002078893,0.04477843661910419,0.04299801008208422,0.04246073269472486,0.04294710558730231,0.04293531578822349,0.04402512240646535,0.04311890684870269,0.041116513325568455
633,28.90713408606227,21.680350564546703,41.295905837231814,28.390935263096875,20.13175409565051,24.261344679373693,21.164151741581307,42.84450230612801,9.807777636342557,37.68251407647403,45.94169524392039,27.874736440131475,10.323976459307953,37.68251407647403,23.228947033442896,56.26567170322835,45.425496420955,4.129590583723181,29.423332909027668,48.006490535781985,0.044173917016220275,0.0458027513345843,0.04299559890234768,0.04450068492709734,0.04377809954167525,0.043019135738590994,0.04526809862552183,0.044876559395070396,0.04374498910649458,0.04333072584456272,0.042310616602436964
634,42.80340041783851,23.0068277245882,46.54869795439938,26.752125261149068,18.191445177581368,34.24272033427081,20.866657703696273,32.63759281860187,10.165807599236647,40.128187891723606,64.74014313198074,16.586317661912425,10.165807599236647,27.28716776637205,22.47178521936522,48.15382547006833,62.59997311108882,4.280340041783851,26.21708275592609,42.80340041783851,0.04428551188357065,0.04254492362685602,0.04145300987189551,0.04143445901559515,0.042843499686431766,0.04301331444938176,0.040424020731499706,0.041966517923448694,0.0430404712900115,0.04123830260670757,0.042713463691620435
635,34.41799744795702,19.816422773066165,47.45511769339529,25.552755681059004,18.773453153431102,28.681664539964185,20.859392392701228,44.3262088344901,7.3007873374454295,40.67581516576739,47.976602503212824,23.46681644178888,9.386726576715551,33.89651263813949,23.46681644178888,52.6699657915706,42.761754405037514,4.693363288357776,34.93948225777456,47.45511769339529,0.04365470205252658,0.04373687752508463,0.04350000634245506,0.04504722424616509,0.042992456307963695,0.04251873256681449,0.044031107725050075,0.04350638538753932,0.04381307339841773,0.0434944329082926,0.04222019172215997
636,34.671193480227245,19.436881193460728,43.07633129361567,24.164771213491715,19.436881193460728,27.84201900684915,21.012844533471057,42.025689066942114,8.9304589267252,38.348441273584676,50.430826880330535,23.114128986818162,9.981101153398752,34.671193480227245,23.114128986818162,55.158716900361526,46.7535790869731,5.253211133367764,29.943303460196255,50.430826880330535,0.04280167143859691,0.04382884644622008,0.04310706931321669,0.04431485495656872,0.041984404937951664,0.04301403127421826,0.044391381819816576,0.04282750428184313,0.04426561468310544,0.04272705581978749,0.041416451691898636
637,37.59823375035165,19.321314566152935,41.2536175871914,25.58768685787821,19.321314566152935,30.287466076672168,19.84351225713004,45.431199115008255,7.310767673679488,39.16482682328297,47.519989878916675,24.543291475923997,10.443953819542127,32.8984545315577,21.932303021038468,58.48614138943591,41.77581527816851,4.699779218793957,32.8984545315577,48.042187569893784,0.043025661636852855,0.04376399050250697,0.043548941728005636,0.04514868637018194,0.043295106952085195,0.042725192021442496,0.04371327997361677,0.04334308645693847,0.04320680506138468,0.04320615564058938,0.042825402679289366
638,38.38018446755283,16.824190451530008,43.111988032045645,25.762041628905326,19.452970209581572,29.968089241787826,20.504482112802197,45.2150118384869,7.360583322544379,38.905940419163144,47.31803564492815,26.81355353212595,10.515119032206256,33.1226249514497,21.555994016022822,57.8331546771344,43.63774398365596,4.731803564492815,33.1226249514497,48.36954754814877,0.042597292028359546,0.04347577562429074,0.043078398925186244,0.044854116853391364,0.04295212641793648,0.04252559860532869,0.04342305917971999,0.04297886479227244,0.042996552408180594,0.04274276731799174,0.04261949623702944
639,37.33022794581341,17.876447185319098,44.16534010490601,25.237337202803435,19.453780760494315,29.96933792832908,19.453780760494315,45.742673680081225,7.886667875876073,39.959117237772105,47.845785113648176,24.711559344411697,10.515557167834764,34.175560795462985,22.608447910844742,57.309786564699465,42.58800652973079,4.732000725525644,32.59822722028777,48.37156297203992,0.04258807776281098,0.043500972383267514,0.04302037882164259,0.0447246281045288,0.04294614930056001,0.04259012488983514,0.04392126341315054,0.04314667931736156,0.04271496077590924,0.04283635054509394,0.042232556294101435
640,33.44714501868526,18.81401907301046,43.89937783702441,27.17580532768178,19.33663071392742,30.834086814100477,19.859242354844376,44.421989477941366,6.271339691003487,42.33154291427354,45.46721275977528,24.56274712309699,9.40700953650523,35.537591582353095,24.040135482180034,55.39683393719747,43.89937783702441,4.703504768252615,32.924533377768306,45.989824400692235,0.04333499287732431,0.04449140809751827,0.04346807549713587,0.045051035959366756,0.04242402203810432,0.04251615315140741,0.044312934815879175,0.042985008996604714,0.043693777361112254,0.04305412588801624,0.042056824400573345
641,36.47583715003026,15.859059630447938,45.99127292829902,24.317224766686838,19.559506877552458,30.660848618866016,21.674048161612184,43.8767316442393,6.872259173194107,42.81946100220944,48.634449533373676,25.903130729731632,9.515435778268763,33.8326605449556,23.259954124656975,56.56397934859765,44.934002286269155,4.757717889134382,33.30402522394067,47.04854357032888,0.04236985164337301,0.043693723727632076,0.043067517263695856,0.04465920230864322,0.042445146388220605,0.042516416394700475,0.04333654605698697,0.04241368892567041,0.04310116362886096,0.0428997555093062,0.040861667137978945
642,38.50665559486016,17.407118282608018,43.781539922923194,24.791956341896267,19.517072013833232,31.12181753557191,20.044560446639537,44.8365167885358,7.38483805928825,40.616609326085374,48.00144738537362,24.791956341896267,10.022280223319768,33.759259699603426,22.682002610671052,59.078704474306,42.72656305731059,4.747395895256732,32.704282833990824,48.00144738537362,0.042347357440850907,0.04340980589064478,0.04328903200119258,0.04476853171617495,0.04257935215808223,0.0427763964145845,0.043356225227151594,0.042308464087319676,0.04319501082508993,0.04248564565346751,0.041995745779137714
643,37.81316261328257,17.85621567849455,43.59017356808963,25.733957889595086,19.431764120714657,30.460603216255407,20.482129748861393,45.16572201030974,7.877742211100536,40.964259497722786,48.31681889474996,24.15840944737498,9.978473467394013,33.61170010069562,22.0576781910815,56.71974391992386,43.064990754016264,4.7266453266603214,32.56133447254888,47.266453266603214,0.042683688079690786,0.04326713750337916,0.04365612540401432,0.044951637475962716,0.042762947414484845,0.04262329494126754,0.04370934777814024,0.042863424204876766,0.04329435165826334,0.04271659396662247,0.042288637499928734
644,36.711738461036006,17.831415823931774,43.00517934007075,26.74712373589766,19.404776043690457,29.369390768828804,19.404776043690457,44.57853955982943,8.391254505379658,38.809552087380915,46.15189977958812,25.6982169227252,10.489068131724572,34.61392483469109,22.027043076621602,58.73878153765761,43.52963274665698,4.720080659276058,32.516111208346175,48.249713405933036,0.042354858876576695,0.043744399839873875,0.04327371854246934,0.04485024946915687,0.04316379979515238,0.042551157423847845,0.04382032478304244,0.04345873445923445,0.04287869112570376,0.04302296275571603,0.04242769634299761
645,43.86413911240728,25.065222349947014,60.052095213414724,39.16440992179221,25.587414482237577,26.10960661452814,26.631798746818703,49.0860604353129,11.488226910392381,46.99729190615065,66.84059293319204,23.498645953075325,7.310689852067879,37.07564139262996,27.67618301139983,59.0077109488336,66.31840080090147,12.010419042682944,34.98687286346771,66.84059293319204,0.04458164290711,0.043768974821130735,0.04352848261986546,0.0430486846115472,0.04306448699732473,0.04507461830495471,0.04225250155561885,0.043634486762231355,0.04425980538068895,0.04146158234064313,0.04313260140832202
646,35.63630463646256,16.7700257112765,41.40100097471386,27.7753550843017,18.866278925186062,31.443798208643436,20.962532139095625,43.49725418862342,5.764696338251297,39.3047477608043,48.73788722339733,26.727228477346923,10.481266069547813,33.540051422553,22.010658746050407,57.122900079035574,45.069444099055595,4.716569731296516,33.540051422553,47.16569731296516,0.04308885819839651,0.043659870931349674,0.043238879992965135,0.04470210544671771,0.04240120661072374,0.04304464861529879,0.04369254984467787,0.04306741545815206,0.04338374682443961,0.04330827447119328,0.04234914012869501
647,35.92859481850549,21.348875182010506,43.73915890948494,23.952396545670325,18.224649545618725,30.200847818453887,19.786762363814617,43.73915890948494,7.28985981824749,38.01141190943334,47.90479309134065,21.348875182010506,9.893381181907309,33.845777727577634,23.43169227293836,51.5497230004644,48.42549736407261,4.6863384545876725,34.88718627304156,47.38408881860869,0.04250160188554554,0.044207378329958816,0.043478728813225793,0.045452635628454266,0.04301346070877143,0.0427401491127164,0.04427608486773562,0.04375729914091631,0.04450586012145622,0.043353962135709335,0.042008566523546724
648,37.67393599981229,19.360217111014645,43.95292533311433,24.069459110991183,19.360217111014645,29.301950222076222,19.360217111014645,44.476174444222835,7.3254875555190555,40.81343066646331,49.708665555307874,23.546209999882677,9.418483999953072,33.48794311094425,23.022960888774175,54.41790755528441,45.522672666439846,4.709241999976536,32.44144488872725,46.04592177754835,0.04294182798723708,0.04429086016031674,0.043320129137168234,0.04466130148789509,0.043138927183960216,0.04250353499565617,0.043306098910304236,0.04349767021843815,0.044254583192789,0.043434224613416506,0.04140173100431457
649,36.81170119063407,18.405850595317034,43.122278537599904,23.664665051121897,19.457613486478007,31.027005289248713,20.50937637763898,43.64815998318039,8.414103129287787,40.49287130969747,49.43285588456575,23.138783605541413,9.46586602044876,33.13053107157066,22.612902159960925,56.26931467711207,45.75168576550234,4.73293301022438,33.13053107157066,47.85521154782428,0.042702681811406525,0.043950316226417104,0.04296142742407834,0.04477435882889366,0.04296587064177576,0.042443397744965,0.04299348868733596,0.04295432933035888,0.04405151322421261,0.04315767380076434,0.041163496699305045
650,42.89991900448595,22.522457477355125,45.58116394226632,26.81244937780372,18.23246557690653,34.856184191144834,20.9137105146869,32.71118824092054,10.188730763565413,39.6824250791495,65.42237648184108,16.623718614238307,10.188730763565413,26.81244937780372,21.449959502242976,50.407404830271,62.74113154406071,4.289991900448595,25.73995140269157,43.43616799204203,0.0441641619255297,0.04236765405466925,0.04125351116556903,0.04146773860189312,0.04255965583440622,0.04285688027204945,0.040507955796199556,0.04188293504863104,0.04294599296065177,0.04109663248914732,0.04264789429517919
651,49.20198509301097,18.92384042038883,59.47492703550776,31.90018813722689,27.57473889828087,33.52223160183165,26.493376588544365,51.36470971248398,14.598391181442814,45.4172170089332,74.07331821695057,22.7086085044666,10.272941942496795,37.84768084077766,28.115420053149123,64.34105742932203,68.66650666826806,8.650898477892039,37.84768084077766,66.50378204879505,0.042592967597188336,0.043335902120902894,0.04210208452093318,0.04151666077008201,0.03982311284298177,0.04298063219770394,0.04075848295543285,0.04160412464538943,0.04238709089976198,0.04090443461017196,0.041313351971199334
652,36.80125263060106,17.349161954426215,42.58430661540981,25.760876841420746,19.452090676174848,29.96673428491801,19.977822856612008,45.738699698032754,7.360250526120213,37.85271699147538,48.8930927806557,25.760876841420746,9.988911428306004,34.17259172841528,21.55501939792348,58.8820042089617,44.16150315672128,4.731589623934423,32.595395187103804,48.8930927806557,0.042544322127021895,0.04366838415340704,0.04264880813725091,0.04495836715707077,0.042704201377205306,0.042740759502358644,0.04386549211935014,0.042850858970351215,0.04285268005512036,0.04286088924235107,0.042573056721354585
653,37.65322784514665,18.826613922573326,42.359881325789985,26.148074892462954,19.349575420422585,30.854728373106287,19.872536918271845,44.97468881503628,7.8444224677388865,40.26803533439295,47.58949630428258,24.056228901065918,9.936268459135922,33.99249736020184,21.96438290966888,55.433918772021464,43.4058043214885,4.7066534806433316,31.900651368804805,48.112457802131836,0.04287308346177913,0.04344351420656963,0.043731510085684315,0.04530892364345262,0.04295002888509771,0.04283433225978865,0.04374364082694727,0.04309330325685119,0.04356013466692673,0.04302442589863875,0.04247560495900483
654,37.21631168767078,18.34606914180954,41.9338723241361,26.73284360663676,19.394415949912943,30.402057434998667,19.394415949912943,44.5547393443946,7.338427656723816,39.31300530387759,47.175606364653106,25.160323394481654,10.483468081034024,34.59544466741227,22.015282970171448,57.659074445687125,43.506392536291195,4.71756063646531,32.498751051205474,48.22395317275651,0.0427718630789721,0.044127171619482715,0.04316481787098703,0.044978312986558855,0.042971914191086945,0.042386434514933784,0.04391424635730272,0.04300859266129484,0.04297934659279373,0.04312784318675714,0.04239605288812909
655,37.817084515119724,17.858067687695428,43.59469464937413,25.736626961678702,19.433779542492083,30.46376252606867,20.48425411235652,45.170406504170785,7.878559273983276,41.49374550964526,49.37230478362853,24.160915106882047,9.97950841371215,33.08994895072976,22.059965967153175,56.20038948774737,43.06945736444191,4.7271355643899655,32.564711665797546,46.74611835896744,0.04271934969219212,0.04330556649588425,0.043608703957869054,0.044972707680305084,0.042755604349364866,0.042507198264477804,0.04365830029060122,0.04285649421313821,0.04334770641760302,0.042767507061306796,0.04226357664503916
656,37.24809180452943,18.361735396599013,42.49430191784343,25.706429555238618,19.410977419261815,30.952639668552624,19.935598430593213,44.592785963169035,7.8693151699710056,39.34657584985503,48.78975405382024,24.65718753257582,9.967799215296607,33.575744725209624,22.034082475918815,57.708311246454045,43.54354394050623,4.7215891019826035,32.52650270254682,47.74051203115744,0.04266525428696149,0.04363217226116968,0.043220273382967994,0.04497825256656227,0.043041349614264875,0.04254995906756477,0.04377944867598576,0.043142425486397,0.042928402604174284,0.04297741213483887,0.04246403858771268
657,37.81356667146081,17.856406483745385,43.065450931385925,25.734232873633054,19.431971761722917,30.460928707565657,20.48234861370794,45.166204635355975,7.8778263898876695,41.48988565340839,47.79214676531853,24.15866759565552,9.978580093857715,33.61205926352072,22.057913891685473,57.24553843318373,43.065450931385925,4.7266958339326015,32.5616824115357,47.26695833932602,0.04270042156454915,0.04327106122158015,0.04364648071547258,0.044950256841556104,0.042738314176467784,0.042658066037006254,0.04372609138158792,0.04284334543065546,0.043283322511062115,0.042744616453465265,0.04224959767408588
658,42.89991900448595,22.522457477355125,45.58116394226632,26.81244937780372,18.23246557690653,34.856184191144834,20.9137105146869,32.71118824092054,10.188730763565413,39.6824250791495,65.42237648184108,16.623718614238307,10.188730763565413,26.81244937780372,21.449959502242976,50.407404830271,62.74113154406071,4.289991900448595,25.73995140269157,43.43616799204203,0.0441641619255297,0.04236765405466925,0.04125351116556903,0.04146773860189312,0.04255965583440622,0.04285688027204945,0.040507955796199556,0.04188293504863104,0.04294599296065177,0.04109663248914732,0.04264789429517919
659,58.903572687801734,22.935904409409524,51.60578492117143,32.84004494983636,23.97844551892814,32.31877439507706,24.499716073687445,55.25467880448658,9.382869985667533,40.13783271646667,64.1162782353948,25.54225718320606,7.297787766630303,39.09529160694805,31.27623328555844,48.478161592615585,54.733408249727276,7.297787766630303,34.925127168873594,64.63754879015411,0.045452389520111866,0.04355381287970876,0.04425715831940821,0.04415553478598594,0.043403449870645934,0.04370255145405533,0.0418893611334849,0.04250453829723129,0.04505833812648685,0.04314527350364143,0.04160703734993214
660,49.20198509301097,18.92384042038883,59.47492703550776,31.90018813722689,27.57473889828087,33.52223160183165,26.493376588544365,51.36470971248398,14.598391181442814,45.4172170089332,74.07331821695057,22.7086085044666,10.272941942496795,37.84768084077766,28.115420053149123,64.34105742932203,68.66650666826806,8.650898477892039,37.84768084077766,66.50378204879505,0.042592967597188336,0.043335902120902894,0.04210208452093318,0.04151666077008201,0.03982311284298177,0.04298063219770394,0.04075848295543285,0.04160412464538943,0.04238709089976198,0.04090443461017196,0.041313351971199334
661,36.74297237351192,17.846586581420077,41.46706882153488,26.24498026679423,19.42128539742773,30.96907671481719,19.42128539742773,45.14136605888607,7.348594474702384,39.367470400191344,48.29076369090138,25.19518105612246,9.973092501381807,34.1184743468325,21.520883818771267,59.83855500829084,43.56666724287842,4.724096448022961,32.543775530824846,47.7658640855655,0.042646304168754874,0.043722720774710996,0.043116946279599576,0.044675625798074686,0.043017098449561746,0.04249747680090256,0.04374921342414779,0.0433311560328246,0.0427859819981071,0.04305248337899847,0.04250538755843307
662,37.15932991682418,18.841350380361554,43.963150887510295,27.21528388274447,19.364721224260485,30.878879790036994,19.88809206815942,44.486521731409226,7.850562658483981,39.77618413631884,48.67348848260068,24.075058819350875,8.897304346281846,33.49573400953165,22.50494628765408,52.86045523379214,42.91640919971243,4.7103375950903885,32.97236316563272,49.19685932649961,0.043286446603305426,0.04442032488252318,0.04359760496764536,0.044874678722114966,0.0425842001753929,0.04244176950380606,0.04395857515358179,0.042875586278415846,0.04358533169872587,0.04301085910471231,0.04199377901084413
663,37.21167371949274,18.34378281946825,41.40453836394262,26.205404027811785,19.391998980580723,29.874160591705436,18.867890900024484,45.59740300839251,7.3375131277873,38.78399796116145,48.217943411173685,25.157187866699314,9.95805353056848,33.542917155599085,21.488431302805665,59.74832118341087,42.45275452505509,4.716972725006121,32.494700994486614,49.790267652842395,0.04266111782700321,0.043619682521229663,0.04329286725591023,0.04491669211188095,0.04310646345244499,0.042520794097891584,0.0437542676288164,0.043323715382319716,0.04280884026639359,0.04318842239102208,0.042699056508851814
664,37.88975243241966,17.36613653152568,43.67846460959489,25.786081516507824,19.471122777771214,29.9960540089989,20.523615900893983,45.25720429427904,8.419944984982147,41.047231801787966,47.88843710208596,24.207341831823673,9.9986846696663,34.20602650148997,22.102355585578135,56.83462864862949,43.67846460959489,4.736219054052458,32.62728681680582,47.36219054052458,0.04254941330061547,0.04338717742783321,0.04360006354067938,0.04481767795473328,0.042590662005409015,0.04259764412879818,0.043714015987571575,0.04266495872266739,0.043091891179543144,0.04260493842739777,0.04213499576336739
665,37.89365047031913,17.367923132229603,42.63035677910902,25.26243364687942,19.47312593613622,30.525440656645966,19.999426637112876,45.26186028399229,7.368209813673165,39.4725525732491,47.36706308789891,25.26243364687942,9.999713318556438,34.20954556348255,22.104629441019494,59.99827991133862,43.68295818106233,4.736706308789891,32.630643460552584,47.89336378887557,0.04242001265798434,0.04384841738820439,0.04308158715791772,0.04469325720628257,0.04280981962425001,0.04258087580381628,0.04345715271728834,0.04299495538624192,0.042813311456904875,0.04275224938861495,0.04224766023584009
666,37.909926870553164,17.375383149003532,43.17519449146332,25.273284580368774,20.008016959458615,30.538552201278936,20.008016959458615,45.807828301918406,7.371374669274226,40.54256068100824,47.387408588191455,24.746757818277757,10.004008479729308,34.22423953591605,22.114124007822678,58.44447059210279,43.70172125355434,4.7387408588191455,32.644659249643,47.387408588191455,0.04268087274261739,0.04300053591780338,0.0434652667807052,0.04444769703593349,0.04296858895140944,0.04236191600251283,0.043732490944535185,0.04288699023584996,0.043055571529690036,0.04280258113776606,0.042070726630160905
667,36.72564387749672,17.83816988335555,41.447512376032016,26.757254825033325,19.41212604953398,30.429819212783,19.93677810492679,44.595424708388876,7.345128775499345,38.82425209906796,47.743337040745736,25.183298658854895,10.493041107856206,33.57773154513986,22.560038381890845,57.71172609320914,43.02146854221044,4.721868498535293,33.05307948974705,48.26798909613855,0.04270458519506384,0.043797428380158744,0.043219468294288035,0.044747731684490456,0.04302571851876428,0.042433638363561614,0.04369880818530565,0.04317463947885232,0.04289220607491078,0.04310958205149421,0.042544138380299745
668,38.844715544327165,17.84757200685302,43.56907284025885,25.196572244968973,19.422357772163583,30.44585812933751,19.947286360600437,45.66878719400626,7.873928826552803,41.46935848651143,47.76850154775367,24.146715068095265,9.973643180300218,34.12035824839548,22.571929302784703,55.64243037430648,43.04414425182199,4.724357295931682,32.545572483084925,46.71864437087997,0.0427044667767426,0.043203167383376345,0.0436707733670066,0.045058254820272536,0.04264897402277159,0.04258379390658615,0.04376989311680902,0.04277053924336427,0.04346802174607025,0.04272711175347789,0.04246641542666914
669,36.71358825736414,17.307834464185948,44.05630590883696,26.223991612402955,19.405753793178185,29.895350438139367,20.454713457674305,46.154225237829195,6.818237819224768,39.33598741860443,47.20318490232532,25.699511780154893,10.489596644961182,33.042229431627725,23.077112618914597,55.59486221829426,43.007346244340845,4.720318490232532,33.56670926387578,48.252144566821435,0.042761058999759294,0.04366955155468025,0.043223926338741,0.04492171473866415,0.042942610884661864,0.04269020862904726,0.04355632924286362,0.04334802873870711,0.04299123256316451,0.042915893296770286,0.04249961276488166
670,48.264516732630234,22.31585182261398,46.18862353982894,34.25223768122146,22.31585182261398,38.40402406682406,25.948664910016255,42.55581045242666,8.303572771205202,35.29018427762211,58.12500939843641,26.46763820821658,12.455359156807802,38.922997365024386,31.13839789201951,63.83371567863999,46.18862353982894,5.189732982003251,42.55581045242666,49.302463329030886,0.045352394939175915,0.04574522221749392,0.04209274572410053,0.04222800786255697,0.04409815184578799,0.043720812799050046,0.04232048103312832,0.04309975972215016,0.04426915114299112,0.044544236734595954,0.043555737778643945
671,47.177914993625116,21.733646233018312,43.997381398549265,33.925691680809074,23.323913030556238,32.86551381578379,27.564624490657373,51.948715386238895,12.722134380303403,40.286758870960774,69.44165015915607,21.203557300505672,5.830978257639059,43.467292466036625,28.094713423170013,69.44165015915607,56.719515778852674,5.830978257639059,32.33542488327115,66.79120549659287,0.043450281586275785,0.04335071271806124,0.042539260941389004,0.04373749217981099,0.04194841606059637,0.042511962512753174,0.04143267968861868,0.04268766440527574,0.04356819070227481,0.042223203966261766,0.0424612027260408
672,47.70218939213163,21.730997389748854,43.992019106076945,33.92155690107138,23.321070369486577,32.8615082479129,27.031240655541257,52.472408331344795,13.250608164481008,40.28184882002227,68.90316245530124,21.200973063169613,5.830267592371644,43.992019106076945,28.09128930869974,69.43318678188048,56.712602943978716,5.830267592371644,32.331483921333664,65.7230164958258,0.043574194642444976,0.04329613273814685,0.04251209686378733,0.0437453737457134,0.041956250922448264,0.0424719942949126,0.04148233764175956,0.04265542036893108,0.043470536826660376,0.04233583414133333,0.042475501234621765
673,47.70555531795566,21.73253075595758,43.99512323767022,33.92395044832402,23.322715933222767,32.8638269968139,27.56320973926327,51.94604912399616,13.251543143876573,40.28469115738478,68.90802434815818,21.202469030202515,5.830678983305692,43.46506151191516,28.093271465018333,69.43808607391324,56.71660465579173,5.830678983305692,32.33376527105884,66.25771571938286,0.04349817404966831,0.04334546438424742,0.04250828526481342,0.04366083682205843,0.041934564011411164,0.04251982809850908,0.04144739987803324,0.04274417448608441,0.04351412218624408,0.04226348957219753,0.04250193549167001
674,48.226055513388225,21.728222813724365,43.98640228144201,33.91722585556974,23.318092775704198,32.857312547583184,27.557746007650415,51.935752091341165,13.24891634983193,40.27670570348907,68.89436501912604,21.198266159731087,5.8295231939260495,43.45644562744873,28.087702661643693,68.89436501912604,56.70536197728066,5.8295231939260495,32.32735589358991,66.24458174915965,0.043478670243557074,0.04338941517312059,0.042500812682475644,0.043683404010323945,0.041994276276996104,0.04249759240991247,0.04146058375121922,0.04275514660676632,0.043502317058641854,0.042250979990454796,0.0425301478032547
675,47.601803480547574,22.214174957588867,43.899440987616096,33.85017136394494,23.271992812712146,31.73453565369838,27.503264233205265,51.83307490104069,13.222723189040993,40.19707849468462,69.2870695105748,21.685266030027226,5.817998203178036,43.37053206005445,27.503264233205265,69.2870695105748,56.59325524909545,5.817998203178036,32.26344458126002,66.11361594520496,0.04355349953499484,0.04344534759230686,0.04259787666906133,0.04394673741326116,0.04201930405441534,0.04268181125008482,0.04162771317674344,0.04271247421903556,0.04362983121582187,0.04228193933048289,0.0425945379821522
676,47.62325293349772,22.224184702298935,43.91922214978123,33.86542430826505,23.28247921193222,32.80712979863176,27.51565725046535,51.85643097203085,12.699534115599391,40.215191366064744,69.31829038098002,21.165890192665653,5.820619802983055,43.91922214978123,28.04480450528199,68.78914312616337,56.61875626538062,5.820619802983055,32.27798254381512,65.61425959726353,0.04358231129677831,0.043481873481052445,0.04264506975331338,0.043775203555918754,0.0419886053355665,0.04250734050257406,0.04144257299083133,0.042735801371835094,0.04357615422031165,0.04256661218634928,0.042551200488827996
677,41.88511929586658,18.324739691941627,43.45581126946158,23.036815612726617,19.371867674338294,27.748891533511607,24.083943595123284,42.93224727826324,6.282767894379987,39.26729933987492,50.262143155039894,25.65463556871828,8.377023859173315,34.0316594278916,24.607507586321614,52.35639911983322,49.21501517264323,5.235639911983323,31.937403463098264,42.93224727826324,0.04242166489434545,0.04385962739179978,0.04321095582172387,0.04478309384909948,0.0434027592796188,0.04308636541092619,0.04410460625485438,0.04325244913563138,0.044644561166882105,0.04262533256316808,0.041044593033618286
678,42.33451505793072,20.134708381210952,43.88333877956233,36.139220171404276,21.16725752896536,29.943925284877828,23.232355824474176,40.269416762421905,7.227844034280855,41.301965910176314,53.69255568322921,29.943925284877828,9.809216903666874,43.36706420568513,30.976474432632234,52.6600065354748,43.36706420568513,5.679020312649243,25.29745411998299,49.56235909221157,0.04561015557707502,0.045922630121827235,0.0424080535943872,0.04392406404662923,0.044307227173879526,0.04404307316466798,0.042490026979296484,0.043898330756974566,0.04373446772704473,0.04339352422079053,0.043993872760223665
679,1.111938123731402,0.555969061865701,0.555969061865701,1.111938123731402,4.447752494925608,0.0,1.6679071855971033,1.6679071855971033,1.6679071855971033,1.111938123731402,3.8917834330599073,2.223876247462804,0.0,1.111938123731402,0.555969061865701,0.555969061865701,1.111938123731402,0.0,1.111938123731402,1.111938123731402,0.045611437691220044,0.03262745418915218,0.030821952662571032,0.04256082852496345,0.03124597590209839,0.047450724480820126,0.03855661836122157,0.043159413948959786,0.03907852583100861,0.04582014620183679,0.04709786034044696
680,46.56217006659714,21.69373832648276,43.38747665296552,33.86339641207065,23.28108503329857,32.80516527419344,28.043125153746008,51.85332575598318,13.227889223465096,40.7418988082725,68.7850239620185,21.164622757544155,5.8202712583246425,43.38747665296552,28.043125153746008,70.37237066883432,55.02801916961481,5.8202712583246425,32.80516527419344,66.66856168626408,0.043579189092455325,0.04352107019978467,0.04255286888165295,0.04379901905475402,0.0419138083079326,0.04257868462159668,0.04148142499160613,0.042641845534803824,0.043571855776169746,0.04260435178207057,0.04264031281856972
681,46.49251903748247,22.18961135879845,43.32257455765412,34.34106519814046,23.246259518741233,32.75609295822628,27.472852158512367,51.77575983719639,12.6797779193134,40.68095415779716,68.68213039628093,21.132963198855666,5.811564879685308,42.79425047768273,28.00117623848376,69.7387785562237,55.474028396996125,5.811564879685308,32.75609295822628,67.09715815636675,0.04366897531271387,0.043636389721247476,0.042798910354094576,0.043716243523116045,0.04201033041335465,0.04262413815226433,0.041707893627855146,0.04262929436211386,0.04350386148163304,0.04264454272440722,0.04273534035580814
682,44.72040907992477,22.10319069467546,38.552076793038594,33.41179988730012,19.019024551232373,33.41179988730012,23.645273766397004,37.00999372131705,6.682359977460023,39.06610448361244,51.402769057384795,30.841661434430875,9.76652612090311,40.60818755533399,25.18735683811855,57.057073653697124,45.748464461072466,5.14027690573848,26.729439909840092,47.80457522336786,0.045580637801453015,0.047032153053757415,0.04296817399779931,0.04438976111533892,0.04401325152268533,0.043236341118183814,0.043034980189181594,0.04451706307375021,0.04417469576809082,0.04332753374629232,0.04369771803961938
683,48.31026991508808,23.630023328032213,61.43806065288375,36.23270243631606,24.15513495754404,28.356027993638655,29.406251252662308,51.986051321670864,12.602679108283846,47.78515828557625,67.73940020702567,22.05468843949673,8.40178607218923,38.33314895436337,24.15513495754404,59.86272576434827,65.11384205946653,9.977120960724712,38.85826058387519,64.06361880044288,0.0442409085229809,0.043828155913900685,0.042938445023324126,0.04342566503196022,0.04257174754537955,0.04441694321302025,0.04223812259999584,0.04284119626539784,0.04372527042353398,0.04170381024331192,0.04295810570536786
684,48.822465955603505,23.623773849485566,61.42181200866247,36.22311990254453,24.148746601696356,28.34852861938268,29.39847412380426,51.97230246886824,12.59934605305897,47.772520451181926,67.72148503519196,22.048855592853194,8.399564035372645,38.3230109113877,24.148746601696356,59.8468937520301,64.57164852192722,9.974482292005018,38.847983663598484,64.04667576971643,0.04425858659776717,0.04383746877518909,0.04295747097178997,0.043461781355607125,0.04256758156446925,0.04441506700816636,0.04223860154823015,0.04285085700930902,0.043749290918966156,0.041730242032200486,0.04296030000751494
685,48.31026991508808,23.630023328032213,61.43806065288375,36.23270243631606,24.15513495754404,28.356027993638655,29.406251252662308,51.986051321670864,12.602679108283846,47.78515828557625,67.73940020702567,22.05468843949673,8.40178607218923,38.33314895436337,24.15513495754404,59.86272576434827,65.11384205946653,9.977120960724712,38.85826058387519,64.06361880044288,0.0442409085229809,0.043828155913900685,0.042938445023324126,0.04342566503196022,0.04257174754537955,0.04441694321302025,0.04223812259999584,0.04284119626539784,0.04372527042353398,0.04170381024331192,0.04295810570536786
686,36.70225120956125,18.351125604780623,41.94542995378428,24.642940097848264,19.39976135362523,30.410436716493603,19.924079228047532,45.6156550747404,8.389085990756856,38.79952270725046,47.712926572429616,25.16725797227057,10.48635748844607,33.55634396302742,21.497032851314444,58.72360193529799,42.469747828206586,4.718860869800731,33.03202608860512,49.28588019569653,0.04267978236748255,0.04372181316546246,0.04346450488237661,0.04513580447041484,0.04307657700253364,0.04251981869005485,0.04377569938034192,0.04315126352048506,0.0428483137071499,0.042820836293516545,0.04248771209787813
687,32.38819756296987,18.28365991457977,44.403174078265145,26.11951416368538,18.806050197853473,29.253855863327626,21.94039189749572,42.83600322844403,8.358244532379322,37.089710112433245,49.62707691100223,24.55234331386426,9.403025098926737,34.477758696064704,23.507562747316843,52.23902832737076,46.49273521135998,5.2239028327370765,34.477758696064704,48.58229634445481,0.04248831611595903,0.044116039602807494,0.042943344026634106,0.04527304141738265,0.0430418419547002,0.04284667149323096,0.04386741365730784,0.04361976586672167,0.043943538944348055,0.0433152835386798,0.0421544601085206
688,33.406907166625736,18.26940235674845,44.36854858067481,26.099146223926358,18.79138528122698,29.23104377079752,22.445265752576667,42.280616882760704,8.351726791656434,37.06078763797543,49.58837782546008,24.53319745049078,9.917675565092017,34.45087301558279,23.48923160153372,51.67630952337419,45.93449735411039,5.219829244785272,34.45087301558279,48.0224290520245,0.04243527468125892,0.04407226596073939,0.04301432396729761,0.04530270527553222,0.043035867341441415,0.04295645608846605,0.043924931787918314,0.043626945008600516,0.04395972269344462,0.04341329137864552,0.04227529133812822
689,33.84973832059577,19.268312582492975,45.3065728291051,27.600555861408857,18.747547377560732,29.162851476205585,19.789077787425217,44.265042419240615,7.290712869051396,42.18198159951165,46.86886844390183,24.4759646318154,8.853008483848123,34.37050352552801,22.913669017018673,51.55575528829201,43.22351200937613,4.686886844390183,33.32897311566352,49.47269446856304,0.04366840198184418,0.043492195608742804,0.043843762353409366,0.04514227031086192,0.04297317882698267,0.04287592777579852,0.04445746594155678,0.04349698065735461,0.04373894151355621,0.0432984773734452,0.04224719272420519
690,32.38216375872073,18.280253734761704,44.39490192727842,26.114648192516718,18.802546698612037,29.248405975618724,21.936304481714043,42.82802303572742,8.35668742160535,37.08280043337374,49.61783156578176,24.547769300965715,9.923566313156353,34.47133561412207,23.503183373265045,52.229296385033436,45.961780818829425,5.222929638503343,34.47133561412207,48.5732456380811,0.04246731865669652,0.04410676759677778,0.042987579946828905,0.04530106182352177,0.043064540404354916,0.04287181037535078,0.04386200442442618,0.043611430364657505,0.04395806246588531,0.04334549817667258,0.042130961914493434
691,31.75350572436374,19.260323144286204,44.24668830444128,26.02746370849487,18.739773870116306,28.10966080517446,21.86306951513569,42.68504048193159,8.328788386718358,36.95899846606272,49.97273032031015,24.465815885985176,9.369886935058153,34.35625209521323,22.904168063475485,52.05492741698974,46.328885401120864,5.205492741698974,34.35625209521323,48.93163177197035,0.04264106839027142,0.04430458531957208,0.04333340038734827,0.04523207370977772,0.04324735087251485,0.04310861607803048,0.04400294704839936,0.04385535786673456,0.04395454576323831,0.043507748938606323,0.04226303145560916
692,46.858239186189806,24.74536226686428,60.54716299339132,33.16931537898829,22.639373988833277,26.32485347538753,25.79835640587978,47.9112333252053,8.95045018163176,44.7522509081588,66.33863075797657,23.165871058341025,11.582935529170513,38.96078314357354,27.37784761440303,57.914677645852564,57.388180576344816,5.791467764585256,26.851350544895283,66.86512782748433,0.0448040623246655,0.043537620900534486,0.04238934588180382,0.04298894080303082,0.04288385568909571,0.04543849102749924,0.04286562092235771,0.04185700582143355,0.0436775640396873,0.0414849868978271,0.04157543618431408
693,57.271779907793245,24.695171152901672,46.23776726500739,37.30547131608551,23.118883632503696,28.898604540629616,23.644312805969687,43.61062139767742,9.457725122387876,37.8309004895515,63.05150081591917,19.966308591707737,12.08487098971784,40.45804635688147,27.84774619369763,56.22092156086126,64.10235916285116,8.932295948921881,33.627467101823555,70.40750924444306,0.044498573730123364,0.04438935919973766,0.043137974823573476,0.042349751179472685,0.04175403571362731,0.044460384250763735,0.041862479750605246,0.04278194950299512,0.04349437559647182,0.042842117050541195,0.042999825736095315
694,33.955003354796425,18.80584801188725,41.26838869275258,27.686387350834007,18.283463344890382,29.77592601882148,19.850617345880988,44.402696694733784,8.358154671949888,40.22361935875884,49.1041586977056,24.5520793488528,9.925308672940494,31.865464686808952,23.507310014859062,53.283236033680545,45.96985069572439,4.701462002971812,34.477388021793296,49.1041586977056,0.04296155122095802,0.044627570770925565,0.04345585349746794,0.04493431531793048,0.042686898164163135,0.04235038550300924,0.04398725030323411,0.04386082500687427,0.04359730694481871,0.043284320493710844,0.041869055780039646
695,36.8882037716546,16.336204527447038,42.15794716760526,23.713845281777957,20.025024904612497,30.56451169651381,21.07897358380263,44.26584452598552,7.904615093925986,39.52307546962993,48.48163924274604,26.875691319348352,10.539486791901314,33.7263577340842,24.24081962137302,59.02112603464736,45.31979320517565,5.269743395950657,33.7263577340842,46.373741884365785,0.04148289487560984,0.04396409894127479,0.04228479055652742,0.04411771609465569,0.043149981183839295,0.04315039967609629,0.043780910273863445,0.04274943485173635,0.04403954646384823,0.04265854174657395,0.04164734574090902
696,48.9204714692477,21.85808299689791,45.27745763643138,34.348416137982426,22.378513544443095,39.55272161343431,25.501096829714225,42.67530489870544,9.36774985581339,34.868846685527615,58.28822132506109,27.58281901989498,13.010763688629707,37.99142997079875,31.746263400256485,62.97209625296778,47.359179826612134,5.204305475451883,42.15487435116025,48.9204714692477,0.04517755254472454,0.04565642157396418,0.041842299605372814,0.042095692528631,0.04412419548189065,0.04351054922708891,0.04206010482485742,0.04295977173419825,0.04417450183533335,0.044593769897925815,0.043374593200824846
697,58.706944363698014,24.417932611449615,46.23821281742587,33.76948127115372,23.378871649260272,29.61323742239634,22.8593411681656,51.95304810946727,11.949201065177471,38.96478608210045,60.26553580698203,20.261688762692234,8.312487697514763,39.48431656319512,28.054645979112326,52.472578590561945,54.03117003384596,9.351548659704108,31.17182886568036,68.05849302340212,0.046197438961434995,0.04458471798056317,0.04392444646408109,0.044036943331701266,0.04233481716813181,0.04433606912756259,0.04193049659560903,0.04330309664706371,0.04460703365624074,0.04308483470236939,0.04212962427056949
698,37.409673882869306,17.38759490330545,42.67864203538611,25.81794394733234,19.495182164312173,31.086912099849144,19.495182164312173,45.8400229268962,7.376555413523525,40.57105477437939,46.89381655739955,24.764150316828978,10.011039489781927,34.24829299135922,22.129666240570575,59.0124433081882,44.78622929639283,4.7420713372651235,32.66760254560418,47.420713372651235,0.04235186890397057,0.043426609979823436,0.04333008434601324,0.04451388507994299,0.04245715036558765,0.042554569911093736,0.04363254336781953,0.042730760093079224,0.043059441732699905,0.04268462370269686,0.042361647265592585
699,37.77491346292153,18.362805155586855,44.07073237340845,25.183275641947684,19.412108307334673,30.42979140068679,20.461411459082495,45.12003552515627,7.869773638108652,41.4474744940389,48.26794498039973,23.609320914325956,9.968379941604292,33.577700855930246,22.035366186704223,56.66237019438229,42.49677764578672,4.7218641828651915,32.528397704182424,47.21864182865191,0.0429100206283353,0.04334097409657216,0.04378294448784342,0.04530012121069033,0.04290467900430241,0.042656123983333495,0.04366632062932209,0.04283639255886715,0.04309414717542117,0.0427890899525509,0.042067610398851464
700,38.253034663592906,18.34049607158564,42.96916222485778,26.20070867369377,19.38852441853339,30.91683623495865,19.912538592007266,44.017190571805536,7.860212602108131,40.34909135748841,47.16127561264879,24.10465197979827,9.956269296003633,34.584935449275775,22.008595285902768,57.11754490865242,42.96916222485778,4.716127561264879,32.48887875538028,47.16127561264879,0.042884969683999574,0.04347896417885495,0.043833284287612594,0.045258867726066423,0.042909095980786335,0.04250266645832707,0.04378766668850318,0.043205329195537434,0.043419972657466784,0.04250427877317261,0.042200730895797664
701,36.75509469717488,17.852474567199227,41.480749729668794,26.253639069410628,19.427692911363867,30.454221320516332,19.952765692752077,45.156259199386284,7.351018939434977,39.380458604115944,48.306695887715556,25.203493506634203,9.976382846376039,33.604658008845604,21.527984036916717,59.858297078256236,43.581040855221644,4.725655032493913,32.55451244606918,48.306695887715556,0.042634103893094036,0.04373504679593541,0.043013769382725685,0.04487443463319862,0.04303399580113841,0.042641869891951095,0.043875695822266594,0.04304254523092102,0.04276634441562612,0.042898511240054046,0.042410901504876385
702,37.87333068484315,17.884628378953707,43.133515502182476,25.248887123228766,19.462683824155505,30.50907194056809,18.936665342421573,46.28962639258607,7.364258744275056,38.92536764831101,47.86768183778786,24.72286864149483,10.520369634678651,35.243238276173486,22.09277623282517,57.33601450899865,44.711570947384274,4.734166335605393,32.613145867503825,47.341663356053935,0.04287417190750707,0.04350751487828988,0.043151375252768395,0.044820651520851414,0.042880602313443573,0.042515299697731775,0.043454326327587035,0.04306196036934973,0.042648366689005415,0.042923676055888135,0.042143573253645004
703,30.713136749381736,20.30190395298115,41.64493118560235,27.58976691046156,20.30190395298115,25.50752035118144,20.822465592801176,43.727177744882475,10.411232796400588,38.000999706862146,47.891670863442705,28.11032855028159,9.37010951676053,37.48043806704212,22.904712152081295,55.70009546074315,47.37110922362268,4.164493118560236,28.63089019010162,48.932794143082766,0.04376170170375056,0.045565922065262644,0.04253845428828822,0.04426756590771354,0.04373528123927239,0.04247426069428886,0.04506882482251561,0.04395684541356584,0.043286552056431615,0.0432287080931317,0.04155424389574957
704,37.25630800991439,17.841048906156185,43.02841206778845,26.236836626700274,19.415259103758203,29.38525702190431,18.890522371224197,45.65209573045848,7.871050988010082,39.355254940050415,46.70156919552649,23.61315296403025,11.544208115748122,34.10788761471036,19.93999583629221,58.77051404380862,44.07788553285646,4.722630592806049,32.008940684574334,46.176832462992486,0.04245070196350142,0.04363178417488417,0.04334186101173037,0.04474827752536942,0.04292596464721308,0.04257124317852807,0.043756696494632485,0.043229831431525326,0.04308826574367128,0.043120224818509134,0.042398416476429814
705,30.710266123748468,20.300006420782886,41.64103881186233,27.58718821285879,20.300006420782886,25.505136272265677,20.820519405931165,43.72309075245544,10.410259702965583,38.51796090097265,47.3666816484934,28.10770119800707,9.889746717817303,37.476934930676094,22.90257134652428,55.69488941086586,47.3666816484934,4.164103881186232,28.62821418315535,48.407707618789956,0.043802672989066586,0.04554431829907634,0.04255750405310656,0.04426564604275308,0.04374372447937031,0.04243072753221094,0.045043205504381144,0.0439606809574637,0.04332471147132465,0.04324184984577966,0.041571973677187866
706,57.271779907793245,24.695171152901672,46.23776726500739,37.30547131608551,23.118883632503696,28.898604540629616,23.644312805969687,43.61062139767742,9.457725122387876,37.8309004895515,63.05150081591917,19.966308591707737,12.08487098971784,40.45804635688147,27.84774619369763,56.22092156086126,64.10235916285116,8.932295948921881,33.627467101823555,70.40750924444306,0.044498573730123364,0.04438935919973766,0.043137974823573476,0.042349751179472685,0.04175403571362731,0.044460384250763735,0.041862479750605246,0.04278194950299512,0.04349437559647182,0.042842117050541195,0.042999825736095315
707,49.123336064737025,21.656524501658257,43.313049003316515,33.277098624499274,22.71294033100744,32.74889070982468,27.995019477753356,52.820791467459166,13.205197866864792,40.67200942994356,69.1952368223715,21.656524501658257,5.8102870614205075,42.78484108864192,26.410395733729583,67.61061307834773,56.5182468701813,5.8102870614205075,33.277098624499274,64.96957350497478,0.043839909993488115,0.04340356493166414,0.04240395858782681,0.04383275058687585,0.04228834421278338,0.042973140399112805,0.04125607476018729,0.04276386576610281,0.04362689885007704,0.04288094327533051,0.04252263396195973
708,46.96502697997908,19.82967805821339,37.572021583983265,34.44101978531799,19.307844425102513,32.35368525287448,21.395178957546026,41.22485701575941,7.82750449666318,37.050187950872385,54.79253147664226,28.179016187987447,8.871171762884938,37.050187950872385,26.613515288654813,50.61786241175523,56.879866009085774,6.262003597330544,26.091681655543933,51.661529677976986,0.045557154678234506,0.04546563374660476,0.04152529091607587,0.042888899840222164,0.044332183562974074,0.042520502729560886,0.042858978834738534,0.04411989788451547,0.04336974460233403,0.0424553678679082,0.04307271222595299
709,37.82266997917941,17.860705267945832,43.60113344822071,25.740428180274876,19.43664985041164,30.993576788494238,19.43664985041164,45.177078030686516,7.354408051507107,39.923929422467154,48.328967195618134,24.689798458631003,9.980982355616788,34.145465953425855,21.537909293699386,56.73400496876911,43.60113344822071,4.727833747397426,32.56952137096005,48.328967195618134,0.042721740433639674,0.04321758173441028,0.04343620223984539,0.04477917923951579,0.04269545101330889,0.04254361654658416,0.043836802639973006,0.04304763541530266,0.04327129794110941,0.04274574001586859,0.042389891958505996
710,36.57578328602605,18.287891643013026,41.2783839942294,25.603048300218237,18.8104028328134,30.305649008421586,20.90044759201489,44.935962322832005,7.31515665720521,39.18833923502791,46.503495892233126,25.080537110417865,9.927712606207072,33.96322733702419,21.42295878181526,58.52125325764168,43.89093994323127,5.225111898003722,32.39569376762307,48.07102946163424,0.04290624264836239,0.04387955663122842,0.043163138112354,0.04515722754804211,0.04328572412681703,0.042647771625980595,0.04414965164603399,0.04343612726580527,0.043038148276374935,0.04317030855266349,0.042654913765965634
711,43.97657133738939,24.60593872449168,61.7766121168089,40.311857059273606,25.652999946810475,25.652999946810475,25.652999946810475,49.21187744898336,9.947081612028551,46.07069378202698,69.10604067304047,24.08240811333228,7.852959167390962,35.60008155883903,27.223591780288668,60.7295508944901,67.01191822840288,12.04120405666614,35.60008155883903,66.48838761724348,0.04441600110596354,0.04386855211796464,0.04326477874059601,0.042730875541565176,0.04312042164636346,0.04473786852503473,0.04224250584640827,0.043650084128192906,0.043781697112139126,0.04151372818553349,0.043142875890841245
712,46.50076776325986,22.193548250646753,43.330260870310326,34.34715800695331,23.25038388162993,32.23348674498695,26.949308590071055,51.78494591817575,13.210445387289733,41.216589608343966,68.69431601390662,21.136712619663573,5.812595970407482,43.330260870310326,28.006144221054235,69.75115164488979,55.48387062661688,5.812595970407482,32.76190456047854,66.58064475194026,0.043633327256647134,0.04367934665992189,0.04264903225754655,0.04366060317122234,0.04203248472360603,0.04267187887839741,0.04164139931016387,0.04270066736385764,0.04357830914146149,0.042685469411598266,0.04264966633398801
713,37.82538583095915,17.861987753508487,43.07891164081458,25.2169238873061,19.43804549646512,31.521154859132622,20.488750658436203,45.18032196475676,7.8802887147831555,41.50285389785795,47.80708486968448,24.16621872533501,9.98169903872533,34.14791776406034,22.064808401392835,55.687373584467636,43.60426422180013,4.728173228869894,32.57186002110371,47.28173228869893,0.042636566732461245,0.04356154922674491,0.04369484864996455,0.0453384966673575,0.04280861139449307,0.042538801759661266,0.04357303049478286,0.042888326655117257,0.04298932912019002,0.042717470304480865,0.04190038800920282
714,46.17526751269903,20.234105988710812,49.288206895577616,35.79880290310374,22.828222141109634,32.685863520225155,25.422338293508457,45.1376210517395,9.857641379115524,40.468211977421625,55.51408566133479,32.167040289745394,16.083520144872697,37.8740958250228,26.459984754467985,65.37172704045031,41.50585843838115,4.150585843838115,39.430565516462096,43.58115136030021,0.04435097832006199,0.045408043687088805,0.04356945073173915,0.0430933369497944,0.0442545378354839,0.04399675966980395,0.04267837399425102,0.04290927001172744,0.04416074095937464,0.04328231064355667,0.04347296671735371
715,46.72222413095658,19.727161299737222,48.79876742566576,35.30123601005608,22.841976241800996,32.70555689166961,25.43765536018747,46.20308830727929,10.382716473545907,39.454322599474445,56.58580478082519,32.70555689166961,16.093210533996157,37.37777930476526,26.47592700754206,63.853706312307324,42.56913754153822,4.672222413095658,38.93518677579715,43.60740918889281,0.04443242914946263,0.04524761226908122,0.04349576245163807,0.042861111140738956,0.044040941472244355,0.043850881212100665,0.04272233240631728,0.04290200397813481,0.04417282374468732,0.04339140587763956,0.043746872620659696
716,47.661099551290356,21.71227868447672,43.42455736895344,33.362769685903245,23.30098200285306,32.83320191311113,27.537524185189984,51.897641733627275,13.239194319802877,40.247150732200744,69.37337823576708,21.71227868447672,5.825245500713265,43.42455736895344,27.537524185189984,69.37337823576708,56.663751688756314,5.825245500713265,32.83320191311113,66.19597159901438,0.043621699643595226,0.04346123906274694,0.04258522888548617,0.04369735993244229,0.041849671841514134,0.042545110056353135,0.04147956979811389,0.04271772818142568,0.043635451659970986,0.042282804859514966,0.04255636328672149
717,46.56556510287888,21.695320104750387,43.39064020950077,33.86586552936645,23.28278255143944,32.80755723157375,28.045169891506596,51.85710659184238,13.228853722408772,40.744869465019015,68.79003935652561,21.166165955854034,5.82069563785986,43.39064020950077,28.045169891506596,69.84834765431832,55.56118563411684,5.82069563785986,32.80755723157375,66.67342276094021,0.043575411711578124,0.04351982990232705,0.042557279315307395,0.043798760826922356,0.0419000214130135,0.042574858715625885,0.041477401005219156,0.042639117588290115,0.04356780525334861,0.04259478780276812,0.0426405775692489
718,46.59218938784286,21.70772460115406,43.41544920230812,33.8852286457039,23.29609469392143,32.826315250525646,27.531748274634413,51.88675636373409,13.236417439728084,40.768165714362496,68.82937068658603,21.178267903564933,6.35348037106948,43.41544920230812,28.06120497222354,69.88828408176428,55.59295324685795,5.824023673480357,32.826315250525646,66.71154389622954,0.04352600628464313,0.043491713167122734,0.04245756979248195,0.04381772382884235,0.04184143486898094,0.04250465477965651,0.041515251568027885,0.042566446531320336,0.04363427400563896,0.042541020334581216,0.04264720724958087
719,47.09919151539901,21.69738036102651,43.39476072205302,33.86908153916334,23.284993558174794,32.81067274106448,26.989424351520782,51.86203110684386,13.230109976235678,40.74873872680589,68.79657187642553,21.69738036102651,5.821248389543698,43.39476072205302,28.04783314961964,70.3841850735738,55.56646190018985,5.821248389543698,32.81067274106448,66.15054988117839,0.04351403006014793,0.04341028632792089,0.04266083969708104,0.043863625431518276,0.041875920511833135,0.042568303167514775,0.04141371757705732,0.04259807060288201,0.04348567563550758,0.04271020359704177,0.04269492834206819
720,46.4415004981299,22.165261601380177,43.80277887891797,34.30338104975504,23.22075024906495,32.192403754385495,27.44270483980403,51.71894373655375,13.193608096059629,41.16405725970604,68.60676209951008,21.637517277537793,5.805187562266237,42.7472902312332,26.914960515961642,69.66225074719485,55.413154003450444,5.805187562266237,32.72014807822788,66.49578480414053,0.043673694774877175,0.04365851126476231,0.042815097127716105,0.043785755651886964,0.042085192341557824,0.042675523664859376,0.041726886378025865,0.0426341240413317,0.04363563087746083,0.042755581025119255,0.04280967901001736
721,46.05868376685085,21.70581648782626,43.41163297565252,33.88225012733855,23.294046962545256,32.823429810859224,27.529328228462575,51.88219550748716,13.235253955991622,40.7645821844542,69.88214088763577,21.70581648782626,5.823511740636314,42.35281265917319,27.529328228462575,70.9409612041151,55.58806661516481,5.823511740636314,32.823429810859224,66.70567993819778,0.04362069188208678,0.04353386188117038,0.04251470257611012,0.04379534960459431,0.041878764449818966,0.042532133457209804,0.04136588401314802,0.04256245349465683,0.04355256304695008,0.04252591710783661,0.042707520246753165
722,46.55055550976382,21.688326998867236,43.37665399773447,33.85494946164641,23.27527775488191,32.796982290969964,27.507146437587714,51.840391363146075,13.224589633455631,40.73173607104334,68.76786609396927,21.688326998867236,5.818819438720477,43.37665399773447,28.03613002292594,69.82583326464574,55.54327646051365,5.818819438720477,32.796982290969964,66.65193175261638,0.04358633049867972,0.04353109055254723,0.04259152217021484,0.04380098183946256,0.0419251439826204,0.042595701141238805,0.04147815434325882,0.04266541739860709,0.04356729036990334,0.04262003191634562,0.04265475044889637
723,32.38216375872073,18.280253734761704,44.39490192727842,26.114648192516718,18.802546698612037,29.248405975618724,21.936304481714043,42.82802303572742,8.35668742160535,37.08280043337374,49.61783156578176,24.547769300965715,9.923566313156353,34.47133561412207,23.503183373265045,52.229296385033436,45.961780818829425,5.222929638503343,34.47133561412207,48.5732456380811,0.04246731865669652,0.04410676759677778,0.042987579946828905,0.04530106182352177,0.043064540404354916,0.04287181037535078,0.04386200442442618,0.043611430364657505,0.04395806246588531,0.04334549817667258,0.042130961914493434
724,31.82375535461207,18.781232668295647,44.34457713347584,26.085045372632845,18.781232668295647,28.693549909896127,21.911438113011588,42.77947441111787,8.34721451924251,37.04076442913864,49.5615862080024,24.519942650274874,9.390616334147824,34.432259891875354,23.47654083536956,52.17009074526569,46.43138076328646,5.217009074526569,34.432259891875354,49.03988530054975,0.04260862448490879,0.04418907780321529,0.04315188246817728,0.045290801558214355,0.043072272230427144,0.04291811783203362,0.04390783711518718,0.04375333038929278,0.04401065681073295,0.04328410435458895,0.042112387500564764
725,45.897135506332305,24.795004239053085,59.085967548381824,33.235856745964774,22.684791112325165,29.01543049250893,25.322557520735067,48.00734863306023,9.49595907027565,44.84202894296835,64.88905364688361,21.6296845489612,12.133725478685554,40.094049407830525,25.850110802417046,60.14107411174578,56.44820113997192,5.803086098501786,27.432770647462988,69.10947990033945,0.04507321401241591,0.043137436092202566,0.042334802554992695,0.04267419438253324,0.042644038814380655,0.04476325712619953,0.04284148597960035,0.04176479079802806,0.04380791395861126,0.04142099193657611,0.04198459266247895
726,53.68695480357614,23.68542123687183,55.79232558018697,33.68593242577327,20.527365071955582,35.26496050823139,21.580050460261,51.58158402696532,6.8424550239851945,33.68593242577327,63.161123298324874,18.948336989497463,13.158567353817682,40.52838744975846,31.05421895500973,62.634780604172164,46.318157085438244,8.421483106443317,30.527876260857024,74.21431987553173,0.045152359892721976,0.04350750685985967,0.04280960875908142,0.0431829959479959,0.04242583866027144,0.04359929659567979,0.04100246196126973,0.04310695035714621,0.04336024514494915,0.04248192374042996,0.04302811792788749
727,57.54208213956709,25.40145968323232,54.431699321212115,33.695813865512264,20.217488319307357,30.585431047157282,22.291076864877343,50.80291936646464,7.775957045887445,35.25100527468975,59.615670685137076,21.772679728484846,13.478325546204905,37.324593820259736,29.54863677437229,63.76284777627705,40.95337377500721,8.29435418227994,31.622225319942277,69.983613412987,0.045682522407403885,0.04455585626386014,0.043233822015725266,0.043862017298944116,0.042751790426838535,0.044819882911944775,0.04168427306929879,0.04378725670946786,0.04367255375779274,0.04353501633732495,0.04401787240890263
728,42.721245125035495,19.559124274112637,39.63296234491245,20.588551867486984,21.617979460861335,24.191548444297208,23.16212085092286,40.6623899382868,8.235420746994794,36.5446795647894,51.47137966871747,23.16212085092286,10.808989730430667,30.88282780123048,22.13269325754851,49.41252448196877,39.63296234491245,10.294275933743492,24.191548444297208,43.750672718409845,0.04597049194394556,0.04638615522637788,0.043966086223181156,0.044100177085793967,0.04171074922253536,0.04400418704161271,0.043588132164905466,0.04468553951057069,0.04310764325085891,0.04367191793830736,0.0440951237047363
729,47.26459129338246,19.73686229833553,38.434942370442876,34.27981346553013,19.217471185221438,33.24103123930195,19.73686229833553,39.99311570978516,8.310257809825487,38.95433348355697,55.574849103207946,28.047120108161018,8.82964892293958,38.95433348355697,27.00833788193283,48.822764632724734,54.01667576386566,6.232693357369115,28.047120108161018,47.26459129338246,0.04537506817079043,0.045840858671918304,0.041810099554308054,0.0435692924458117,0.04451244981913185,0.04281722278966698,0.04252332649009207,0.044088090026743305,0.04382038746044949,0.04262699577387221,0.04362509568312269
730,47.71231201382389,22.3003197455916,43.04480322986286,34.747009836154355,22.818931832698382,30.079501052193326,25.41199226823229,50.3053724493578,8.816405480815284,36.3028460974747,63.27067462702734,28.0050527037662,10.372241742135628,37.85868235879504,30.598113139300107,67.41957132388158,47.71231201382389,4.148896696854251,42.007579055649295,48.23092410093067,0.045310433055490824,0.04575782975078297,0.04216135093497643,0.04287459962058764,0.04413747137814208,0.04483170594228881,0.042136927285352024,0.04200273205384395,0.04368744195256574,0.044238159217971106,0.04424926170121688
731,36.752334637725866,18.901200670830445,43.05273486133601,23.626500838538053,19.426234022797956,30.451934414115716,21.00133407870049,44.10280156527104,8.400533631480197,40.42756810149845,49.35313508494616,22.57643413460303,9.450600335415222,32.552067821985766,22.57643413460303,56.70360201249133,45.677901621173575,4.725300167707611,33.077101173953274,47.25300167707611,0.04264538997675018,0.04392839723497266,0.043164847312357785,0.04474229438976731,0.04312686326846103,0.04241944783013941,0.043107829059581965,0.043018979683888334,0.04413238848470531,0.04341764081719432,0.041262569974669414
732,41.801180211508644,22.508327806196963,45.55256817920814,26.795628340710667,18.221027271683255,34.83431684292387,20.900590105754322,32.69066657566702,10.182338769470054,40.729355077880214,63.77359545089139,16.613289571240614,10.182338769470054,27.331540907524882,21.436502672568533,50.37578128053606,63.23768288407718,4.287300534513707,26.259715773896456,43.408917911951285,0.044344016906607754,0.04262893562441151,0.04161186125316211,0.04150314353668425,0.042626439462200086,0.04255855335089863,0.04046502382215357,0.04194703241234482,0.042766588397728136,0.040919437611849574,0.04271640080774606
733,37.222837938373466,18.349286307648892,41.941225846054614,25.68900083070845,19.39781695380026,30.407388738389596,19.39781695380026,46.13534843066007,7.339714523059557,38.271368584524836,47.708144399887125,24.640470184557085,9.96104113843797,34.07724599991937,22.01914356917867,58.71771618447646,42.98975649220598,4.7183879076811435,32.504450030692325,49.28094036911417,0.04284948712141203,0.043637751377656006,0.04345896934867392,0.04494035761291022,0.043136078441495265,0.04230904815282817,0.04355269942933866,0.04333148029804527,0.042975262708820426,0.04304848747664159,0.04249505495649583
734,35.809883332446816,21.797320289315454,43.59464057863091,23.873255554964544,17.64544975801727,30.101061351911817,19.72138502366636,43.59464057863091,6.746789613359545,37.88581859809591,47.227527293516815,21.27833647290318,9.86069251183318,33.73394806679772,23.35427173855227,51.89838164122727,48.26549492634136,4.6708543477104545,35.29089951603454,47.227527293516815,0.04258710977302001,0.04430710513608378,0.043582337764233856,0.045533590716069154,0.04333442374584892,0.042912450944065074,0.04451321428324199,0.04400564927444811,0.04464370771220568,0.04351196607010769,0.042084628168403145
735,42.721245125035495,19.559124274112637,39.63296234491245,20.588551867486984,21.617979460861335,24.191548444297208,23.16212085092286,40.6623899382868,8.235420746994794,36.5446795647894,51.47137966871747,23.16212085092286,10.808989730430667,30.88282780123048,22.13269325754851,49.41252448196877,39.63296234491245,10.294275933743492,24.191548444297208,43.750672718409845,0.04597049194394556,0.04638615522637788,0.043966086223181156,0.044100177085793967,0.04171074922253536,0.04400418704161271,0.043588132164905466,0.04468553951057069,0.04310764325085891,0.04367191793830736,0.0440951237047363
736,41.87171242917019,21.194323575258984,36.70236521569238,34.634626330301266,19.12658468986786,34.117691608953486,20.160454132563423,37.73623465838794,6.720151377521141,36.70236521569238,52.72734157747357,29.982213838171244,9.30482498426004,40.83784298647463,25.329801346041222,55.82894990556025,52.72734157747357,5.686281934825581,28.431409674127902,51.693472134778006,0.04518522853665542,0.04693723143449728,0.04225747668537262,0.044791560538431655,0.044171252207042426,0.043221676141727366,0.04278232889207349,0.04392138164026604,0.04404129821775986,0.04234282404996051,0.04341302030843334
737,36.27299547276256,17.347954356538615,41.52995133838032,26.284779328088813,18.399345529662167,29.964648434021246,19.450736702785722,45.735516030874535,7.885433798426644,38.901473405571444,48.36399396368341,25.233388154965258,9.988216144673748,34.170213126515456,22.079214635594603,59.92929686804249,43.632733684627425,4.731260279055986,33.1188219533919,49.41538513680697,0.04248172968814501,0.04375030424491028,0.043049833508631924,0.044709973367101724,0.042891903519316876,0.042550390658343394,0.04373103135212237,0.04298254018702092,0.04272034854129233,0.043028412109446315,0.04240794626189258
738,36.699430142460464,17.82543749776651,40.893650730170236,26.21387867318605,19.398270218157677,29.883821687432093,19.922547791621398,45.08787131788,7.339886028492093,39.320818009779074,48.757814332126046,26.21387867318605,9.961273895810699,33.02948712821442,20.97110293854884,60.29192094832791,43.51503859748884,4.718498161173488,32.5052095547507,48.233536758662325,0.04263716229105316,0.04375794035246646,0.0429249141860092,0.045026123282418055,0.04308766189077066,0.042854373880492645,0.04394323153321098,0.04318327348811926,0.04291788496876018,0.04297466569972262,0.0424151949632559
739,36.298548891241445,17.886241482640713,42.08527407680168,26.30329629800105,19.464439260520777,30.511823705681216,19.464439260520777,45.2416696325618,7.890988889400314,39.45494444700157,47.87199926236191,25.251164446081006,10.52131851920042,34.19428518740136,22.094768890320882,58.91938370752235,44.189537780641764,4.734593333640189,32.09002148356128,48.39806518832193,0.042620608858636805,0.043673159339041534,0.042936004377781285,0.04441344637762068,0.0427534271452391,0.0423163619929915,0.04378556223850626,0.043030866181031795,0.04280216344289878,0.0430130856694878,0.04258938841674347
740,46.17526751269903,20.234105988710812,49.288206895577616,35.79880290310374,22.828222141109634,32.685863520225155,25.422338293508457,45.1376210517395,9.857641379115524,40.468211977421625,55.51408566133479,32.167040289745394,16.083520144872697,37.8740958250228,26.459984754467985,65.37172704045031,41.50585843838115,4.150585843838115,39.430565516462096,43.58115136030021,0.04435097832006199,0.045408043687088805,0.04356945073173915,0.0430933369497944,0.0442545378354839,0.04399675966980395,0.04267837399425102,0.04290927001172744,0.04416074095937464,0.04328231064355667,0.04347296671735371
741,45.96240509080139,22.18874728521446,42.79258405005646,33.81142443461251,23.245354298796105,32.22651391424005,27.47178235312267,51.77374366550041,13.207587669770513,40.67937002289318,68.67945588280666,21.66044377842364,5.811338574699026,43.32088755684728,27.47178235312267,71.8492769235516,54.94356470624534,5.811338574699026,32.75481742103087,66.56624185564338,0.04372089428769591,0.04356324673023372,0.04254001536851025,0.043798916157607996,0.04201245342935767,0.0427963187999112,0.041511831857625046,0.042692157864148296,0.04354763369640717,0.04278760448245677,0.04272542053522548
742,37.82915857583041,17.863769327475474,43.083208378029084,25.744844030773475,19.439984268135074,31.52429881319201,20.490794228574806,44.65942331868868,7.881074703298003,41.50699343736948,48.33725818022775,24.168629090113875,9.982694624177471,33.625918734071476,22.06700916923441,55.692927903305886,43.60861335824895,4.7286448219788015,32.57510877363175,47.28644821978802,0.04270017865528915,0.0435364887394024,0.04372779953658337,0.04533865575345689,0.04285059903477887,0.042587520443783486,0.043478413780103496,0.042936011287719913,0.04294776387040237,0.04256669395045363,0.04192489472815948
743,35.747871510422904,17.348231762411114,44.15913539522829,25.23379165441617,18.925343740812124,29.9651275896192,22.605271690414483,44.68483938802863,7.885559892005053,37.32498348882392,50.46758330883234,25.23379165441617,9.9883758632064,34.69646352482223,22.079567697614145,55.724623236835704,45.736247373629304,4.731335935203031,32.59364755362088,48.890471330431325,0.04239701879216976,0.04358159708661056,0.04328175760373133,0.04548155569745224,0.0426212819089631,0.04267931199075943,0.04333729423078685,0.043193926018609,0.04300494472208651,0.0429994846084786,0.04171783454001591
744,37.89560491992735,17.368818921633366,42.10622768880816,26.3163923055051,19.474130306073775,30.52701507438592,20.000458152183878,45.26419476546878,8.421245537761633,38.94826061214755,48.42216184212939,25.263736613284898,10.000229076091939,33.68498215104653,21.579441690514184,58.94871876433143,43.68521122713847,4.736950614990919,32.10599861271623,48.42216184212939,0.04237845835923535,0.04384306408148116,0.043020565282464056,0.044789848270344844,0.04291068627032924,0.04254691195128822,0.0434811069470501,0.04312076703108752,0.04270108785215266,0.042680453444552915,0.04219920439991188
745,37.3289964004526,17.350096918520222,43.11236203995934,25.762265121439118,19.453138969249945,29.968349222898567,19.978899481932377,45.741164603371494,7.360647177554034,39.957798963864754,47.84420665410122,24.710744096074258,9.463689228283759,34.17443332435801,21.55618101997967,57.83365639506741,44.1638830653242,5.25760512682431,32.59715178631072,48.895727679466084,0.04256679525244699,0.043794392371698306,0.043248720246982855,0.044687693060326245,0.04247340464955059,0.042555326566314014,0.043826045098082834,0.04293507697238888,0.04314039959510611,0.04286243671804166,0.04214919678663056
746,37.28706096528566,17.855775673517076,42.538759692790684,25.73332376477461,19.43128529176858,29.934682746778627,20.481625037269588,45.16460905654319,7.877548091257533,38.86257058353716,48.3156282930462,25.208153892024107,9.45305770950904,34.136041728782644,21.53196478277059,58.293855875305745,44.114269311042186,4.72652885475452,32.03536223778064,48.840798165796706,0.04263464940483271,0.04391439586862265,0.043032474181904035,0.044711979404764846,0.0429333563516384,0.042706828741979314,0.04395466009931425,0.043095258405085386,0.042654146693542935,0.042773769296228954,0.04241860880158435
747,36.12970310570611,18.32666099564803,41.889510847195496,25.1337065083173,19.373898766827917,30.369895364216735,20.421136538007804,45.03122416073516,6.807045512669268,38.747797533655834,47.12569970309493,25.1337065083173,10.472377711798874,34.03522756334634,21.46837430918769,59.69255295725358,43.46036750396533,4.712569970309493,32.98798979216645,48.696556359864765,0.04295561927000338,0.043383185084562674,0.043126380685860694,0.04502473136602552,0.043018084824411475,0.042730641384581144,0.04371283024805824,0.043521815740084194,0.043150685604562734,0.043159422438170926,0.04259771776373536
748,36.81170119063407,18.405850595317034,43.122278537599904,23.664665051121897,19.457613486478007,31.027005289248713,20.50937637763898,43.64815998318039,8.414103129287787,40.49287130969747,49.43285588456575,23.138783605541413,9.46586602044876,33.13053107157066,22.612902159960925,56.26931467711207,45.75168576550234,4.73293301022438,33.13053107157066,47.85521154782428,0.042702681811406525,0.043950316226417104,0.04296142742407834,0.04477435882889366,0.04296587064177576,0.042443397744965,0.04299348868733596,0.04295432933035888,0.04405151322421261,0.04315767380076434,0.041163496699305045
749,46.915832946812046,20.851481309694243,57.341573601659164,41.70296261938849,20.851481309694243,37.532666357449635,29.19207383357194,41.18167558664613,15.117323949528325,43.78811075035791,68.28860128924865,28.149499768087225,12.510888785816546,40.66038855390377,25.543064604375445,55.25642547068974,63.07573096182508,10.947027687589477,39.61781448841906,65.1608790927945,0.0446030069497153,0.043824658774348026,0.04272921919172027,0.044162711301252607,0.04310143313350303,0.045275684689303694,0.04299997017773085,0.04333210255440888,0.04292261166535917,0.04306638035737614,0.04269518846292593
750,46.940117950982334,20.862274644881037,57.371255273422854,41.724549289762074,20.862274644881037,38.07365122690789,29.207184502833453,41.20299242364005,15.646705983660778,43.81077675425018,68.32394946198539,28.1640707705894,12.517364786928622,40.68143555751802,25.55628643997927,55.28502780893475,63.10838080076514,10.952694188562544,39.63832182527397,65.19460826525324,0.04452189161070527,0.04387316866210373,0.04271325533919219,0.04413848491759508,0.04318875519317654,0.045142784325380464,0.04288367017609241,0.043415722057476694,0.04301276900694099,0.043061607832915794,0.042491024756394824
751,46.870018602417765,21.35189736332365,57.28557829184394,41.662238757704685,20.831119378852343,38.016792866405524,29.16356713039328,41.141460773233376,15.102561549667948,43.74535069558992,68.22191596574142,28.12201116145066,12.498671627311404,40.62068278876207,25.518121239094118,55.202466353958705,63.014136121028336,10.93633767389748,39.57912681981945,65.09724805891356,0.04460371344672763,0.043918866354127346,0.04280661615530602,0.04419790388663992,0.04333170289939238,0.04520643148857361,0.04294205898158075,0.0435089944981133,0.043028138329213005,0.04312105883471741,0.04255653065430018
752,46.870018602417765,21.35189736332365,57.28557829184394,41.662238757704685,20.831119378852343,38.016792866405524,29.16356713039328,41.141460773233376,15.102561549667948,43.74535069558992,68.22191596574142,28.12201116145066,12.498671627311404,40.62068278876207,25.518121239094118,55.202466353958705,63.014136121028336,10.93633767389748,39.57912681981945,65.09724805891356,0.04460371344672763,0.043918866354127346,0.04280661615530602,0.04419790388663992,0.04333170289939238,0.04520643148857361,0.04294205898158075,0.0435089944981133,0.043028138329213005,0.04312105883471741,0.04255653065430018
753,46.937603192197955,20.8611569743102,57.36818167935306,41.7223139486204,20.8611569743102,38.07161147811612,28.68409083967653,41.20078502426265,15.124338806374897,43.80842964605142,68.32028909086591,28.162561915318772,12.516694184586122,40.6792560999049,25.554917293529996,55.28206598192204,63.10499984728836,10.952107411512856,39.636198251189384,65.19111554471938,0.04450014235161838,0.04391366401329627,0.042716588877629434,0.044114009523369274,0.04319654238129594,0.045088225464032045,0.043024549113197814,0.043340440457510454,0.04304733525440387,0.043026881998498294,0.04250269620739322
754,46.881487172454214,21.35712193411803,57.299595432999595,41.15152762915425,20.836216521090762,38.02609515099064,29.170703129527066,41.15152762915425,14.585351564763533,43.23514928126333,68.23860910657224,27.607986890445257,12.501729912654456,40.63062221612699,25.524365238336184,55.73687919391779,62.508649563272286,10.93901367357265,39.58881139007244,65.11317662840862,0.044517015246121734,0.044113939969052524,0.042471854144227925,0.0444095109802391,0.04325804197048109,0.04545020556328405,0.04269310116040024,0.04340317413280593,0.04287717990583816,0.043256540345749044,0.042644023554531084
755,46.88402022242998,21.35827587910699,57.302691382969975,41.67468464215998,20.83734232107999,38.028149735970985,29.172279249511988,41.153751084132985,14.586139624755994,43.75841887426798,68.24229610153697,27.609478575430987,12.502405392647994,40.63281752610598,25.525744343322987,55.73989070888898,63.03296052126697,10.939604718566995,39.59095041005198,65.11669475337497,0.044533920456713234,0.0441582978593976,0.042529443251867895,0.04427683656013407,0.043180584876486565,0.045340729556010456,0.04273774138098716,0.04365969800848283,0.04297777695264934,0.043173981787673246,0.04249743128259782
756,46.96834421658282,20.352949160519223,57.92762453378548,42.27150979492454,20.874819651814587,38.09654586456163,29.224747512540425,40.18402782974308,15.656114738860941,44.358991760106,68.88690485098815,27.659136038654328,12.524891791088754,40.70589832103845,25.049783582177508,55.318272077308656,62.624458955443764,11.481150808498024,39.66215733844772,65.23381141192058,0.04451969214464041,0.043986724902135114,0.04264742125059855,0.04395163290109772,0.043024540237439735,0.045223035716247195,0.0425881682497875,0.04366814020141694,0.042866118490800985,0.042929919237511875,0.04272411537295933
757,46.879508032112724,20.835336903161213,54.69275937079818,41.149790383743394,20.835336903161213,38.02448984826921,28.648588241846667,41.149790383743394,15.105619254791879,44.275090919217575,67.71484493527394,28.127704819267635,12.501202141896727,39.5871401160063,24.481520861214424,55.21364279337721,63.026894132062665,10.938551874159636,39.5871401160063,65.11042782237878,0.04453812692508776,0.04393545424467595,0.04295537935793219,0.04420835321480264,0.04343580851385043,0.04494032900458577,0.043027325208528706,0.04321021253517458,0.043359614725601035,0.04242996028238215,0.04307601340834853
758,46.90073049943236,20.844769110858827,56.80199582709031,41.16841899394618,20.844769110858827,38.04170362731736,29.182676755202362,41.16841899394618,15.11245760537265,43.77401513280354,68.26661883806267,28.14043829965942,12.506861466515296,40.64729976617472,24.492603705259125,55.238638143775894,63.055426560347954,10.943503783200885,39.605061310631775,65.13990347143384,0.04455882907960501,0.04384884266589078,0.04293228498042978,0.04413696325091046,0.043382167263823754,0.044977964906651506,0.04296900490174516,0.04319461286172227,0.043409740759023104,0.0424873917898436,0.04298296976888384
759,46.58887762408013,21.706181620310062,43.94178230453013,33.3534010263301,23.294438812040067,32.8239819624201,27.52979132332008,50.824230135360146,13.235476597750038,40.235848857160114,68.8244783083002,21.706181620310062,5.823609703010017,43.412363240620124,28.05921038723008,70.41273550003021,56.11842077446016,5.823609703010017,32.8239819624201,66.7068020526602,0.04353738402982131,0.0434336232778108,0.042619899983989226,0.04382444459140654,0.04191596974857819,0.04247168208080061,0.04144421767179039,0.042644287316640966,0.043512093743137276,0.042675362776265754,0.04250197086975751
760,34.86173815087447,14.0487601503524,37.983684850952784,36.42271150091363,23.414600250587334,26.016222500652592,21.333302450535125,39.02433375097889,8.32519120020883,35.90238705090058,48.390173851213824,20.292653550509023,12.487786800313245,36.42271150091363,20.292653550509023,45.26822715113551,40.585307101018046,8.32519120020883,31.73979145079616,48.91049830122687,0.04632663061943865,0.044254596089954745,0.043410786138566436,0.042911069180269906,0.04389214030978246,0.0435215446105843,0.042173453466270314,0.044636075114084336,0.04344600385069045,0.042323020621726846,0.04278022998557967
761,46.59138149589287,21.707348196950086,43.94414391089896,33.355193570923305,23.295690747946434,32.825746053924526,27.531270883936696,51.356409148881916,13.236187924969565,40.238011291907476,68.82817720984174,21.707348196950086,5.8239226869866085,43.41469639390017,28.060718400935478,70.41651976083809,56.121436801870956,5.8239226869866085,32.825746053924526,66.71038714184661,0.043508287278460324,0.04350317256650874,0.04256310329047954,0.043758698418179164,0.04192303125303942,0.04249891220986719,0.04149184649680168,0.04261983018179354,0.04347199582790542,0.04262848916933058,0.042585116308851687
762,46.586522070378706,21.70508414642644,43.93956058910719,33.35171466402112,23.293261035189353,32.822322367766816,27.52839940522378,51.351052736667434,13.234807406357586,40.23381451532706,69.35039080931375,21.70508414642644,5.823315258797338,43.41016829285288,27.52839940522378,70.40917540182235,56.11558340295616,5.823315258797338,32.822322367766816,66.70342932804223,0.04353464794202898,0.04350669596012387,0.042589627583603386,0.04378913988685303,0.04191333726127455,0.04250768083769962,0.041461280935069865,0.04260195610942151,0.04347556345002064,0.04261471776300538,0.0426130560165957
763,32.900188291712,18.277882384284442,44.38914293326222,26.111260548977775,18.800107595264,29.24461181485511,21.933458861141332,42.82246730032355,8.355603375672889,37.07798997954844,49.611395043057776,24.54458491603911,9.922279008611556,34.46686392465067,23.500134494079997,51.700295886975994,45.95581856620088,5.222252109795555,34.46686392465067,48.56694462109866,0.04247893103914511,0.044107123920513525,0.042993999005435414,0.04531193637299949,0.04305477302826882,0.04287959262864735,0.04385015882973151,0.0436354371808577,0.043956562204087106,0.04333805110068544,0.042168223710073054
764,32.31461172683966,18.763322938164965,44.30229027066728,26.060170747451338,18.763322938164965,28.666187822196473,21.890543427859125,42.738680025820194,8.860458054133455,37.0054424613809,49.51432442015754,24.496560502604257,9.902864884031509,34.9206288015848,22.932950257757177,51.599138079953654,45.865900515514355,5.212034149490268,34.39942538663577,48.47191759025949,0.042657483388915056,0.04430982311460051,0.04321508331349926,0.045356724473880165,0.04317460963979274,0.04298278996679926,0.04400050460299462,0.0438616429178512,0.0438911932585167,0.04334180988378119,0.04200492049034238
765,34.380274402421534,18.752876946775384,42.193973130244615,25.003835929033844,18.752876946775384,29.17114191720615,22.399269686426152,44.798539372852304,7.813698727823076,38.026667142072306,48.96584536102461,24.482922680512306,9.376438473387692,33.33844790537846,22.92018293494769,54.695891094761535,43.75671287580923,5.209132485215384,34.380274402421534,47.92401886398154,0.04300434401080045,0.043967648642267584,0.04390492887811082,0.045384016854444244,0.04290980724086366,0.043200973309201945,0.04418296052628508,0.043134999960917464,0.043583063793175385,0.04349261974071277,0.042321388521682234
766,34.282801651749445,19.219146380526205,42.0743474816925,24.932946655817776,18.699709991863333,29.08843776512074,22.335764712503426,44.15209303634398,7.791545829943055,38.43829276105241,48.82702053430981,24.932946655817776,9.349854995931667,33.2439288744237,22.855201101166294,54.540820809601385,42.59378387035537,5.194363886628704,34.282801651749445,47.788147756984074,0.04320900436328471,0.04412771351424647,0.043939223015527315,0.04558970586889165,0.04304607368407754,0.043169949886978864,0.044390885942623956,0.04337241278382196,0.04370071808159517,0.043560377616281516,0.04245754657980042
767,32.9098737991689,18.2832632217605,44.40221068141836,26.641326408851015,18.805642170953657,29.2532211548168,21.9399158661126,42.31269488464573,8.358063187090515,37.08890539271416,49.103621224156775,24.551810612078388,9.402821085476829,34.47701064674837,24.02943166288523,51.71551597012256,46.491726478190984,5.223789491931572,34.47701064674837,48.581242274963614,0.04255270551563461,0.04410527875730234,0.04306191559950201,0.045357646756354585,0.043115496061485306,0.04283976328084845,0.04384533936927225,0.0436126254562931,0.043908013104107885,0.043223120587009334,0.04199914631903293
768,31.82908177709113,18.784376130742306,44.351999197586004,26.089411292697648,18.784376130742306,28.698352421967414,21.915105485866025,42.786634520024144,8.348611613663246,37.04696403563066,50.09166968197948,24.524046615135788,9.913976291225106,33.91623468050694,23.48047016342788,52.178822585395295,45.917363875147856,5.21788225853953,34.43802290636089,49.048093230271576,0.042571136601269585,0.0441366746049541,0.043174140803401595,0.04530433154153826,0.04308723719760363,0.042911951937547065,0.04387894751664583,0.04372633091792674,0.04401076906198284,0.04333680930475096,0.04207344465842647
769,35.5258293782713,18.285353356463165,40.75021605154649,26.121933366375952,19.330230691118206,30.823881372323623,20.89754669310076,45.45216405749416,7.314141342585267,37.09314538025385,49.63167339611431,24.554617364393394,9.403896011895343,35.003390710943776,22.98730136241084,53.288744067406945,44.92972539016664,4.7019480059476715,33.95851337628874,47.01948005947671,0.0433658999960617,0.04401009791453724,0.04337090055239151,0.044959180243083104,0.04244681529516133,0.04315631764103962,0.04426680244486137,0.042796681095851045,0.04379420474044452,0.04317014846317886,0.042224284285870745
770,47.0658157991892,23.797322595095665,46.536986408187076,35.43156919714243,23.268493204093538,30.143275287121174,26.441469550106294,50.238792145201955,10.576587820042517,40.71986310716369,74.03611474029762,20.624346249082908,6.874782083027636,38.60454554315519,26.970298941108418,68.74782083027637,55.527086055223215,5.8171233010233845,33.84508102413606,64.51718570225935,0.04345114433490646,0.04365473408194442,0.042395351443129246,0.04381227831104312,0.041923420511393875,0.04308815811003745,0.04138458378054288,0.04281609835971579,0.04353646945680942,0.04249014381174013,0.04261822679661136
771,37.73585588382117,18.34381883241307,46.12160163578144,26.205455474875816,19.392037051408103,30.922437460353464,18.867927941910587,43.50105608829386,6.289309313970196,41.40461965030379,47.16981985477647,24.10901903688575,9.433963970955293,33.01887389834353,23.584909927388235,52.93502005924915,44.54927430728889,5.241091094975164,34.06709211733856,47.69392896427399,0.04310021282470353,0.04447935035155889,0.04290716413667672,0.04524831727768285,0.04238193300464016,0.042575892097698194,0.043751132615625236,0.042934777978546446,0.04377502380250561,0.043053446923869164,0.04168363948897688
772,51.04381658226637,24.480197748637956,48.4395402260283,30.209605732361734,21.35506612115226,32.2930268173522,26.042763562380806,49.48125076852353,8.333684339961858,42.189276971056906,64.5860536347044,20.834210849904643,11.458815967447554,34.89730317359028,30.209605732361734,57.814935108485386,56.252369294742536,10.937960696199937,30.73046100360935,64.06519836345677,0.04469457991860108,0.04409785897197316,0.044597444329577796,0.04420385783579492,0.042127681283785204,0.04412224927743277,0.04128500399286665,0.04357548615968552,0.044614337261784216,0.043422201304170696,0.042404028416711835
773,59.0758898502477,26.428687564584497,54.41200380943867,35.238250086112664,20.21017284350579,31.092573605393525,21.246591963685578,49.22990820853975,7.773143401348381,34.72004052602277,59.59409941033759,20.728382403595685,13.991658122427086,36.79287876638234,30.056154485213742,60.63051853051738,41.97497436728126,8.291352961438273,31.61078316548342,70.99470973231521,0.04600639780212219,0.04457529104884002,0.0431509235713242,0.04387680035605551,0.042639899839612236,0.04465094209622704,0.041745339731783085,0.04385973945794923,0.04343909702714522,0.04362052021377809,0.04422548876527101
774,46.20141863128204,17.325531986730763,56.7017410474825,33.07601561103146,21.52566095321095,29.925918886171317,27.3008382821212,45.67640251047201,9.450290174580417,41.47627354399183,63.001934497202775,32.02598336941141,10.500322416200463,36.2261123358916,25.725789919691135,55.651708805862455,51.97659596019229,8.40025793296037,37.276144577511644,69.82714406773307,0.04484494411887766,0.04536911716289978,0.04242074231888634,0.04268065271241439,0.0421710071666524,0.04448360508825568,0.042079192150436574,0.04277266622346684,0.042995126667664835,0.04281256346388099,0.04235426211654131
775,51.484071766015795,24.44193306063376,43.16341370282132,33.80267338172754,23.40185080273445,28.602262092230994,21.321686286935833,51.484071766015795,11.440904836892399,46.8037016054689,58.2446064423613,21.841727415885487,9.880781450043434,33.28263225277789,27.562179834331687,50.96403063706614,55.124359668663374,8.320658063194472,33.28263225277789,63.9650588608075,0.04558216033355686,0.044557440777081014,0.04361754827072909,0.04317648903264336,0.042947311975190326,0.0430414068482317,0.04397890800597202,0.0436059797207544,0.04415476129324366,0.0429744213265289,0.0423224434664143
776,44.69044283776739,19.227283546481317,47.808380710169764,29.62040978782257,19.74693985854838,28.581097163688447,27.022128227487258,40.53319234123089,7.275188368938878,43.1314739015662,52.485287518773326,26.502471915420195,8.834157305140065,33.77766028435907,21.825565106816633,53.00494383084039,47.2887243981027,6.235875744804752,33.25800397229201,61.31944482391339,0.04563971397225847,0.046103447108612666,0.04243689878778542,0.042950705488906345,0.04268233825232495,0.044671630946414596,0.04267356763552056,0.043115293094734095,0.04367437672615929,0.04352867236362274,0.04286704355659828
777,41.813002910881096,21.68081632416057,36.65090378608097,34.58606413616091,19.099766761760502,34.0698542236809,20.648396499200544,37.68332361104099,6.710728862240177,37.167113698560975,52.65341107296138,29.423965011360774,9.291778424640244,41.29679299840109,25.294285711520665,55.23446063536145,52.13720116048137,5.162099124800136,28.391545186400748,51.62099124800136,0.04516065558158054,0.047064112452268346,0.042238999352146915,0.044861710484425416,0.04400319862433797,0.04321920074869865,0.04298813303844203,0.04398463220448734,0.04412576978044076,0.04258341754937126,0.043560257703787165
778,41.853292346864635,21.701707142818698,36.68621921762209,34.619389965925066,19.118170578197425,34.10268265300081,20.66829251697019,37.719633843470596,6.717195068015312,36.68621921762209,52.187438605349726,28.935609523758266,9.300731632636586,41.33658503394038,25.318658333288482,55.80438979581951,52.70414591827399,5.167073129242548,28.418902210834013,51.15402397950122,0.04534082354042384,0.04701966896389482,0.04235528914371744,0.04453597362594379,0.04405753615417864,0.04305906114589806,0.04308418045942991,0.044012166990835606,0.04388686565260545,0.0425444895987315,0.04339663180008618
779,43.85535381284152,23.733485592831883,41.7915724569431,32.50455635540019,19.089977542060428,31.98861101642558,23.217540253857276,36.63211906719704,8.255125423593698,39.21184576207007,51.07858855848601,27.86104830462873,10.318906779492123,37.14806440617164,25.2813216097557,52.62642457540983,49.53075254156219,5.159453389746061,28.892938982577945,52.11047923643522,0.04507458904524678,0.04680960110554289,0.042990204057014474,0.04352506970547867,0.04378903609553338,0.043670777627937384,0.04301128098270342,0.04434030519691852,0.04421295778916166,0.04325331064318554,0.043377528776671094
780,45.180586407653266,23.103708958459055,40.55984461596145,34.912271315004794,18.996382921399668,33.37202405110752,22.590293203826633,37.47935008816691,5.647573300956658,37.992765842799336,51.85499121787477,30.291529523312985,9.754899338016045,36.96593433353449,26.184203486253598,52.881822727139614,48.77449669008023,5.134157546324235,28.23786650478329,47.74766518081538,0.0457069049135271,0.04706668232593234,0.043021885487147866,0.04440763812515972,0.04394501682666976,0.0439310556924591,0.04311774984393987,0.04438019121384975,0.04457629042796899,0.043017933123206294,0.04341289738771578
781,47.19613726129541,24.111070122618308,40.014116373706976,32.83209548611855,18.981055202912284,28.215082058383125,24.111070122618308,36.936107421883364,6.66901939561783,38.47511189779517,54.89115964085445,26.163076090500716,7.695022379559035,41.553120849618786,25.650074598530114,54.37815814888384,45.6571327853836,4.6170134277354204,25.137073106559512,49.24814322917782,0.046073389191783616,0.04732567432039006,0.04334061262342996,0.043926416890049315,0.04432809655321297,0.04389595341995408,0.04229687186015937,0.04478138347984613,0.044953416307152376,0.04270939780498127,0.04336729557843856
782,47.96099642669242,21.08175667107359,47.96099642669242,30.041503256279867,22.66288842140411,35.8389863408251,27.933327589172507,45.32577684280822,10.540878335536796,36.36603025760194,62.19118217966709,28.460371505949347,11.594966169090474,39.52829375826298,33.73081067371774,60.610050429336574,59.555962595782894,4.743395250991558,39.52829375826298,47.43395250991558,0.04479418954179536,0.0447547828834733,0.04171169042348166,0.041417970211422794,0.04378851516344646,0.043416897061892966,0.04144311904750685,0.042620811604810425,0.042144713281957936,0.04439085980852348,0.04247253419484899
783,44.24157281015753,23.422009134789278,39.55717098319967,34.35228006435761,21.340052767252452,37.99570370754705,22.901520042905073,47.88499645334697,9.889292745799917,38.51619279943126,62.979180117988946,27.06543277797872,10.409781837684124,36.95472552377864,31.749834604936577,71.30700558813625,48.40548554523117,5.204890918842062,40.07766007508388,49.44646372899959,0.044841116786441065,0.04556498568389758,0.04130602245528,0.04315816583092443,0.0439042143352969,0.043508217726104026,0.04207402566888722,0.04185864251617355,0.04455292292545334,0.044882588928604784,0.04386000525873095
784,45.302935146152336,22.91182926931842,40.09570122130724,33.84702051149312,21.870382484349403,37.49208425888469,23.95327605428744,47.90655210857488,9.893744457205681,38.0128076513692,63.00753049062566,26.55689301670999,10.935191242174701,36.97136086640018,32.2848503340396,69.77693459292428,48.42727550105939,5.207233924845096,41.137148006276256,48.9479988935439,0.044937224563061144,0.04581857345607111,0.0413127130603285,0.04296487037962277,0.0441202763471193,0.04328272172464858,0.041977021536340677,0.0420143972041278,0.04399824349343319,0.04486733505411385,0.043983230696623576
785,36.682429633532394,17.29314539866527,46.63908910549119,24.10559661632129,19.389284234867123,26.725770161573603,23.057527198220363,44.542950269289335,7.336485926706479,39.30260317878471,49.78329735979396,26.725770161573603,9.956659471958792,34.58629079733054,22.009457780119437,53.97557503219767,46.115054396440726,4.716312381454165,33.01418667017916,46.63908910549119,0.04261118473115833,0.04387461868056806,0.04299902740732904,0.04464629137820052,0.042922881608992776,0.04229523703168865,0.04447431182716107,0.04359061708512227,0.043993339955538543,0.04323452499734342,0.04132325624643449
786,36.26415402972647,18.394860739716325,43.09653087590682,23.650535236778133,19.445995639128686,31.008479532664662,20.497130538541047,44.14766577531918,8.409079195298892,40.99426107708209,49.40334027238099,23.124967787071952,9.460214094711253,33.11074933148939,22.599400337365772,56.23571711856134,45.198800674731544,4.730107047355626,33.11074933148939,47.826637923262446,0.04275643830979683,0.0439447595970786,0.043075812293742195,0.04485657507678214,0.04303145353621458,0.042421110095888795,0.042953264707465966,0.04297429072382762,0.044055416564754396,0.0431938280003355,0.041169601387932686
787,48.4604308367892,22.64998397806452,42.666248888912236,32.658116433488374,22.12324016462116,32.13137262004501,26.863934485611406,54.25461278466617,13.695339149527383,38.452298381365345,66.89646430730683,23.17672779150788,6.320925761320331,43.192992702355596,28.97090973938485,66.89646430730683,57.41507566532634,5.79418194787697,32.658116433488374,64.26274524009003,0.043989470164966966,0.04364857535635265,0.04276034002608601,0.04388642838929115,0.042337305444876044,0.04287122013794345,0.04177627617242797,0.04302748408258006,0.04345794414215453,0.04263165248307794,0.04286949015688243
788,48.7120703801621,21.179161034853088,43.41728012144883,33.35717862989361,22.23811908659574,31.768741552279632,27.532909345309015,53.47738161300405,13.766454672654508,38.65196888860689,68.83227336327253,22.23811908659574,6.353748310455926,43.41728012144883,28.59186739705167,68.30279433740121,57.18373479410334,6.353748310455926,32.827699604022285,65.12592018217325,0.043519458756743026,0.043338869578179694,0.042567181049446144,0.043609364943109435,0.04223242411190438,0.04271433138421313,0.041568841504787526,0.04281600707574044,0.04310456960630697,0.04252354693121547,0.04252637918702662
789,49.198870695885155,21.16080460038071,42.850629315770945,33.85728736060914,22.21884483039975,32.27022701558059,27.50904598049493,53.4310316159613,13.225502875237945,38.6184683956948,68.77261495123732,22.21884483039975,6.348241380114214,43.37964943078046,28.567086210513963,68.2435948362278,56.605152306018404,6.348241380114214,32.7992471305901,65.06947414617069,0.04350869000368684,0.043426004495130635,0.04254675957644581,0.04368913749913321,0.04225950191369975,0.04278024048251973,0.041640375225570216,0.042776697094786355,0.04316912197864682,0.04256298976273183,0.04262036695813111
790,34.2484122505585,16.333858150266362,42.15189200068738,24.764236550403837,19.495250050317914,32.14081765052413,22.129743300360875,44.78638525073035,8.957277050146068,38.99050010063583,49.52847310080767,25.29113520041243,9.484175700154662,35.30220955057568,23.18354060037806,57.43195285093656,45.31328390073894,5.268986500085923,32.667716300532724,48.47467580079049,0.041749887117889566,0.044161449052104576,0.04273738270348877,0.044271644183312066,0.042830226153982257,0.042756703203794016,0.042855010330358934,0.04341507140816796,0.043208934743056295,0.04299661309075946,0.04211842800449385
791,34.86173815087447,14.0487601503524,37.983684850952784,36.42271150091363,23.414600250587334,26.016222500652592,21.333302450535125,39.02433375097889,8.32519120020883,35.90238705090058,48.390173851213824,20.292653550509023,12.487786800313245,36.42271150091363,20.292653550509023,45.26822715113551,40.585307101018046,8.32519120020883,31.73979145079616,48.91049830122687,0.04632663061943865,0.044254596089954745,0.043410786138566436,0.042911069180269906,0.04389214030978246,0.0435215446105843,0.042173453466270314,0.044636075114084336,0.04344600385069045,0.042323020621726846,0.04278022998557967
792,37.82915857583041,17.863769327475474,43.083208378029084,25.744844030773475,19.439984268135074,31.52429881319201,20.490794228574806,44.65942331868868,7.881074703298003,41.50699343736948,48.33725818022775,24.168629090113875,9.982694624177471,33.625918734071476,22.06700916923441,55.692927903305886,43.60861335824895,4.7286448219788015,32.57510877363175,47.28644821978802,0.04270017865528915,0.0435364887394024,0.04372779953658337,0.04533865575345689,0.04285059903477887,0.042587520443783486,0.043478413780103496,0.042936011287719913,0.04294776387040237,0.04256669395045363,0.04192489472815948
793,46.20141863128204,17.325531986730763,56.7017410474825,33.07601561103146,21.52566095321095,29.925918886171317,27.3008382821212,45.67640251047201,9.450290174580417,41.47627354399183,63.001934497202775,32.02598336941141,10.500322416200463,36.2261123358916,25.725789919691135,55.651708805862455,51.97659596019229,8.40025793296037,37.276144577511644,69.82714406773307,0.04484494411887766,0.04536911716289978,0.04242074231888634,0.04268065271241439,0.0421710071666524,0.04448360508825568,0.042079192150436574,0.04277266622346684,0.042995126667664835,0.04281256346388099,0.04235426211654131
794,46.21032731910383,24.132059822198666,40.04895034322332,32.86067720469606,18.99757900896491,28.753092554109053,24.132059822198666,36.96826185528307,6.161376975880511,37.99515801792982,54.42549662027785,25.672404066168795,7.701721219850639,41.58929458719345,25.672404066168795,55.4523927829246,46.21032731910383,4.621032731910383,25.672404066168795,49.804463888367465,0.04607348375421033,0.04710148800154871,0.04309910590068709,0.04414105479496984,0.044085468611761214,0.043987258743098535,0.04233839177606456,0.044802132075913166,0.04494464919859919,0.04267948717421509,0.043299398645556236
795,52.64476317624527,27.87075697565926,46.967386755277644,37.161009300879016,23.225630813049385,27.87075697565926,25.80625645894376,46.45126162609877,8.774127196040878,39.225509817594514,58.322139597212896,19.096629779618382,12.387003100293004,41.29001033431001,27.87075697565926,56.2576390804974,55.74151395131852,8.258002066862003,35.612633913342385,67.09626679325378,0.046017784401008836,0.04558626344995815,0.043638805450032625,0.04269457186870192,0.0431404904403089,0.045401406961540755,0.043446501313501265,0.04411406987801662,0.04330626545366382,0.042872595080953604,0.04365611652343835
796,53.37078654652155,25.908148808991044,46.634667856183874,37.3077342849471,23.317333928091937,27.980800713710327,24.35365988045158,47.67099380854352,8.290607618877134,36.78957130876728,59.588742260679396,20.726519047192834,12.954074404495522,41.97120107056549,28.498963689890147,58.552416308319756,53.37078654652155,8.808770595056954,35.75324535640764,70.98832773663545,0.04604470020703233,0.04543250866004188,0.04343703665806227,0.042604156640212824,0.04270058959354597,0.04517848275632201,0.042872584988457446,0.04399956740199016,0.04333487916018598,0.04229651294716895,0.0439360048071593
797,46.21032731910383,24.132059822198666,40.04895034322332,32.86067720469606,18.99757900896491,28.753092554109053,24.132059822198666,36.96826185528307,6.161376975880511,37.99515801792982,54.42549662027785,25.672404066168795,7.701721219850639,41.58929458719345,25.672404066168795,55.4523927829246,46.21032731910383,4.621032731910383,25.672404066168795,49.804463888367465,0.04607348375421033,0.04710148800154871,0.04309910590068709,0.04414105479496984,0.044085468611761214,0.043987258743098535,0.04233839177606456,0.044802132075913166,0.04494464919859919,0.04267948717421509,0.043299398645556236
798,37.725850720642285,18.338955211423333,42.96555220962038,25.674537295992668,19.386895509218952,31.43820893386857,20.434835807014572,44.53746265631381,7.859552233467142,41.393641762926954,47.681283549700666,24.102626849299238,9.955432829058381,34.058059678357615,22.006746253708,55.01686563427,43.48952235851819,4.715731340080286,32.48614923166419,47.157313400802856,0.042955145272403794,0.043677828770686725,0.04386073627254997,0.04537744480814254,0.04303140777850727,0.04255782507671813,0.04364289204149355,0.04306463994460627,0.04313367844185592,0.042832521088901246,0.04189573160632497
799,33.254597221065616,16.363373235762445,42.75591071279865,23.753283729332583,19.53047773300679,32.19889572198417,21.64188073116969,44.86731371096155,8.973462742192309,39.58880621555431,50.14582120636879,25.86468672749548,9.501313491733034,34.83814946968779,23.753283729332583,57.0078809503982,45.39516446050227,5.278507495407241,32.72674647152489,49.61797045682806,0.04173078155351582,0.04407463453407451,0.04256723078130453,0.04427000869340273,0.042838632433520395,0.042722953018852323,0.042778888452602304,0.04334628853022951,0.043062440943153896,0.0429115811847338,0.0418458103338861
800,38.44688494542873,17.38009867396093,43.18691185650898,24.75347386897466,19.48677730110771,31.073509750415,20.5401166146811,46.34692979722915,7.900044851800423,38.97355460221542,48.45360842437593,24.75347386897466,9.480053822160508,34.233527691135166,21.59345592825449,57.933662246536436,44.76692082686906,4.740026911080254,32.12684906398839,47.40026911080254,0.04268357324958309,0.043202688485427694,0.0434567941799,0.044748067995377706,0.04268286607500677,0.042451747689252396,0.04346116487679269,0.04277645886133997,0.04319176651035209,0.04255180514188823,0.04212341014838444
801,38.985173286694526,17.385279979201613,43.199786614985825,24.760853303711386,19.492586643347263,31.082773296148336,20.019413309383676,46.3607466112043,7.902399990546187,38.985173286694526,48.46805327534995,24.760853303711386,9.482879988655425,34.24373329236681,21.599893307492913,57.95093326400537,44.25343994705865,4.741439994327712,32.66325329425757,47.414399943277125,0.042466241953631564,0.043389306269351884,0.04328837659849222,0.04462062803065142,0.042663541584438434,0.042407542757463224,0.04365077835567411,0.042799517222940224,0.043139500888401267,0.042605249158434444,0.04214265114410878
802,38.33814424347508,17.85612197641305,43.589944824773035,25.20864279023019,19.43166215080244,30.98562342965794,19.43166215080244,45.690665057292215,7.352520813817138,39.91368441786447,47.7913852898114,24.683462732100395,9.978421104466117,34.13670377843671,21.53238238332162,57.24462633614772,43.589944824773035,4.726620523168161,32.56116360404733,47.7913852898114,0.04263120341065754,0.043286052345604155,0.0434369921674027,0.0447769850366313,0.042636250952918904,0.04249932113934131,0.04393457056902471,0.04303677077024556,0.04339645916662409,0.042769535516568445,0.0424158007951856
803,36.26307073694909,17.86875949356912,40.9930364852468,26.27758749054282,19.445414743001688,30.48200148902967,19.445414743001688,45.723002233544506,7.35772449735199,38.890829486003376,47.825209232787934,25.226483990921107,9.985483246406272,33.63531198789481,22.598725241866827,59.91289947843763,44.146346984111936,4.729965748297707,32.5842084882731,48.876312732409644,0.042587666465365166,0.04361286901128812,0.043114885891637776,0.04464478329051931,0.04291868687763435,0.04249054242803681,0.043723604570346616,0.04321779886797464,0.0427477409830399,0.04299903376083231,0.042390638042468586
804,38.97300011096082,17.37985140083388,44.23962174757714,24.2264595284351,19.48650005548041,30.546405492374692,21.066486546465306,45.29294607490041,7.373270291262857,41.60631092926898,47.39959472954694,24.2264595284351,9.479918945909388,34.23304063800612,22.11981087378857,58.98616233010286,41.60631092926898,4.739959472954694,32.65305414702122,47.92625689320857,0.042790182479782245,0.04331942209945119,0.04362600204260257,0.04477321112011122,0.04262877496189519,0.0424515743906338,0.043318085549104844,0.0427786956343348,0.04304002339832803,0.04253838362705215,0.04207348103507125
805,35.294126310912624,17.38367415313607,42.142240371238955,25.285344222743372,19.490786171698016,30.026346264507755,18.96400816705753,45.82968640372236,7.901670069607304,38.98157234339603,47.93679842228431,23.70501020882191,10.008782088169252,33.713792296991166,21.597898190259965,58.999136519734535,44.77613039444139,4.741002041764382,32.1334582830697,50.04391044084626,0.04234828260343633,0.04352287546068352,0.042873640684867986,0.044606177431890465,0.042812707338331035,0.04249197560185629,0.04363967724190879,0.0426110527331523,0.042885916600934076,0.042938717050348324,0.042490972612103946
806,38.9097685208001,18.403268894973017,44.16784534793524,24.187153404821682,19.45488426040005,31.022653280097373,20.50649962582708,44.16784534793524,8.412922923416238,39.43557620351361,49.95172985778391,23.135538039394653,9.464538288843267,32.60007632823792,22.609730356681137,54.68399900220554,45.74526839607579,4.732269144421633,32.60007632823792,46.79688376150282,0.04255891981225976,0.04391031187457519,0.042929657619082996,0.04482977746414555,0.04291721432531226,0.04220646666898662,0.04318483885843391,0.04324067022812446,0.0439671829549789,0.04300781812319779,0.04143945935738768
807,37.8992389697712,17.8968628468364,43.6894004790418,23.687024356107,19.4759978039102,31.056320822451397,20.5287544419594,44.215778798066395,8.9484314234182,39.478373926844995,50.005940307337,23.687024356107,10.0011880614674,33.1618340985498,22.6342677180578,55.269723497582994,45.2685354361156,4.7374048712214,33.1618340985498,46.8476703931894,0.04236377161491163,0.04391424078115454,0.04298407296054531,0.044671204622499364,0.042857215426599135,0.042352675669570745,0.04316003573875862,0.043032093130219724,0.044064881045979484,0.04294018030846713,0.041281309676694404
808,51.484071766015795,24.44193306063376,43.16341370282132,33.80267338172754,23.40185080273445,28.602262092230994,21.321686286935833,51.484071766015795,11.440904836892399,46.8037016054689,58.2446064423613,21.841727415885487,9.880781450043434,33.28263225277789,27.562179834331687,50.96403063706614,55.124359668663374,8.320658063194472,33.28263225277789,63.9650588608075,0.04558216033355686,0.044557440777081014,0.04361754827072909,0.04317648903264336,0.042947311975190326,0.0430414068482317,0.04397890800597202,0.0436059797207544,0.04415476129324366,0.0429744213265289,0.0423224434664143
809,29.63200471518168,20.794389273811706,43.66821747500458,27.032706055955217,20.274529541966412,25.473126860419338,20.794389273811706,44.188077206849876,10.397194636905853,38.98947988839694,46.267516134231045,27.032706055955217,9.87733490506056,37.42990069286107,22.873828201192875,56.1448510392916,46.267516134231045,4.158877854762341,28.592285251491095,48.86681479345751,0.04359573722210996,0.04516944140004901,0.04257884151899971,0.04465366784384174,0.04370754375524003,0.04255425821386436,0.04522640783260005,0.04448924178496042,0.04332345402717429,0.04307306388430027,0.041768610671567515
810,47.107113435638254,21.701029784956948,43.93135297930309,33.87477820090841,23.288910013124532,32.81619138213002,26.993963878848888,51.341460710751804,13.232335234729847,40.22629911357873,68.27884981120602,21.701029784956948,5.822227503281133,43.93135297930309,27.52325728823808,70.39602344876279,56.63439480464375,5.822227503281133,32.81619138213002,66.16167617364924,0.043484227215255605,0.04351839530638693,0.04253970411222975,0.043761456607048686,0.04195830921170347,0.04251022691784513,0.04153044828192724,0.042624806937055566,0.04348705096094947,0.04268645253951979,0.04260551252088447
811,46.06465860040712,21.708632213984966,43.94674326245737,34.416124241683484,23.29706871744728,32.29820890373373,27.003420558859347,51.359446945281505,13.766449696673392,40.2403914210453,68.30276964887953,21.708632213984966,5.294788344874382,43.94674326245737,28.062378227834223,70.42068498682929,57.713192959130765,5.82426717936182,32.29820890373373,66.18485431092978,0.04342696441235657,0.04356909105888414,0.042430238792461716,0.04377184949549009,0.04193776978981981,0.042503650016709985,0.04143682891811161,0.04272959255210331,0.0434689515773808,0.042696276560981995,0.04254995233826191
812,35.803480794766465,17.375218620989607,41.06869855870271,25.273045266893973,19.481305726564106,30.011741254436593,20.007827502957728,45.280872769851705,7.371304869510742,39.48913322952183,47.91348165181982,25.7995670432876,10.003913751478864,33.69739368919196,22.640436384925852,61.60304783805406,43.70130744067083,4.73869598754262,32.64435013640472,49.493046981000695,0.04228782720086301,0.043631828486519406,0.04295714887340052,0.045036761732626475,0.04239348748724775,0.042864708483358265,0.04369043219512838,0.04293781381146389,0.042798452190364156,0.04280653094205127,0.04207323220335237
813,37.504610705289714,16.903486515060152,42.78695024124601,23.242293958207707,19.5446562830383,30.109335354950893,21.12935814382519,44.89988605562853,8.451743257530076,40.14578047326786,48.59752373079794,25.883463726185855,11.092913025508224,31.694037215737783,22.71406000461208,59.16220280271053,43.843418148437266,4.754105582360667,33.806973030120304,48.59752373079794,0.04229472117476328,0.04350023030469358,0.04314953541453321,0.04469867312578751,0.04197911265084121,0.042595955475749625,0.04356002625864175,0.042525053186609076,0.04293692117296339,0.042703285303244694,0.041822532336542935
814,37.68188740739046,18.317584156370366,42.392123333314274,25.644617818918512,19.3643032510201,30.35485374484232,19.3643032510201,45.00892106993861,7.327033662548146,39.77532559668993,47.62571880656295,24.597898724268774,10.467190946497352,34.54173012344126,21.98110098764444,55.99947156376083,42.91548288063914,4.710235925923808,32.448291934141785,47.62571880656295,0.04294167506411521,0.04393178229831037,0.04335404526197106,0.045053395065587316,0.04303949108820331,0.04269544946398998,0.043641738312997086,0.043282331275149265,0.043134693541622436,0.04312756244065117,0.04243828886253517
815,35.64002603686373,18.344131048385744,45.074150576033546,26.20590149769392,19.392367108293502,30.398845737324947,20.440603168201257,44.55003254607966,6.813534389400419,39.832970276494756,48.21885875575681,24.633547407832285,9.434124539169812,33.54355391704822,23.06119331797065,53.98415708524948,44.55003254607966,4.717062269584906,34.0676719470021,47.69474072580294,0.043233460763855036,0.04409181455768098,0.0438087770654566,0.04474187111261173,0.04240127335207978,0.04247148397658093,0.04406841543312347,0.04318016904630703,0.0436166880663539,0.042699891526145256,0.041568125145926935
816,39.99141848424908,17.890897742953534,56.82991047761711,38.412809859870826,29.46736098839406,27.888752364015804,19.46950636733179,49.463070230518596,9.471651746269519,42.09622998342008,66.82776509867938,29.99356386318681,12.102666120233275,38.412809859870826,28.414955238808556,58.93472197678812,50.5154759801041,7.893043121891266,39.46521560945633,53.67269322886061,0.044122560222113125,0.044106979882170966,0.04378340129012899,0.043797442556566105,0.04195876218288212,0.04313662915886523,0.04297569481677502,0.04290132771859111,0.043506934884520364,0.041299431386559005,0.04220796110807691
817,37.96347399273949,17.92719605212698,44.29071965819607,24.78171218970494,19.509007468491124,31.10895785516152,20.036277940612507,44.81799013031745,7.909057081820726,40.599826353346394,47.981612963045734,24.25444171758356,10.018138970306254,33.745310215768434,21.61808935697665,59.581563349716134,43.76344918607468,4.745434249092436,32.16349879940429,47.454342490924354,0.042497655770705585,0.043502405828501255,0.04299588290760548,0.044634356124710235,0.042813071552308936,0.04235289064579994,0.04348514538554079,0.04296673561628677,0.04244711618940409,0.04260891211199533,0.042425355745759806
818,38.31651502135555,18.37093185955403,42.515585160682186,26.769072138207303,19.42069939438569,30.96814227753394,20.47046692921735,44.615120230345504,7.348372743821613,39.36628255618721,47.23953906742465,23.619769533712326,10.497675348316589,33.59256111461308,22.045118231464837,57.73721441574124,43.565352695513845,4.723953906742465,32.017909812365595,48.28930660225631,0.042726709031585715,0.04337620337510277,0.04344435759654747,0.04482970617960562,0.042711120243051744,0.04280832863377639,0.04355527165332131,0.04285363677827562,0.043470043472179185,0.04270390953614446,0.042636946084580324
819,35.136461209573746,18.87929259021873,39.85628435712843,26.221239708637125,18.354867796045987,33.56318682705552,18.87929259021873,46.149381887201336,8.39079670676388,39.331859562955685,48.24708106389231,23.599115737773413,9.439646295109364,31.989912444537293,23.599115737773413,53.49132900561973,47.19823147554683,4.719823147554682,34.08761162122826,49.82035544641054,0.0433325330851382,0.04427093794220146,0.04294268734858568,0.04497701859684286,0.042747767079072845,0.041969166812536686,0.04333064636091294,0.04344898304188562,0.043406111526465584,0.04327138787278932,0.04187796616082646
820,34.69792845468437,18.400416604756863,40.4809165304651,25.76058324665961,18.400416604756863,34.172202265977035,18.9261427934642,45.212452228831154,7.885892830610085,39.95519034175776,48.366809361075184,23.657678491830254,9.4630713967321,32.59502369985502,23.657678491830254,54.14979743685591,47.31535698366051,4.73153569836605,34.69792845468437,49.9439879271972,0.043197857771862365,0.04411257883548657,0.04292406592866585,0.04487267528632259,0.042815298124240724,0.041800629917432316,0.04338731191958526,0.043167622130092904,0.04326717616959231,0.0430649424925054,0.0416636527168748
821,35.782828535018595,18.417632334200746,40.51879113524164,26.310903334572494,18.417632334200746,33.15173820156134,19.996286534275097,46.30718986884759,8.419489067063198,38.94013693516729,47.35962600223049,22.627376867732345,9.998143267137548,32.099302068178446,22.101158801040896,56.30533313598514,47.35962600223049,4.735962600223049,34.20417433494424,49.990716335687736,0.042648445393040024,0.04362008122598461,0.04354247712165422,0.0447385389009052,0.04251617544676911,0.041702644987727765,0.04365491905139211,0.043443595984307,0.04314603180903966,0.04271980052880475,0.04204922285892556
822,35.762384398986086,18.40710961712519,39.96972374004327,26.295870881607417,18.40710961712519,33.132797310825346,19.984861870021636,46.806650169261204,8.940596099746521,38.91788890477898,48.38440242215765,23.140366375814526,9.992430935010818,32.08096247556105,22.61444895818238,55.747246269007725,46.806650169261204,4.733256758689335,33.6587147284575,48.91031983978979,0.042769955914781076,0.0435574459794856,0.0435229698539897,0.04474404757979606,0.0424692948639217,0.041814519522862345,0.04365635241989723,0.04359963084350456,0.0431616911548273,0.042696596614509426,0.04209007762027664
823,32.90478638570181,18.28043688094545,44.39534671086752,26.114909829922073,18.802735077543893,29.24869900951272,22.45882245373298,42.306153924473755,8.356771145575063,37.083171958489345,49.61832867685194,24.548015240126748,9.923665735370388,33.949382778898695,23.503418846929865,52.229819659844146,45.962241300662846,5.222981965984414,34.47168097549714,48.573732283655055,0.04251989418600949,0.044066738408281604,0.04295979885787702,0.04517436904101848,0.0429807748465245,0.042817125830914134,0.04401722152212239,0.04355176232201661,0.04399623892379907,0.043427398370713716,0.04219048109228157
824,32.39210676069958,18.285866719749766,44.40853346224943,26.122666742499668,18.80832005459976,29.257386751599626,21.94304006369972,42.841173457699455,8.359253357599894,37.094186774349524,49.11061347589937,24.555306737949685,9.40416002729988,34.48192010009956,24.032853403099693,51.72288015014934,46.498346801649404,5.224533348499933,34.48192010009956,49.11061347589937,0.042539415632257487,0.04411338791619169,0.042887254551011396,0.04521074525814073,0.043080115857185956,0.04286500484921889,0.0438665995158282,0.04371463925718539,0.043908896063603146,0.043235682610418394,0.04212492363896557
825,32.355485122945524,18.265193214566022,44.358326378231766,25.049407837119116,18.787055877839336,28.702446480032318,22.44009452075254,43.31460105168514,8.349802612373038,36.530386429132044,49.576953010964914,25.049407837119116,9.915390602192982,34.44293577603878,23.48381984729917,52.18626632733149,45.92391436805171,5.218626632733149,34.44293577603878,49.055090347691596,0.04264459831864164,0.044324551735568686,0.043012274322321645,0.04509609345575117,0.043098747284783565,0.04286161877356257,0.04398940326311614,0.04367839101851325,0.043871845322636036,0.043408952943961215,0.042150860287829196
826,33.148225597795346,17.889518576587964,44.197634130393794,26.30811555380583,19.468005509816315,29.465089420262533,22.098817065196897,43.67147181931768,8.418596977217867,38.40984870855652,50.5115818633072,24.203466309501366,9.470921599370099,32.09590097564311,23.15114168734913,54.194718040840016,46.82844568577438,4.7354607996850495,34.7267125310237,48.40693261900273,0.042465443997678626,0.04387476303572255,0.04249048548812226,0.04472640996422358,0.042694172205794315,0.04221339808941685,0.04392679502482605,0.043347916334362774,0.043688388423393384,0.04267540916468523,0.04173450719565767
827,35.75150208819679,16.541739772150752,46.42359226377791,29.348247982848108,21.877784859941315,22.944993877499428,20.8105758423832,46.95719677255697,8.537672140464904,36.285106596975844,62.96533203592867,19.209762316046035,8.537672140464904,31.482666017964334,22.944993877499428,59.23010047447527,50.15882382523131,4.268836070232452,40.02033815842923,51.22603284278942,0.043689758083433415,0.043804817185453745,0.04243578610165779,0.04277929923317868,0.042339943014377664,0.04148082024051219,0.04096167782972409,0.04138119137859679,0.04295317634521695,0.04224266675356441,0.0423263550552279
828,46.59848749821907,21.710658948033885,43.95084616309299,33.360280822588656,23.299243749109536,32.30122428853822,27.53546988531127,51.36424190144602,13.238206675630419,39.714620026891254,69.3682029803034,21.710658948033885,6.354339204302601,43.42131789606777,28.064998152336486,70.42725951435382,55.60046803764776,5.824810937277384,32.830752555563436,67.25008991220253,0.04355272758977027,0.04351648672447159,0.04249564268272292,0.04375358612808727,0.04194585084239717,0.04254310684073713,0.04149404404985351,0.04260084776035454,0.04345313920058203,0.04257381730631832,0.0425424838494884
829,39.65503596399688,19.034417262718502,48.11477696964955,25.379223016958,20.620618701278378,24.32175539125142,21.149352514131667,41.241237402556756,5.287338128532917,40.18376977685017,53.93084891103575,18.50568344986521,6.3448057542395,32.25276258405079,19.563151075571792,56.04578416244892,50.22971222106271,5.816071941386209,29.080359706931045,61.33312229098184,0.04491127030979054,0.04450855826935199,0.04080407298459033,0.043132436666005226,0.043372322992469625,0.04372062472203822,0.041124967709866844,0.042088691596471536,0.042530200566923006,0.042004918556479996,0.04306812277272101
830,39.135901822327334,19.03908737302411,48.12658197069983,25.385449830698814,20.625677987442785,24.327722754419696,21.154541525582346,41.25135597488557,5.288635381395586,40.193628898606455,53.94408089023498,18.510223834884552,6.3463624576747035,32.26067582651307,19.567950911163667,56.58839858093277,50.24203612325807,5.8174989195351445,29.087494597675725,61.3481704241888,0.0449093161184212,0.04453848477273656,0.040711402170894605,0.04314188948587959,0.04340019813747861,0.04366214725896552,0.041109191448327816,0.04211948944694986,0.04249592261169045,0.04196463883019526,0.04308378157890197
831,39.65503596399688,19.034417262718502,48.11477696964955,25.379223016958,20.620618701278378,24.32175539125142,21.149352514131667,41.241237402556756,5.287338128532917,40.18376977685017,53.93084891103575,18.50568344986521,6.3448057542395,32.25276258405079,19.563151075571792,56.04578416244892,50.22971222106271,5.816071941386209,29.080359706931045,61.33312229098184,0.04491127030979054,0.04450855826935199,0.04080407298459033,0.043132436666005226,0.043372322992469625,0.04372062472203822,0.041124967709866844,0.042088691596471536,0.042530200566923006,0.042004918556479996,0.04306812277272101
832,39.14229761400401,19.04219883924519,48.134447065869786,25.389598452326922,20.629048742515625,24.3316985168133,20.629048742515625,41.25809748503125,5.2894996775681085,39.67124758176082,53.423946743437895,18.51324887148838,6.3473996130817305,32.794898000922274,19.571148807002004,57.12659651773557,50.250246936897035,5.81844964532492,29.092248226624598,61.88714622754687,0.04489678950493011,0.04447328141162968,0.04086715298748408,0.04319309111579968,0.04328236909041697,0.04370227563902653,0.04106192641276467,0.04213779304262287,0.0424141687244454,0.041951402579356596,0.043069781734712494
833,39.65503596399688,19.034417262718502,48.11477696964955,25.379223016958,20.620618701278378,24.32175539125142,21.149352514131667,41.241237402556756,5.287338128532917,40.18376977685017,53.93084891103575,18.50568344986521,6.3448057542395,32.25276258405079,19.563151075571792,56.04578416244892,50.22971222106271,5.816071941386209,29.080359706931045,61.33312229098184,0.04491127030979054,0.04450855826935199,0.04080407298459033,0.043132436666005226,0.043372322992469625,0.04372062472203822,0.041124967709866844,0.042088691596471536,0.042530200566923006,0.042004918556479996,0.04306812277272101
834,41.80873852931275,22.51239766962994,46.09681427590893,26.2644639479016,18.224321923033763,34.30460597276944,20.904369264656374,32.69657756779587,10.184179898165926,40.20071012433918,65.39315513559174,16.616293518060196,10.184179898165926,27.336482884550644,21.440378732980896,49.84888055418059,63.24911726229365,4.28807574659618,26.2644639479016,43.416766934286315,0.044230262317397996,0.042407192097754745,0.041494126316371366,0.041435891583000685,0.04256315809354778,0.04289479413226402,0.040487261330245834,0.042053724318112135,0.042706557766548095,0.04107548414064124,0.04264207957959358
835,42.18378489664302,23.49476627154801,44.85364470022802,26.16462607513301,18.15504666437801,34.17420548588802,20.29093450724601,32.57228960373701,10.145467253623005,40.04789705377502,65.67855116819104,17.62107470366101,10.145467253623005,26.69859803585001,21.892850389397008,48.59144842524702,63.542663325323026,4.271775685736002,26.16462607513301,42.717756857360015,0.04437113267902728,0.04251186542729403,0.04161228805652516,0.04141407109625074,0.04292654124894124,0.043066120573345315,0.04050772384948967,0.04225479032896402,0.04322382786735633,0.0413350966785773,0.04280458147722871
836,35.59874552015909,18.84639468714305,43.97492093666712,26.69905914011932,18.84639468714305,29.84012492130983,19.893416614206554,43.97492093666712,9.423197343571525,40.31034419194486,47.11598671785762,21.98746046833356,11.51724119769853,34.551723593095595,21.98746046833356,50.257052499048136,47.63949768138938,5.235109635317514,34.551723593095595,46.592475754325875,0.04217096034072661,0.04362093768861481,0.04380236283182583,0.04459392019490982,0.04256498469560592,0.04241736762088957,0.043754850023610396,0.04384484425184833,0.04375753250597597,0.04345226497196132,0.0425090113422799
837,37.842136743157184,18.39548313903474,43.09798906859569,23.65133546447324,19.446653604122442,31.00952872008714,19.972238836666293,43.623574301139534,8.409363720701597,41.52123337096413,49.405011859121885,23.12575023192939,9.460534185789296,33.63745488280639,22.60016499938554,56.23761988219193,45.20032999877108,4.730267092894648,33.11186965026254,46.25150046385878,0.04277094461884233,0.0439135785154315,0.043137334267179486,0.04492726005572969,0.04314116721550078,0.042319215205649456,0.042986169173862145,0.04311019687655439,0.04395488735120081,0.043055661477884026,0.04109835269831566
838,46.61051056412697,21.716260603740974,43.96218610025612,33.36888824477272,23.305255282063484,32.83922335199855,27.54257442425685,51.377494599094504,13.771287212128424,40.25453185083693,68.85643606064211,21.716260603740974,5.826313820515871,43.43252120748195,28.072239317031016,70.44543073896463,56.14447863406203,5.826313820515871,32.30955845922438,66.73777648954544,0.043440162434150276,0.043448758367663314,0.04257560288269766,0.0437826072354661,0.04193526084449981,0.04244440230858743,0.04142323226940996,0.04264723154710427,0.04342866999568829,0.04263320638287409,0.04257597295768867
839,35.51658851849875,18.802899803911103,45.96264396511604,25.59283584421234,18.802899803911103,29.77125802285925,20.892110893234562,45.44034119278517,7.8345415849629605,41.784221786469125,49.09646059910122,24.025927527219746,8.879147129624688,33.94968020150616,21.414413665565426,55.88639663940245,42.82882733113085,4.700724950977776,32.905074656844434,45.96264396511604,0.042966293570274885,0.043529012071208836,0.04401551340396457,0.045227594577240515,0.04293496148679984,0.042521049688183585,0.04378501490358378,0.043450604054373815,0.043885010513583636,0.04339073689545705,0.041991436504465546
840,35.521007996833895,18.80523952773559,45.968363290020335,25.596020468306776,18.80523952773559,30.297330350240674,20.894710586372877,45.44599552536101,7.835516469889829,41.26705340808643,49.102569877976265,23.50654940966949,8.880251999208474,34.47627246751525,21.4170783510322,55.370983053888125,42.8341567020644,4.701309881933898,32.909169173537286,46.49073105467966,0.04305807538522363,0.043467477899542036,0.04402021566287336,0.04529985032071811,0.04294303008558021,0.042485074769250314,0.043778547871086496,0.04348007304718814,0.043795955773685155,0.043343427091153124,0.04196050743437746
841,34.90972585445495,19.27850532260945,47.9357429643262,25.0099528509528,19.27850532260945,27.615156272927052,21.362668060188852,43.7674174891674,7.81561026592275,40.12013269840345,49.49886501751075,23.44683079776825,8.85769163471245,34.90972585445495,21.8837087445837,56.2723939146438,42.20429543598285,5.731447528343351,32.3045224324807,46.37262091114165,0.043300549630438154,0.043417951214019236,0.04441763336729562,0.04519020682887262,0.04326460230302798,0.04254120693021075,0.04391553535136321,0.043454735668908645,0.04374976172173826,0.043579327966120206,0.04212780462315525
842,42.900860543967866,22.52295178558313,45.582164327965856,27.349298596779516,18.232865731186344,34.32068843517429,20.914169515184334,32.7119061647755,10.725215135991967,40.219556759969876,65.423812329551,16.62408346078755,10.188954379192369,26.813037839979916,22.52295178558313,48.799728868763445,63.2787693023526,4.290086054396786,25.20425556958112,42.900860543967866,0.0441340949436256,0.042414752918687786,0.04132147870272033,0.04134674339659466,0.042436070004712556,0.04283560208086118,0.04043789952670416,0.04217656702295714,0.04278590910685292,0.041238957215482895,0.042611168281202504
843,38.38478963885291,18.403666265203448,43.11716096419094,23.66185662669015,19.455304337500788,31.023323132771527,19.981123373649456,44.168799036488274,8.41310457837872,41.01388481959626,49.42698939797497,23.136037590541477,9.464742650676058,33.1265992773662,22.61021855439281,56.26263686790768,45.22043710878562,4.732371325338029,33.1265992773662,46.272075181082954,0.042738514749593,0.04390200143930073,0.04310858316227405,0.04479346767708401,0.04306223538935457,0.0422746754968259,0.043002604478079576,0.04296845146638586,0.04407331286605104,0.04309498414412008,0.0411621329822613
844,42.5825204092819,18.399854497837858,57.302404007552184,37.325419124185366,29.439767196540572,27.862636811011612,20.50269501187647,49.41675207990739,7.885651927644796,39.953969766733636,64.66234580668733,29.965477325050223,9.988492441683409,38.376839381204675,28.388346939521266,57.828114136061835,54.673853365003914,7.885651927644796,39.42825963822398,55.19956349351357,0.044149304946165265,0.043889431603579304,0.04373083571135984,0.0438737143639731,0.04209090831566512,0.043375103238114256,0.04328330819363143,0.042646068935270204,0.04387575088179493,0.04125453069026776,0.042120914610525736
845,42.5825204092819,18.399854497837858,57.302404007552184,37.325419124185366,29.439767196540572,27.862636811011612,20.50269501187647,49.41675207990739,7.885651927644796,39.953969766733636,64.66234580668733,29.965477325050223,9.988492441683409,38.376839381204675,28.388346939521266,57.828114136061835,54.673853365003914,7.885651927644796,39.42825963822398,55.19956349351357,0.044149304946165265,0.043889431603579304,0.04373083571135984,0.0438737143639731,0.04209090831566512,0.043375103238114256,0.04328330819363143,0.042646068935270204,0.04387575088179493,0.04125453069026776,0.042120914610525736
846,42.5825204092819,18.399854497837858,57.302404007552184,37.325419124185366,29.439767196540572,27.862636811011612,20.50269501187647,49.41675207990739,7.885651927644796,39.953969766733636,64.66234580668733,29.965477325050223,9.988492441683409,38.376839381204675,28.388346939521266,57.828114136061835,54.673853365003914,7.885651927644796,39.42825963822398,55.19956349351357,0.044149304946165265,0.043889431603579304,0.04373083571135984,0.0438737143639731,0.04209090831566512,0.043375103238114256,0.04328330819363143,0.042646068935270204,0.04387575088179493,0.04125453069026776,0.042120914610525736
847,37.90381070114354,17.89902171998445,44.74755429996112,24.742765318802036,19.478347165865433,30.533625287032297,20.531230796452753,44.74755429996112,8.423069044698565,40.53601977761184,47.37976337642943,24.742765318802036,10.002394490579546,34.21871799408792,21.584114427040074,58.96148331288995,43.16822885408015,4.737976337642943,31.586508917619618,47.37976337642943,0.04248044879928274,0.043546590921490026,0.04307604233871881,0.044721745283273016,0.04285610650411936,0.04252732943628735,0.04363080222547199,0.04305467237067581,0.0426827512227586,0.042597077841569846,0.04238461776269206
848,46.03673413351176,22.224630271350502,43.92010267909742,32.80778754342217,23.28294599855767,32.278629679818586,27.516208907386336,51.32831276954759,13.228946590089585,40.215997633872334,68.26136440486226,21.166314544143336,5.820736499639417,44.449260542701005,27.516208907386336,70.3779958592766,56.619891405583424,5.820736499639417,32.278629679818586,66.6738908140515,0.043642444030690425,0.04351731520661678,0.04240230085487747,0.043701359799393734,0.04211300483135302,0.04250459426699379,0.04165621489392374,0.04256204147727793,0.0435885508720827,0.042570853686647564,0.042583456476559464
849,46.03673413351176,22.224630271350502,43.92010267909742,32.80778754342217,23.28294599855767,32.278629679818586,27.516208907386336,51.32831276954759,13.228946590089585,40.215997633872334,68.26136440486226,21.166314544143336,5.820736499639417,44.449260542701005,27.516208907386336,70.3779958592766,56.619891405583424,5.820736499639417,32.278629679818586,66.6738908140515,0.043642444030690425,0.04351731520661678,0.04240230085487747,0.043701359799393734,0.04211300483135302,0.04250459426699379,0.04165621489392374,0.04256204147727793,0.0435885508720827,0.042570853686647564,0.042583456476559464
850,42.60824684915458,18.410970860745806,57.863051276629676,37.34796946037007,29.45755337719329,27.879470160557936,20.515081816259613,49.44660745457445,7.364388344298322,39.978108154762324,64.1753841431711,29.45755337719329,9.994527038690581,37.873997199248514,28.405497899436387,58.38907901550813,54.180857104480516,7.890416083176774,39.978108154762324,55.75894032111587,0.0442058579685481,0.04383299015983708,0.04370539725249844,0.04375045109559686,0.04224246206051231,0.04354307858508172,0.04317757021058482,0.04259550949066416,0.04393100143171849,0.041224244714053296,0.04176369815245314
851,42.5825204092819,18.399854497837858,57.302404007552184,37.325419124185366,29.439767196540572,27.862636811011612,20.50269501187647,49.41675207990739,7.885651927644796,39.953969766733636,64.66234580668733,29.965477325050223,9.988492441683409,38.376839381204675,28.388346939521266,57.828114136061835,54.673853365003914,7.885651927644796,39.42825963822398,55.19956349351357,0.044149304946165265,0.043889431603579304,0.04373083571135984,0.0438737143639731,0.04209090831566512,0.043375103238114256,0.04328330819363143,0.042646068935270204,0.04387575088179493,0.04125453069026776,0.042120914610525736
852,46.545132350686565,21.685800299751694,43.90052255803392,34.37992730448439,23.272566175343282,32.26423947036228,26.975019885056984,51.30542997746132,13.751970921793758,40.19806884832021,67.70201069190773,21.685800299751694,5.2892195853052915,43.90052255803392,28.032863802118044,70.87554244309091,56.59464956276661,5.818141543835821,32.7931614288928,66.11524481631614,0.04353951521487836,0.04356735021581723,0.04240472202222548,0.04398896901148358,0.04171020199858254,0.04256804370885885,0.0414282126236479,0.04273171502426904,0.04376166000376035,0.042795187458336666,0.042582464187610865
853,36.27161460076355,17.34729393949561,40.47701919215642,24.70675197443314,18.924320661267938,26.809454270129578,21.552698530888485,45.20809935747341,10.513511478482187,39.4256680443082,50.4648550967145,25.75810312228136,8.41080918278575,35.74593902683944,24.70675197443314,55.721610835955595,47.31080165316984,4.7310801653169845,33.11756115721889,46.785126079245735,0.042570465649898886,0.04420403785227944,0.04340318810820006,0.04397227152379503,0.04293313532069004,0.04238473274257079,0.043295046189678964,0.04314628635130933,0.04343972186731183,0.04316218101888715,0.04181335945126919
854,36.272588000293375,17.347759478401176,40.47810544960275,24.707415014692586,18.924828521892195,26.810173739347274,21.027587246546883,45.735002261239465,10.513793623273441,39.426726087275405,49.94051971054885,25.75879437701993,8.411034898618754,36.272588000293375,24.707415014692586,55.72310620334924,47.31207130473049,4.731207130473049,33.11844991331134,46.78638162356681,0.04259045161235219,0.04410518619865822,0.043414642894100214,0.043942669732949725,0.04290530813405403,0.04244970681723312,0.04323525787777677,0.04310377244911533,0.043494841255772757,0.04320559262072636,0.041862889243589295
855,36.21013201785384,16.793104703932215,40.93319271583477,25.189657055898323,18.892242791923742,30.96228679787502,20.466596357917386,44.081899847822065,8.92133687396399,39.35883914984113,47.75539150180723,24.66487253390044,10.495690439957635,37.259701061849604,24.14008801190256,53.52802124378393,44.081899847822065,4.7230606979809355,34.63577845186019,47.23060697980935,0.04283092528377353,0.044703363339431285,0.043157162523246174,0.04497643345426553,0.04265761996267015,0.041680627314984585,0.043598522726035795,0.04301109594219864,0.04322898831168875,0.04347505970501655,0.04189567943880742
856,47.79699642724993,19.742237654733668,47.79699642724993,37.40634503002168,22.339900504040727,32.730551901268974,27.01569363279344,43.12120329849722,10.390651397228245,38.445410169744505,57.668115254616765,31.171954191684737,16.10550966570378,34.28914961085321,26.496161062932025,59.74624553406241,45.71886614780428,5.1953256986141225,40.52354044919016,46.23839871766569,0.04446452891806735,0.044921426098112775,0.043641410018536574,0.04341924860878674,0.04428025044237415,0.04433266827833078,0.042402546956862186,0.04262660945248094,0.04351174785910477,0.043130659332651596,0.043736334173279934
857,44.340297364848894,19.766156656619387,53.956265468069134,30.984786110376337,21.903038457334997,30.984786110376337,16.560833955545974,39.532313313238774,9.08174765304134,34.724329261628654,60.90113132039487,21.368818007156094,11.752849903935852,29.91634521001853,33.12166791109195,58.764249519679254,55.02470636842694,6.94486585232573,38.998092863059874,61.969572220752674,0.04265153542763363,0.04279201011413667,0.041902308888348554,0.04309944413458416,0.04227303797358049,0.04365853950918152,0.03890319325184946,0.04181212056907766,0.042639929290423956,0.0432234430478229,0.042823987614458756
858,34.8517331178614,18.726304361835975,40.57365945064461,27.04910630042974,18.206129240673864,29.649981906240292,22.36753020997075,43.17453505645516,8.322801938593766,40.57365945064461,48.896461389238375,25.48858093694341,8.842977059755876,31.730682390888735,21.847355088808637,52.01751211621104,45.77541066226571,4.681576090458994,34.8517331178614,46.295585783427825,0.043441370586116856,0.04447296709955341,0.044133742868747904,0.045387784114734916,0.0429149205259387,0.04261632371700674,0.04391702598716648,0.04354315838531353,0.04430137052222994,0.04325467602518403,0.041841539005897085
859,43.83854430573853,25.050596746136303,60.017054704284895,39.14155741583797,25.572484178347477,26.09437161055865,26.09437161055865,49.05741862785026,11.481523508645806,46.96986889900557,66.80159132303014,24.006821881713957,7.306424050956422,37.05400768699328,27.66003390719217,58.97327983986255,66.27970389081896,12.003410940856979,34.96645795814859,66.80159132303014,0.04463009143435456,0.0437770231125696,0.0435487133332647,0.04308137238114289,0.043123120977875386,0.045130545358953535,0.0422759527562762,0.0436420387902218,0.04432246588683969,0.041431006802846046,0.04315023695448254
860,47.5716787632329,17.839379536212338,61.626947488733535,33.51641003773227,28.651124709674363,30.272886485693668,25.948188416308856,49.19344053925221,16.758205018866136,45.9499169872136,69.73575636883005,26.48877567498196,9.730570656115821,40.00345714180949,28.11053745100126,68.11399459281076,69.73575636883005,9.18998339744272,38.922282624463286,68.65458185148385,0.04255497847836225,0.04326879148422414,0.04178056136687729,0.041393752030948985,0.03957821517117757,0.043379001475599456,0.040515056302061384,0.04202245231518771,0.042611929968699336,0.040934888921798404,0.04137311381196222
861,46.27760441947012,18.83390877536575,57.03983800539341,34.43914747495451,28.519919002696707,27.443695644104377,25.29124892691972,51.12060953313561,15.605238699588764,42.510822664396976,72.10696502568601,26.367472285512047,13.452791982404106,39.282152588619994,27.443695644104377,71.03074166709368,67.26395991202052,9.147898548034792,37.6678175507315,68.87829494990902,0.043896646454031296,0.04304088792548541,0.0423579652064556,0.04138140871155448,0.039927737593813704,0.043227131426186324,0.04066328758503835,0.042543046277066975,0.04231401538970046,0.041374108290437264,0.04116208584406586
862,38.372178814689114,17.87197369451274,46.78251937681276,25.756667971503653,19.448912549910922,30.4874845376982,18.923266264778196,44.679934236281845,6.833401706725459,41.52605652548548,46.78251937681276,24.17972911610547,9.461633132389098,33.115715963361836,23.654082830972744,53.09027479840549,43.62864166601639,4.730816566194549,34.69265481876002,48.35945823221094,0.042911270912775565,0.044282186015991334,0.042574473521427535,0.04511873676054094,0.042345140727315676,0.042441654880011385,0.04380348119600986,0.04268021481620867,0.04359165668762226,0.04324322480012713,0.04136167454924188
863,39.641216813324384,19.027784070395704,47.569460175989256,25.370378760527604,20.61343274292868,24.31327964550562,20.084883185417688,41.75541504336835,5.814045132620909,39.11266725581339,52.854955751099176,19.556333627906696,7.399693805153885,32.241523008170496,19.556333627906696,57.611901768698104,49.683658406033224,5.814045132620909,29.070225663104548,61.31174867127504,0.04505086659200053,0.044607463926164416,0.04066006015773061,0.043262136176332525,0.043366722443154114,0.043833926211336235,0.041150001799296836,0.042144627227311895,0.04243334995343936,0.041895041701981606,0.043046246300260285
864,46.60869219150274,21.715413407404686,43.43082681480937,33.897230684729266,23.30434609575137,33.36758645528037,27.54149993134253,51.90513448599169,13.24110573622237,41.31224989701379,70.442682516703,20.656124948506896,5.8260865239378425,42.90118258536047,27.011855701893634,69.91303828725411,56.142288321582846,5.8260865239378425,32.837942225831476,66.20552868111184,0.04343818391739469,0.04338949960912701,0.04258871823458971,0.043729995354906036,0.04172005401691275,0.04249403279959238,0.04169371069670893,0.04257973126708976,0.04351233669765344,0.04254737226886044,0.04266213568827003
865,46.5272802467286,22.206201935938648,43.88368477816447,33.8380219976208,23.2636401233643,32.78058381019515,27.4933928730669,50.7570329964312,12.6892582491078,40.71137021588752,67.6760439952416,21.148763748512998,6.3446291245539,44.412403871877295,29.079550154205375,69.26220127638007,54.9867857461338,5.815910030841075,32.78058381019515,67.14732490152878,0.04355545725013311,0.04366136732830236,0.04260626710577202,0.04376247754845849,0.04204302450296844,0.0427587389201859,0.04148889931998451,0.042498618043319086,0.04363703760789533,0.042806109183675486,0.04246290947648031
866,42.23568746307496,22.989045074838266,45.443461194447735,27.80070567189744,18.177384477779096,33.14699522418541,19.24664238823669,32.61236626895661,10.692579104575938,40.09717164215977,65.22473253791323,18.177384477779096,10.157950149347142,26.19681880621105,21.919787164380672,49.185863881049315,62.55158776176924,4.2770316418303755,25.66218985098225,43.839574328761344,0.044322666236070674,0.0425655082878096,0.041341318949421633,0.041651871480191956,0.0428973736369686,0.0429890654388111,0.04033758623904081,0.041941713166082084,0.04319561758640845,0.041378355940908836,0.04274996780948948
867,39.62914060666029,19.021987491196942,47.55496872799235,25.36264998826259,20.607153115463355,23.777484363996177,20.607153115463355,41.21430623092671,5.8122739556435095,40.68591768950457,53.895631225058004,19.021987491196942,6.340662497065647,32.23170102675037,19.550376032619077,56.537573932168684,49.6685228936809,5.8122739556435095,29.06136977821755,61.293070804967925,0.044859579745016046,0.04452457225146539,0.04094013162742973,0.043186952042761545,0.04337814556158595,0.043691506459578006,0.04114127455825285,0.04212781816829461,0.042531435991274784,0.042092859510821055,0.04313718266138287
868,23.37717860207598,17.786983718970856,47.2625567389797,22.86897906724824,19.819781858281807,22.86897906724824,27.44277488069789,39.639563716563615,5.0819953482773865,44.213359530013264,47.2625567389797,30.491972089664323,18.295183253798594,32.01657069414754,19.31158232345407,43.705159995185525,29.983772554836584,6.606593952760603,30.491972089664323,47.770756273807436,0.046111966935548934,0.047254025060357925,0.045197663897772085,0.0439637504433751,0.04366922718147244,0.0449591601402079,0.04397237837272731,0.04450381801895489,0.04538844951323126,0.04276853320064314,0.04401149240797038
869,37.78326137062156,18.36686316627437,43.030936560985666,25.713608432784117,19.416398204347193,30.436516104111814,20.46593324242001,45.13000663713131,6.821977747473338,40.93186648484002,48.80337927038618,23.614538356638477,9.9705828616918,33.06035369929387,22.040235799529245,57.724427094005165,43.030936560985666,4.722907671327695,33.06035369929387,47.22907671327695,0.04280644780246271,0.04322816577922496,0.04371870301650263,0.044941598106636844,0.0427766308526138,0.0426514515293958,0.043644156849412676,0.04284505027079156,0.043445188255851454,0.042844144964878525,0.04233094353581852
870,36.13269427055556,19.37550272479066,43.987627807632855,24.61212508284219,19.37550272479066,30.372409676698876,21.470151668011273,43.987627807632855,7.331271301272142,38.22734321377617,46.08227675085347,23.564800611231885,9.949582480297908,34.03804532733495,21.470151668011273,57.60284593856683,44.51129004343801,4.712960122246377,33.514383091529794,49.747912401489536,0.042962203694023704,0.043495841942779334,0.04366280381697619,0.04509797249720399,0.042651430296443034,0.042743470950378726,0.04422385464537406,0.042868256945903314,0.04375365703769811,0.04280862675160253,0.04206964561646405
871,37.82393499773217,17.861302637817968,44.12792416402086,24.16529180410666,19.43729992939014,30.469280970395353,21.013297220962315,45.70392145559303,7.879986457860867,41.50126201140057,47.805251177689264,24.16529180410666,9.9813161799571,34.146607984063756,22.06396208201043,54.63457277450201,44.653256594544914,4.727991874716521,32.570610692491584,47.279918747165205,0.04282263716338124,0.04332555791198958,0.04367718333879499,0.04487261907540189,0.04258491999737517,0.04249100881119535,0.043527627257194765,0.0430199761708507,0.04337824968041326,0.0427094716991684,0.04225831837017676
872,36.27161460076355,17.34729393949561,40.47701919215642,24.70675197443314,18.924320661267938,26.809454270129578,21.552698530888485,45.20809935747341,10.513511478482187,39.4256680443082,50.4648550967145,25.75810312228136,8.41080918278575,35.74593902683944,24.70675197443314,55.721610835955595,47.31080165316984,4.7310801653169845,33.11756115721889,46.785126079245735,0.042570465649898886,0.04420403785227944,0.04340318810820006,0.04397227152379503,0.04293313532069004,0.04238473274257079,0.043295046189678964,0.04314628635130933,0.04343972186731183,0.04316218101888715,0.04181335945126919
873,58.1167688451232,23.86938720424703,51.889972183145716,32.6906824753818,23.86938720424703,30.61508358805597,25.4260863697414,54.484470792303,9.859094714797685,39.9552785810222,64.86246522893214,25.4260863697414,8.302395549303315,38.39857941552783,30.61508358805597,49.29547357398843,52.92777162680863,7.2645961056404,34.76628136270763,63.30576606343777,0.04527273749852517,0.043775857342065655,0.044433458448839266,0.044431704549930895,0.043624397779812064,0.04396726793668083,0.042228233103504945,0.042860534299305524,0.045422961586159986,0.043030633196405516,0.042052492427313105
874,45.73599592718382,21.828543510701373,55.610813229643966,36.90063307761422,20.78908905781083,36.90063307761422,30.663906360270975,42.6176325685122,15.591816793358122,42.6176325685122,66.52508498499465,29.624451907380433,14.03263511402231,39.49926920984058,25.466634095818264,58.20944936187032,61.84753994698722,10.914271755350686,42.09790534206693,64.96590330565884,0.04532504576839576,0.04390632650282583,0.042562303420409044,0.04457785544746385,0.04323148589235646,0.04530599973604587,0.0427138874190251,0.0438072063289087,0.043298682651480104,0.04286731045706461,0.042676669930753884
875,42.79148622028614,22.465530265650223,45.465954109054024,26.744678887678837,18.18638164362161,34.23318897622891,21.39574311014307,32.62850824296818,9.093190821810804,41.72169906477899,65.25701648593636,16.58170091036088,10.162977977317958,27.279572465432416,21.39574311014307,49.74510273108264,61.512761441661326,4.279148622028614,26.209785309925262,42.25659264253257,0.04439656743612025,0.04258658864784529,0.04158199360302767,0.04153394773009695,0.042760471096993054,0.04289426475177892,0.0406121350869135,0.042252301023760944,0.04282940677192271,0.04095358105568414,0.04270516504227983
876,46.66061371998898,21.73960411954032,43.47920823908064,33.404757549537564,23.33030685999449,32.34428905590145,27.57218083453894,51.43272194135149,13.78609041726947,39.23733426453619,68.93045208634736,22.269838366358375,6.893045208634735,43.47920823908064,28.632649328175056,70.52115482680152,56.204830162713996,5.8325767149986225,31.814054809083395,66.27928085225707,0.043516106535080784,0.04356477292573765,0.04263132387843662,0.043498314493851484,0.04177399925222344,0.04258414521355198,0.041435247060790395,0.042625563895451815,0.04352538547873033,0.04229943664935149,0.04231145779873751
877,43.441904028747054,22.525431718609585,45.58718324004321,26.279670338377848,18.234873296017284,35.93342678921053,20.380152507313433,32.7155079722663,9.117436648008642,39.687665408978795,67.03997535300472,16.62591388754517,10.190076253656716,26.279670338377848,21.45279211296151,49.87774166263551,62.749416930412416,4.2905584225923015,26.279670338377848,42.90558422592302,0.04425907443431627,0.042370969777989625,0.041341560397574036,0.04124578714787077,0.04262412181318754,0.042830776421748144,0.04033803804506935,0.04200689392712774,0.04272489855343249,0.04107996013119945,0.04285811652644685
878,28.99946238176805,21.231749243794468,40.90995585999421,28.481614839236478,20.19605415873132,25.892377126578616,21.231749243794468,42.981346030120505,9.839103308099874,38.83856568986793,45.57058374277837,27.445919754173335,9.839103308099874,36.767175519741635,23.303139413920757,56.963229678472956,44.53488865771522,4.142780340252579,28.99946238176805,49.713364083030946,0.043875122242020795,0.045583392346071436,0.042828526176996076,0.044769560987252155,0.0439227119709311,0.042911526832764314,0.04521394380530142,0.04447639723700163,0.043519000690137775,0.04306211532228122,0.041990159857669754
879,42.28503779493397,22.480653004901605,45.49655965277705,26.762682148692384,18.19862386111082,33.7209795073524,20.87489207598006,32.65047222140471,9.09931193055541,41.74978415196012,66.37145172875711,17.128116575163126,10.169819216503106,26.762682148692384,21.945399361927755,49.77858879656784,61.55416894199249,4.282029143790782,26.22742850571854,42.82029143790782,0.04432718827818554,0.04250184048766942,0.04140644261399207,0.041475614565430724,0.04271301779019139,0.043133272248668295,0.040608845816551616,0.04217769094461696,0.04285520936429386,0.04086208813883123,0.042685146777721235
880,33.12617436365352,19.98086707648942,44.69404477635792,26.81642686581475,18.403430202029732,32.60036207216695,20.506679367975984,44.69404477635792,9.464621246758147,38.38429727851915,48.374730816763865,21.03249165946255,9.99043353824471,31.548737489193822,22.084116242435677,53.6328537316295,48.374730816763865,4.732310623379074,33.65198665514008,51.003792274196684,0.04241954936099932,0.04342582529821915,0.04307712656580539,0.04468428085277792,0.04266838248371806,0.041640811419837144,0.04405442942876908,0.043595667151556876,0.04404752774124433,0.04289258641201662,0.04168152179849231
881,46.7898369954106,23.1320542449221,59.40732112900448,37.3267238952152,25.760696772754155,29.440796311719033,22.606325739355686,52.04712205107472,11.56602712246105,47.84129400654343,70.97334825146552,24.18351125605492,10.514570111328226,35.74953837851597,25.234968267187742,59.93304963457089,59.40732112900448,8.937384594628993,39.95536642304726,58.88159262343807,0.04464040883670112,0.0437998072638476,0.04285388450140565,0.043139877813821725,0.04206195269741032,0.04377918320112171,0.04226974668315699,0.042759873494566565,0.04391182534783625,0.04259462931562112,0.04246030527809967
882,30.01720900233016,20.701523449882867,41.403046899765734,28.464594743588943,20.183985363635795,25.876904312353584,21.73659962237701,42.43812307225988,9.31568555244729,37.78028029603623,46.06088967598938,28.464594743588943,9.833223638694362,36.74520412354209,22.771675794871154,55.89411331468374,44.508275417248164,4.140304689976574,28.982132829836015,50.201194365965954,0.04418157098153402,0.04548285429200763,0.04278579368890814,0.04460117373346739,0.04389782834502518,0.04300647096410159,0.0452264839796404,0.04466759345726621,0.04350605003581235,0.04320340093774121,0.04190269333742417
883,37.74800106185344,18.87400053092672,44.56361236468808,24.11677845618414,19.39827832345246,29.8838341739673,19.39827832345246,44.03933457216234,7.33988909536039,39.8451122319564,50.854945874996986,24.11677845618414,9.43700026546336,33.5537787216475,23.068222871132654,54.52489042267718,45.612167949739565,4.71850013273168,31.98094534407027,46.13644574226531,0.042830528868923086,0.04405510874805098,0.04320035156288417,0.044649222268567275,0.042878381940993644,0.04249919105427207,0.04330966696505562,0.043364815385148796,0.044291066230908685,0.04324586657466682,0.04139800787478677
884,34.3430747504568,13.951874117373075,46.14850669592632,22.001032262011385,19.317979547131948,30.586800949625587,19.854590090107838,48.29494886782987,11.805431945469525,38.635959094263896,46.14850669592632,23.61086389093905,10.73221085951775,34.879685293432686,21.4644217190355,60.100380813299395,45.07528560997455,4.829494886782987,35.95290637938446,55.8074964694923,0.04153338633569452,0.043321341742650295,0.042577392181382116,0.04346513652743527,0.041697337657582295,0.04045862394318868,0.04211587210470735,0.04226119619684629,0.043141089784924015,0.042348051252812,0.04047002929688962
885,38.38478963885291,18.403666265203448,43.11716096419094,23.66185662669015,19.455304337500788,31.023323132771527,19.981123373649456,44.168799036488274,8.41310457837872,41.01388481959626,49.42698939797497,23.136037590541477,9.464742650676058,33.1265992773662,22.61021855439281,56.26263686790768,45.22043710878562,4.732371325338029,33.1265992773662,46.272075181082954,0.042738514749593,0.04390200143930073,0.04310858316227405,0.04479346767708401,0.04306223538935457,0.0422746754968259,0.043002604478079576,0.04296845146638586,0.04407331286605104,0.04309498414412008,0.0411621329822613
886,34.84608289281899,16.367099540566496,42.237676233719995,22.702750975624497,19.534925258095495,31.678257175289993,21.646809069781497,44.349560045405994,8.447535246743998,36.42999575158349,50.68521148046399,26.398547646074995,9.503477152586997,35.37405384574049,23.758692881467496,55.43695005675749,48.57332766877799,5.279709529214999,34.31811193989749,49.62926957462099,0.0421200222882015,0.04397541090149847,0.0426447557667498,0.04463529420203206,0.0433660431141597,0.04240092403111289,0.04243755744174194,0.04311255662793985,0.04294185185766676,0.04242363753835399,0.04197099330904317
887,48.79459185891524,21.74541593712527,44.55158387118348,31.8225599079882,22.80616793405821,31.8225599079882,28.10992791872291,53.037599846647,13.789775960128221,38.71744788805231,68.9488798006411,21.2150399386588,6.8948879800641105,42.4300798773176,27.579551920256442,70.54000779604051,57.28060783437876,5.83413598313117,33.41368790338761,65.2362478113758,0.04362042008811994,0.0434524206352587,0.042024441821768684,0.0434015763208087,0.04190798340064514,0.04282812965772542,0.04152724848732206,0.04260073974936675,0.043348803005360356,0.04251483962058787,0.0423973987465664
888,37.941722316131326,17.389956061560188,43.73837433665138,24.2405448130839,19.497829523567486,30.564165199105787,20.02479788906931,43.73837433665138,9.485430579032831,39.522627412636794,49.535026357171446,22.65963971657843,9.485430579032831,33.19900702661491,22.65963971657843,54.80471001218969,45.31927943315686,4.742715289516416,32.14507029561126,46.900184529662326,0.04220364231640382,0.04375082991869415,0.04296187618782512,0.044443805497341594,0.042670697830610664,0.04240333564938622,0.04317385279947682,0.04298545088151139,0.04424524172451159,0.042857264974379895,0.04133563671803493
889,37.65798115778167,18.828990578890835,43.41128383466498,24.582293255774143,19.352018094971136,28.76651338441655,18.828990578890835,43.934311350745276,7.322385225124213,40.27311873818317,50.21064154370889,23.01321070753324,9.414495289445417,33.47376102913926,22.49018319145294,53.87183415627099,45.50339389898618,4.707247644722709,31.904678480898358,45.50339389898618,0.043062254540921385,0.044076960478771555,0.043295759628526914,0.044756478039068744,0.04292090916426122,0.04265665186530109,0.04344169660599885,0.04327710063496043,0.04450169822523673,0.04339596628805243,0.04158700844859978
890,36.37036341436275,16.340308200655727,41.11432385971441,24.774015659058684,18.97584178140665,26.35533580750924,20.557161929857205,45.33117758891589,11.06924103915388,39.53300371126386,50.60224475041774,25.30112237520887,8.96081417455314,35.84325669821256,24.246908942908497,54.819098479619214,47.43960445351663,4.743960445351663,32.680616401311454,45.85828430506607,0.0424285667207914,0.043976451159039746,0.043351437805453356,0.04380988459958335,0.042701651828010265,0.04221510527521897,0.043235095294275355,0.042833000709018965,0.04355043994857769,0.042985362679997245,0.04180628782984888
891,36.25634029533245,17.33998883689813,40.4599739527623,24.696347737400366,18.91635145843432,26.79816456611529,21.543622494327977,45.18906181737088,10.509084143574624,39.40906553840484,49.91814968197946,25.747256151757828,8.407267314859698,36.25634029533245,24.696347737400366,55.6981459609455,47.2908786460858,4.72908786460858,33.10361505226006,46.765424438907075,0.042583203786846546,0.04423140943772981,0.043448112139487446,0.04399308386662133,0.042924272860208994,0.04239868315392807,0.043307471733493225,0.04314906465510752,0.04346798695978686,0.04318557255336033,0.04185693167469875
892,30.201361153454926,19.787098686746333,41.13633674349895,28.639221783448637,20.307811810081763,26.556369290106918,20.828524933417192,42.698476113505244,11.455688713379455,39.574197373492666,45.82275485351782,28.639221783448637,10.414262466708596,36.970631756815514,23.43209055009434,58.31986981356813,44.26061548351153,4.165704986683438,28.639221783448637,47.90560734685954,0.04372277371004539,0.04559997181116559,0.04241897034697857,0.044349505978459665,0.04385146042195993,0.04265974895162534,0.04471401029621554,0.04419676615679924,0.04328035918130702,0.04288567147869164,0.04160763833132223
893,29.477162093488104,21.20287097952653,41.371455569807864,28.44287570424291,20.168584590281334,25.340016536507317,20.685727784903932,42.40574195905306,9.825720697829368,39.30288279131747,45.508601126788655,28.44287570424291,10.342863892451966,36.71716681820448,23.271443758016925,56.36860821386322,43.95717154292086,4.137145556980786,28.960018898865506,49.12860348914684,0.043976325568586196,0.04559471570539067,0.04289855527722557,0.04476227707191307,0.04402072590027763,0.04302158246533031,0.04521784548268768,0.04453123640948787,0.043612865878339034,0.04317282360429706,0.04204785201386653
894,35.05676782211165,16.46605761341608,52.58515173316748,27.620483738633425,21.777689101614815,30.276299482732792,20.184199655155194,52.05398858434761,4.780468339378862,37.71258356621102,59.490272667825835,24.964667994534057,10.092099827577597,33.99444152447191,22.30885225043469,48.867009691428365,52.58515173316748,4.249305190558989,35.58793097093153,49.39817284024824,0.04387319205361487,0.043512631989012715,0.041385950905672216,0.04319660301560163,0.04244025029067943,0.0430417940653061,0.040546974411199546,0.042046536940305204,0.04276067032839598,0.04359478505006747,0.0424374621302712
895,42.27905400894522,22.47747175159113,45.490121402029665,27.294072841217798,18.196048560811864,34.2513855262341,20.336760156201496,32.64585182969188,9.63320217925334,41.2086982112504,65.82688155823116,17.12569276311705,10.168380078100748,26.75889494237039,21.407115953896312,49.77154459280893,62.08063626629931,4.281423190779263,26.22371704352298,42.814231907792625,0.04434543326533068,0.042552844183718644,0.04145011507063585,0.041496292197758126,0.042606315643377586,0.04306261405725677,0.040600031577283896,0.04226241162750872,0.04280202942992915,0.040953114725590746,0.04269089937420208
896,37.04437392501539,20.348318071487327,39.65313265212915,27.131090761983106,18.783062835219074,31.30510472536512,19.826566326064576,43.82714661551117,9.913283163032288,38.60962916128365,50.088167560584196,22.435325053178335,9.913283163032288,35.479118688747135,22.95707679860109,48.001160578893185,48.52291232431594,4.695765708804768,33.39211170705613,46.43590534262493,0.04339860286921103,0.044019907976317454,0.04416938093771058,0.04422851855376263,0.042487428648462035,0.04282483048392204,0.04335010063958335,0.04338837950400671,0.043890674758271984,0.04411799386450669,0.04237243634149364
897,37.07650279267381,20.365966322736316,40.209728380787084,26.632417498962873,18.799353528679674,31.33225588113279,19.843762058050768,43.86515823358591,10.44408529371093,38.643115586730445,50.13160940981247,22.4547833814785,9.921881029025384,35.50988999861716,22.976987646164048,47.520588086384734,48.56499661575583,4.699838382169919,33.421072939874975,46.476179557013644,0.04325658450140369,0.043887184749217996,0.04400367170746806,0.04409390710274215,0.04254741916732447,0.04279521995962113,0.04328909099041179,0.0434177246072618,0.044073506934845665,0.044099093501130636,0.04233233209302603
898,37.04050185674819,20.346191160749008,39.12729069374809,27.128254880998675,18.781099532999082,31.301832554998473,19.824493951499033,43.82256557699786,9.912246975749516,38.605593484498115,50.082932087997555,22.432979997748905,9.912246975749516,35.47541022899827,22.95467720699888,48.51784046024763,48.51784046024763,4.695274883249771,33.38862139199837,46.43105162324773,0.043375870445620315,0.044002890236924705,0.044165510172988996,0.04422320275086206,0.04251827426488695,0.042858606333033386,0.04333974920459483,0.04337876388341991,0.04388861779684255,0.0441631064929548,0.042388199167896934
899,37.06448466191231,20.35936481428986,39.67465963810332,26.62378475714828,18.793259828575255,31.322099714292094,19.83732981905166,44.372974595247136,9.91866490952583,38.63058964762692,50.11535954286735,22.44750479524267,9.91866490952583,35.49837967619771,22.96953979048087,48.02721956191454,48.54925455715274,4.698314957143814,33.410239695244904,46.46111457619994,0.043250286124552034,0.044036401825168985,0.04405401407497726,0.04411134252106648,0.04245944237958065,0.04275875519229965,0.043349136834479725,0.043408921765537366,0.044048114182029856,0.04411942519679224,0.04236916466531422
900,37.05281611762897,20.352955332218734,40.1840400148934,26.615403126747573,18.78734338358652,31.312238972644202,20.352955332218734,43.83713456170189,9.915542341337332,38.61842806626118,50.09958235623073,22.440437930395014,9.915542341337332,35.48720416899676,22.962308579939084,47.49022910851038,48.53397040759852,4.69683584589663,33.39972157082048,46.44648780942224,0.04322997673475753,0.04398017449403311,0.044053055067157496,0.04413715208586124,0.04255007114165953,0.04279190099878382,0.04334481614625853,0.043449499952816446,0.044070739089542746,0.04416865429663343,0.04235331044842596
901,37.45846722131894,24.29738414355823,41.001835742254514,22.272602131595043,20.247820119631857,22.77879763458584,23.791188640567434,39.98944473627292,9.617714556825133,26.82836165851221,52.13813680805203,20.754015622622656,10.630105562806726,29.865534676456992,20.247820119631857,43.026617754217696,41.50803124524531,10.630105562806726,26.322166155521415,48.59476828711646,0.04675705030644819,0.04669280827294353,0.043329669899173875,0.04467870859788138,0.04293045799346002,0.04520846464343342,0.04504741394147888,0.04634151814655596,0.044315303360806135,0.043826910866223305,0.04467619098079878
902,37.56478159366392,23.35108045011541,41.118206879551046,22.335816082719088,20.305287347926445,23.35108045011541,24.366344817511735,39.59531032845656,9.64501149026506,26.904505736002537,52.28611492091059,20.812919531624605,11.167908041359544,29.950298838191504,20.305287347926445,43.656367798041856,41.62583906324921,10.660275857661382,26.396873552304378,48.225057451325306,0.04653020289156125,0.04631118888487069,0.043094871002380394,0.04462556155035483,0.04303621600890086,0.045062254674770506,0.044841770111138865,0.046185165373059146,0.044197850793898916,0.04371251718899837,0.04477021782190495
903,37.56478159366392,23.35108045011541,41.118206879551046,22.335816082719088,20.305287347926445,23.35108045011541,24.366344817511735,39.59531032845656,9.64501149026506,26.904505736002537,52.28611492091059,20.812919531624605,11.167908041359544,29.950298838191504,20.305287347926445,43.656367798041856,41.62583906324921,10.660275857661382,26.396873552304378,48.225057451325306,0.04653020289156125,0.04631118888487069,0.043094871002380394,0.04462556155035483,0.04303621600890086,0.045062254674770506,0.044841770111138865,0.046185165373059146,0.044197850793898916,0.04371251718899837,0.04477021782190495
904,37.56478159366392,23.35108045011541,41.118206879551046,22.335816082719088,20.305287347926445,23.35108045011541,24.366344817511735,39.59531032845656,9.64501149026506,26.904505736002537,52.28611492091059,20.812919531624605,11.167908041359544,29.950298838191504,20.305287347926445,43.656367798041856,41.62583906324921,10.660275857661382,26.396873552304378,48.225057451325306,0.04653020289156125,0.04631118888487069,0.043094871002380394,0.04462556155035483,0.04303621600890086,0.045062254674770506,0.044841770111138865,0.046185165373059146,0.044197850793898916,0.04371251718899837,0.04477021782190495
905,37.56478159366392,23.35108045011541,41.118206879551046,22.335816082719088,20.305287347926445,23.35108045011541,24.366344817511735,39.59531032845656,9.64501149026506,26.904505736002537,52.28611492091059,20.812919531624605,11.167908041359544,29.950298838191504,20.305287347926445,43.656367798041856,41.62583906324921,10.660275857661382,26.396873552304378,48.225057451325306,0.04653020289156125,0.04631118888487069,0.043094871002380394,0.04462556155035483,0.04303621600890086,0.045062254674770506,0.044841770111138865,0.046185165373059146,0.044197850793898916,0.04371251718899837,0.04477021782190495
906,37.56478159366392,23.35108045011541,41.118206879551046,22.335816082719088,20.305287347926445,23.35108045011541,24.366344817511735,39.59531032845656,9.64501149026506,26.904505736002537,52.28611492091059,20.812919531624605,11.167908041359544,29.950298838191504,20.305287347926445,43.656367798041856,41.62583906324921,10.660275857661382,26.396873552304378,48.225057451325306,0.04653020289156125,0.04631118888487069,0.043094871002380394,0.04462556155035483,0.04303621600890086,0.045062254674770506,0.044841770111138865,0.046185165373059146,0.044197850793898916,0.04371251718899837,0.04477021782190495
907,37.56478159366392,23.35108045011541,41.118206879551046,22.335816082719088,20.305287347926445,23.35108045011541,24.366344817511735,39.59531032845656,9.64501149026506,26.904505736002537,52.28611492091059,20.812919531624605,11.167908041359544,29.950298838191504,20.305287347926445,43.656367798041856,41.62583906324921,10.660275857661382,26.396873552304378,48.225057451325306,0.04653020289156125,0.04631118888487069,0.043094871002380394,0.04462556155035483,0.04303621600890086,0.045062254674770506,0.044841770111138865,0.046185165373059146,0.044197850793898916,0.04371251718899837,0.04477021782190495
908,37.56478159366392,23.35108045011541,41.118206879551046,22.335816082719088,20.305287347926445,23.35108045011541,24.366344817511735,39.59531032845656,9.64501149026506,26.904505736002537,52.28611492091059,20.812919531624605,11.167908041359544,29.950298838191504,20.305287347926445,43.656367798041856,41.62583906324921,10.660275857661382,26.396873552304378,48.225057451325306,0.04653020289156125,0.04631118888487069,0.043094871002380394,0.04462556155035483,0.04303621600890086,0.045062254674770506,0.044841770111138865,0.046185165373059146,0.044197850793898916,0.04371251718899837,0.04477021782190495
909,37.56478159366392,23.35108045011541,41.118206879551046,22.335816082719088,20.305287347926445,23.35108045011541,24.366344817511735,39.59531032845656,9.64501149026506,26.904505736002537,52.28611492091059,20.812919531624605,11.167908041359544,29.950298838191504,20.305287347926445,43.656367798041856,41.62583906324921,10.660275857661382,26.396873552304378,48.225057451325306,0.04653020289156125,0.04631118888487069,0.043094871002380394,0.04462556155035483,0.04303621600890086,0.045062254674770506,0.044841770111138865,0.046185165373059146,0.044197850793898916,0.04371251718899837,0.04477021782190495
910,37.56478159366392,23.35108045011541,41.118206879551046,22.335816082719088,20.305287347926445,23.35108045011541,24.366344817511735,39.59531032845656,9.64501149026506,26.904505736002537,52.28611492091059,20.812919531624605,11.167908041359544,29.950298838191504,20.305287347926445,43.656367798041856,41.62583906324921,10.660275857661382,26.396873552304378,48.225057451325306,0.04653020289156125,0.04631118888487069,0.043094871002380394,0.04462556155035483,0.04303621600890086,0.045062254674770506,0.044841770111138865,0.046185165373059146,0.044197850793898916,0.04371251718899837,0.04477021782190495
911,37.56478159366392,23.35108045011541,41.118206879551046,22.335816082719088,20.305287347926445,23.35108045011541,24.366344817511735,39.59531032845656,9.64501149026506,26.904505736002537,52.28611492091059,20.812919531624605,11.167908041359544,29.950298838191504,20.305287347926445,43.656367798041856,41.62583906324921,10.660275857661382,26.396873552304378,48.225057451325306,0.04653020289156125,0.04631118888487069,0.043094871002380394,0.04462556155035483,0.04303621600890086,0.045062254674770506,0.044841770111138865,0.046185165373059146,0.044197850793898916,0.04371251718899837,0.04477021782190495
912,38.01620030758182,19.268485087404486,40.09927977649041,26.038493361357414,18.747715220177337,26.55926322858456,18.747715220177337,44.2654387143076,8.332317875634372,40.620049643717564,51.03544698826053,23.95541389244882,8.85308774286152,33.32927150253749,23.434644025221672,54.680836058850566,44.78620858153475,4.686928805044334,33.85004136976464,44.2654387143076,0.04262306049717996,0.04433582080398138,0.0434789026999735,0.0447516359661631,0.043221642439201666,0.042831055745448626,0.044252692212694976,0.04360388588896589,0.04436324333122469,0.04361176937666445,0.04215642381135351
913,37.56478159366392,23.35108045011541,41.118206879551046,22.335816082719088,20.305287347926445,23.35108045011541,24.366344817511735,39.59531032845656,9.64501149026506,26.904505736002537,52.28611492091059,20.812919531624605,11.167908041359544,29.950298838191504,20.305287347926445,43.656367798041856,41.62583906324921,10.660275857661382,26.396873552304378,48.225057451325306,0.04653020289156125,0.04631118888487069,0.043094871002380394,0.04462556155035483,0.04303621600890086,0.045062254674770506,0.044841770111138865,0.046185165373059146,0.044197850793898916,0.04371251718899837,0.04477021782190495
914,37.56478159366392,23.35108045011541,41.118206879551046,22.335816082719088,20.305287347926445,23.35108045011541,24.366344817511735,39.59531032845656,9.64501149026506,26.904505736002537,52.28611492091059,20.812919531624605,11.167908041359544,29.950298838191504,20.305287347926445,43.656367798041856,41.62583906324921,10.660275857661382,26.396873552304378,48.225057451325306,0.04653020289156125,0.04631118888487069,0.043094871002380394,0.04462556155035483,0.04303621600890086,0.045062254674770506,0.044841770111138865,0.046185165373059146,0.044197850793898916,0.04371251718899837,0.04477021782190495
915,37.56478159366392,23.35108045011541,41.118206879551046,22.335816082719088,20.305287347926445,23.35108045011541,24.366344817511735,39.59531032845656,9.64501149026506,26.904505736002537,52.28611492091059,20.812919531624605,11.167908041359544,29.950298838191504,20.305287347926445,43.656367798041856,41.62583906324921,10.660275857661382,26.396873552304378,48.225057451325306,0.04653020289156125,0.04631118888487069,0.043094871002380394,0.04462556155035483,0.04303621600890086,0.045062254674770506,0.044841770111138865,0.046185165373059146,0.044197850793898916,0.04371251718899837,0.04477021782190495
916,37.56478159366392,23.35108045011541,41.118206879551046,22.335816082719088,20.305287347926445,23.35108045011541,24.366344817511735,39.59531032845656,9.64501149026506,26.904505736002537,52.28611492091059,20.812919531624605,11.167908041359544,29.950298838191504,20.305287347926445,43.656367798041856,41.62583906324921,10.660275857661382,26.396873552304378,48.225057451325306,0.04653020289156125,0.04631118888487069,0.043094871002380394,0.04462556155035483,0.04303621600890086,0.045062254674770506,0.044841770111138865,0.046185165373059146,0.044197850793898916,0.04371251718899837,0.04477021782190495
917,37.56478159366392,23.35108045011541,41.118206879551046,22.335816082719088,20.305287347926445,23.35108045011541,24.366344817511735,39.59531032845656,9.64501149026506,26.904505736002537,52.28611492091059,20.812919531624605,11.167908041359544,29.950298838191504,20.305287347926445,43.656367798041856,41.62583906324921,10.660275857661382,26.396873552304378,48.225057451325306,0.04653020289156125,0.04631118888487069,0.043094871002380394,0.04462556155035483,0.04303621600890086,0.045062254674770506,0.044841770111138865,0.046185165373059146,0.044197850793898916,0.04371251718899837,0.04477021782190495
918,37.56478159366392,23.35108045011541,41.118206879551046,22.335816082719088,20.305287347926445,23.35108045011541,24.366344817511735,39.59531032845656,9.64501149026506,26.904505736002537,52.28611492091059,20.812919531624605,11.167908041359544,29.950298838191504,20.305287347926445,43.656367798041856,41.62583906324921,10.660275857661382,26.396873552304378,48.225057451325306,0.04653020289156125,0.04631118888487069,0.043094871002380394,0.04462556155035483,0.04303621600890086,0.045062254674770506,0.044841770111138865,0.046185165373059146,0.044197850793898916,0.04371251718899837,0.04477021782190495
919,37.56478159366392,23.35108045011541,41.118206879551046,22.335816082719088,20.305287347926445,23.35108045011541,24.366344817511735,39.59531032845656,9.64501149026506,26.904505736002537,52.28611492091059,20.812919531624605,11.167908041359544,29.950298838191504,20.305287347926445,43.656367798041856,41.62583906324921,10.660275857661382,26.396873552304378,48.225057451325306,0.04653020289156125,0.04631118888487069,0.043094871002380394,0.04462556155035483,0.04303621600890086,0.045062254674770506,0.044841770111138865,0.046185165373059146,0.044197850793898916,0.04371251718899837,0.04477021782190495
920,37.56478159366392,23.35108045011541,41.118206879551046,22.335816082719088,20.305287347926445,23.35108045011541,24.366344817511735,39.59531032845656,9.64501149026506,26.904505736002537,52.28611492091059,20.812919531624605,11.167908041359544,29.950298838191504,20.305287347926445,43.656367798041856,41.62583906324921,10.660275857661382,26.396873552304378,48.225057451325306,0.04653020289156125,0.04631118888487069,0.043094871002380394,0.04462556155035483,0.04303621600890086,0.045062254674770506,0.044841770111138865,0.046185165373059146,0.044197850793898916,0.04371251718899837,0.04477021782190495
921,37.56478159366392,23.35108045011541,41.118206879551046,22.335816082719088,20.305287347926445,23.35108045011541,24.366344817511735,39.59531032845656,9.64501149026506,26.904505736002537,52.28611492091059,20.812919531624605,11.167908041359544,29.950298838191504,20.305287347926445,43.656367798041856,41.62583906324921,10.660275857661382,26.396873552304378,48.225057451325306,0.04653020289156125,0.04631118888487069,0.043094871002380394,0.04462556155035483,0.04303621600890086,0.045062254674770506,0.044841770111138865,0.046185165373059146,0.044197850793898916,0.04371251718899837,0.04477021782190495
922,37.533537233901626,23.331658280533446,40.576797009623384,22.31723835529286,20.288398504811692,23.331658280533446,24.346078205774027,39.562377084382796,9.636989289785554,26.88212801887549,52.24262614989011,21.302818430052277,11.15861917764643,29.925387794597246,20.288398504811692,43.620056785345135,41.591216934863965,10.651409215026138,26.374918056255197,48.18494644892777,0.04649751960240613,0.04628295800549437,0.043159839166389054,0.04469485478693749,0.04311861237959027,0.045066037569526624,0.04493986849202998,0.046264972969850035,0.04421871680234369,0.043786595880862145,0.04476006172427802
923,37.56478159366392,23.35108045011541,41.118206879551046,22.335816082719088,20.305287347926445,23.35108045011541,24.366344817511735,39.59531032845656,9.64501149026506,26.904505736002537,52.28611492091059,20.812919531624605,11.167908041359544,29.950298838191504,20.305287347926445,43.656367798041856,41.62583906324921,10.660275857661382,26.396873552304378,48.225057451325306,0.04653020289156125,0.04631118888487069,0.043094871002380394,0.04462556155035483,0.04303621600890086,0.045062254674770506,0.044841770111138865,0.046185165373059146,0.044197850793898916,0.04371251718899837,0.04477021782190495
924,37.56478159366392,23.35108045011541,41.118206879551046,22.335816082719088,20.305287347926445,23.35108045011541,24.366344817511735,39.59531032845656,9.64501149026506,26.904505736002537,52.28611492091059,20.812919531624605,11.167908041359544,29.950298838191504,20.305287347926445,43.656367798041856,41.62583906324921,10.660275857661382,26.396873552304378,48.225057451325306,0.04653020289156125,0.04631118888487069,0.043094871002380394,0.04462556155035483,0.04303621600890086,0.045062254674770506,0.044841770111138865,0.046185165373059146,0.044197850793898916,0.04371251718899837,0.04477021782190495
925,37.56478159366392,23.35108045011541,41.118206879551046,22.335816082719088,20.305287347926445,23.35108045011541,24.366344817511735,39.59531032845656,9.64501149026506,26.904505736002537,52.28611492091059,20.812919531624605,11.167908041359544,29.950298838191504,20.305287347926445,43.656367798041856,41.62583906324921,10.660275857661382,26.396873552304378,48.225057451325306,0.04653020289156125,0.04631118888487069,0.043094871002380394,0.04462556155035483,0.04303621600890086,0.045062254674770506,0.044841770111138865,0.046185165373059146,0.044197850793898916,0.04371251718899837,0.04477021782190495
926,37.56478159366392,23.35108045011541,41.118206879551046,22.335816082719088,20.305287347926445,23.35108045011541,24.366344817511735,39.59531032845656,9.64501149026506,26.904505736002537,52.28611492091059,20.812919531624605,11.167908041359544,29.950298838191504,20.305287347926445,43.656367798041856,41.62583906324921,10.660275857661382,26.396873552304378,48.225057451325306,0.04653020289156125,0.04631118888487069,0.043094871002380394,0.04462556155035483,0.04303621600890086,0.045062254674770506,0.044841770111138865,0.046185165373059146,0.044197850793898916,0.04371251718899837,0.04477021782190495
927,37.56478159366392,23.35108045011541,41.118206879551046,22.335816082719088,20.305287347926445,23.35108045011541,24.366344817511735,39.59531032845656,9.64501149026506,26.904505736002537,52.28611492091059,20.812919531624605,11.167908041359544,29.950298838191504,20.305287347926445,43.656367798041856,41.62583906324921,10.660275857661382,26.396873552304378,48.225057451325306,0.04653020289156125,0.04631118888487069,0.043094871002380394,0.04462556155035483,0.04303621600890086,0.045062254674770506,0.044841770111138865,0.046185165373059146,0.044197850793898916,0.04371251718899837,0.04477021782190495
928,37.56478159366392,23.35108045011541,41.118206879551046,22.335816082719088,20.305287347926445,23.35108045011541,24.366344817511735,39.59531032845656,9.64501149026506,26.904505736002537,52.28611492091059,20.812919531624605,11.167908041359544,29.950298838191504,20.305287347926445,43.656367798041856,41.62583906324921,10.660275857661382,26.396873552304378,48.225057451325306,0.04653020289156125,0.04631118888487069,0.043094871002380394,0.04462556155035483,0.04303621600890086,0.045062254674770506,0.044841770111138865,0.046185165373059146,0.044197850793898916,0.04371251718899837,0.04477021782190495
929,37.56478159366392,23.35108045011541,41.118206879551046,22.335816082719088,20.305287347926445,23.35108045011541,24.366344817511735,39.59531032845656,9.64501149026506,26.904505736002537,52.28611492091059,20.812919531624605,11.167908041359544,29.950298838191504,20.305287347926445,43.656367798041856,41.62583906324921,10.660275857661382,26.396873552304378,48.225057451325306,0.04653020289156125,0.04631118888487069,0.043094871002380394,0.04462556155035483,0.04303621600890086,0.045062254674770506,0.044841770111138865,0.046185165373059146,0.044197850793898916,0.04371251718899837,0.04477021782190495
930,37.56478159366392,23.35108045011541,41.118206879551046,22.335816082719088,20.305287347926445,23.35108045011541,24.366344817511735,39.59531032845656,9.64501149026506,26.904505736002537,52.28611492091059,20.812919531624605,11.167908041359544,29.950298838191504,20.305287347926445,43.656367798041856,41.62583906324921,10.660275857661382,26.396873552304378,48.225057451325306,0.04653020289156125,0.04631118888487069,0.043094871002380394,0.04462556155035483,0.04303621600890086,0.045062254674770506,0.044841770111138865,0.046185165373059146,0.044197850793898916,0.04371251718899837,0.04477021782190495
931,37.533537233901626,23.331658280533446,40.576797009623384,22.31723835529286,20.288398504811692,23.331658280533446,24.346078205774027,39.562377084382796,9.636989289785554,26.88212801887549,52.24262614989011,21.302818430052277,11.15861917764643,29.925387794597246,20.288398504811692,43.620056785345135,41.591216934863965,10.651409215026138,26.374918056255197,48.18494644892777,0.04649751960240613,0.04628295800549437,0.043159839166389054,0.04469485478693749,0.04311861237959027,0.045066037569526624,0.04493986849202998,0.046264972969850035,0.04421871680234369,0.043786595880862145,0.04476006172427802
932,35.60119445274654,18.324144203619543,46.072133997672,26.70089583955991,19.37123815811209,28.795083748545,21.46542606709718,42.40730515694809,6.806110704201545,39.266023293470454,47.64277492941081,24.606707930574817,9.94739256767918,33.507006543761456,23.036066998836,54.44888563361236,45.02504004317945,4.711922795216454,34.554100498254,47.64277492941081,0.04232161289712358,0.04406275497664493,0.04305746466174042,0.04479782662102672,0.04301306871307206,0.04260864171033652,0.04427120482554624,0.04336493115421476,0.04387149702781506,0.043029859550695916,0.04205416061551119
933,42.858009656757915,22.500455069797905,45.53663526030528,26.786256035473695,18.214654104122115,34.28640772540633,20.893279707669482,32.67923236327791,10.178777293480005,40.17938405321054,64.82273960584634,16.607478741993692,10.178777293480005,27.32198115618317,21.96472994908843,49.82243622598107,62.67983912300845,4.285800965675791,26.250530914764223,42.858009656757915,0.044229874651528445,0.042456813137668165,0.04142112400233622,0.04145274689744934,0.04255357439587105,0.042937545763560715,0.04051957016280439,0.04217900425953214,0.04277580383857051,0.04103947663933133,0.04270934554187381
934,39.87834537278719,17.315597332920753,45.12549607973287,24.661608322644707,19.414457615699025,29.384043958895823,20.463887757088163,44.6007810090383,7.870726060418524,41.452490584870894,48.798501574594844,24.661608322644707,8.92015620180766,34.631194665841505,22.038032969171866,51.42207692806769,45.12549607973287,4.722435636251114,34.106479595146936,46.699641291816576,0.04281263870438871,0.043612453326525524,0.04304020417201613,0.045391591560853754,0.042553257828897524,0.04284014247639323,0.04353326382753312,0.04239464039340997,0.04361777821941714,0.043442496167466836,0.042046462628529804
935,45.7729253208389,17.770665124560985,44.695915313289746,28.54076520005249,17.770665124560985,33.387310234023666,21.001695147208437,32.84880523024909,9.693090067942356,43.6189053057406,63.54359044539988,21.001695147208437,9.693090067942356,30.156280211376217,23.155715162306738,50.619470354810076,57.620035403879555,3.769535026422027,26.925250188728764,41.46488529064229,0.04381507130419931,0.04335247664626709,0.04088458115510745,0.041916085546757006,0.042831896630818024,0.042819817333263725,0.0398073548230604,0.04163026502050487,0.04214917270207562,0.04085034886970772,0.041437926193663634
936,45.29797658424781,19.952680162109154,42.601668454233064,29.120127804159306,17.795633658097355,35.59126731619471,17.795633658097355,35.59126731619471,9.706709268053103,42.06240682823011,63.093610242345164,16.717110406091454,7.010401138038352,27.502342926150458,22.648988292123907,55.54394747830386,61.475825364336316,4.314093008023601,28.04160455215341,41.52314520222716,0.04374441719520808,0.042550880210787775,0.040663519985878756,0.041683947618121976,0.04174701020885151,0.04301957220608583,0.039654252223254444,0.04238312309491554,0.04178675597529597,0.04102111757066204,0.042483777707987974
937,45.29797658424781,19.952680162109154,42.601668454233064,29.120127804159306,17.795633658097355,35.59126731619471,17.795633658097355,35.59126731619471,9.706709268053103,42.06240682823011,63.093610242345164,16.717110406091454,7.010401138038352,27.502342926150458,22.648988292123907,55.54394747830386,61.475825364336316,4.314093008023601,28.04160455215341,41.52314520222716,0.04374441719520808,0.042550880210787775,0.040663519985878756,0.041683947618121976,0.04174701020885151,0.04301957220608583,0.039654252223254444,0.04238312309491554,0.04178675597529597,0.04102111757066204,0.042483777707987974
938,42.06423073951037,21.2983446782331,43.12914797342203,29.81768254952634,17.571134359542306,35.67472733604044,19.16851021040979,33.54489286821713,8.51933787129324,42.06423073951037,60.167823716008506,18.636051593453963,9.584255105204894,29.81768254952634,24.493096379968065,48.98619275993613,59.10290648209685,4.792127552602447,27.155389464747202,41.53177212255454,0.04465169982898385,0.043272196997042704,0.041365594018732216,0.04202202250208466,0.043498625608852155,0.04311001682167479,0.040555576924129505,0.04252952066062189,0.042940954973466026,0.04114083668296565,0.042454338025618904
939,34.60716072183264,18.352282200971857,47.191582802499056,25.6931950813606,19.400984041027392,28.839300601527203,22.022738641166228,42.99677544227692,7.340912880388743,39.32631900208255,47.71593372252683,24.120142321277296,9.962667480527578,33.558458881777106,23.07144048122176,54.008144762860034,45.618530042415756,4.719158280249906,34.60716072183264,47.71593372252683,0.04221297299872017,0.0439615843606056,0.043033551849393205,0.04475170592046795,0.04308673107907512,0.04255583004553378,0.044072219121746616,0.0431439849583636,0.043829753666097454,0.042977129805101905,0.042023616167127284
940,36.81170119063407,18.405850595317034,43.122278537599904,23.664665051121897,19.457613486478007,31.027005289248713,20.50937637763898,43.64815998318039,8.414103129287787,40.49287130969747,49.43285588456575,23.138783605541413,9.46586602044876,33.13053107157066,22.612902159960925,56.26931467711207,45.75168576550234,4.73293301022438,33.13053107157066,47.85521154782428,0.042702681811406525,0.043950316226417104,0.04296142742407834,0.04477435882889366,0.04296587064177576,0.042443397744965,0.04299348868733596,0.04295432933035888,0.04405151322421261,0.04315767380076434,0.041163496699305045
941,29.6813933185025,20.30832174423855,42.69954828275798,28.63994092136206,20.30832174423855,26.036309928510963,20.82904794280877,43.220274481328204,10.414523971404385,38.533738694196224,45.303179275609075,27.598488524221622,9.893797772834166,37.49228629705579,23.43267893565987,56.7591556441539,45.8239054741793,4.165809588561754,28.63994092136206,49.98971506274105,0.04373268753826555,0.04530388376448929,0.04240656104123414,0.0440783588550284,0.04379988738603132,0.042565139298376124,0.0450096258317379,0.04446093569360175,0.043194766799357666,0.04296005969026304,0.0417618955313956
942,30.024268052499398,21.22405155435302,41.930443314697435,27.953628876464954,20.1887319663358,25.365329906421906,21.741711348361633,42.44810310870604,11.388515468189427,38.30682475663716,45.0364020787491,26.918309288447734,10.353195880172207,38.30682475663716,23.29469073038746,55.90725775292991,44.51874228474048,4.141278352068882,28.988948464482178,48.142360842800755,0.04391448598674198,0.045900514635525344,0.042904804457024805,0.04478030813987574,0.04390666746010346,0.04289431041391421,0.045169862983914885,0.04443660372325086,0.04343419000896253,0.04310627022729706,0.04189218795477891
943,34.59372819447817,18.345158891011152,47.17326571974296,25.683222447415613,19.393453684783218,28.82810682873181,22.01419066921338,42.9800865446547,7.33806355640446,39.8352021633385,47.697413116628994,24.11078025675751,9.958800540834625,33.5454334007061,23.062485462985446,53.987181879261385,45.07667613219883,4.717326571974296,34.59372819447817,47.697413116628994,0.04226704558240419,0.04397445351360474,0.04302821924622051,0.044763262157111,0.04312095866643797,0.04254194417176842,0.044087698734465684,0.04317965303906347,0.04384538376713947,0.04303024829174145,0.04201373594401025
944,42.85447662806503,20.382007176762635,54.87463470666863,38.67355207898551,28.743856274921665,27.176009569016845,20.904622745397575,47.03540117714454,9.929695804063847,42.33186105943009,64.80433051073248,29.2664718435566,10.974926941333726,36.583089804445756,27.176009569016845,58.01032811847827,50.693710157589116,7.31661796088915,39.19616764762045,55.39725027530357,0.044028315937749675,0.044576229784297296,0.04429369273897831,0.044106055327085565,0.04247213490727812,0.04338091240862534,0.043519224755007226,0.04350739691295563,0.04401742985278422,0.04149106141077233,0.041991977329526906
945,33.52120093329994,18.331906760398404,45.044113754121796,26.188438229140576,19.379444289564027,29.331050816637447,21.998288112478086,42.94903869579055,8.380300233324984,37.71135104996243,48.18672634161866,24.09336317080933,9.427837762490608,35.616275991631184,23.56959440622652,52.900645222863965,46.61542004787023,4.713918881245304,33.52120093329994,48.71049510620147,0.042574739517889586,0.044039085837999016,0.04272401164869346,0.04506274415880973,0.04293487166763245,0.042664878039784096,0.043865117397807234,0.04368082900819175,0.04377276506149717,0.042911692964036026,0.04200050011484792
946,40.47842047942976,16.822200718724055,45.2096644315709,24.707607305625956,19.450669581024687,29.438851257767098,20.50205712594494,44.68397065911077,7.885406586901901,42.05550179681014,48.88952083879178,24.707607305625956,9.46248790428228,34.17009520990824,22.079138443325323,52.56937724601267,43.63258311419052,4.73124395214114,34.17009520990824,46.786745748951276,0.0426647485868624,0.04353013097285094,0.04290198516095114,0.04514282962064106,0.042540142940431874,0.042729409820836624,0.043449097878861004,0.04253021607507226,0.04363643206047914,0.04327079542886804,0.04191043899401877
947,48.567690005843005,24.544961615856142,48.567690005843005,34.46739290737246,25.06719484172542,30.811760326287498,26.111661293463982,48.567690005843005,12.011364194993432,36.55632581084957,70.50148549235274,24.544961615856142,9.400198065647032,41.25642484367309,29.245060648679658,60.57905420083643,56.92342161975148,8.877964839777754,32.378460003895334,61.10128742670572,0.04481712600717247,0.04368896745567807,0.04423416974558856,0.04414484989962837,0.042005444599804376,0.04377732862026284,0.04239157583794843,0.04287132065313036,0.04514282396290042,0.042443670144260405,0.04224949720434617
948,47.43760001338998,22.66463111750855,47.96468445798321,32.679235564779766,23.19171556210177,36.36882667693232,27.408391118847547,51.12719112554254,9.487520002677996,34.78757334315266,71.6834844646782,18.975040005355993,8.960435558084775,39.53133334449166,28.989644452627214,65.88555557415276,53.23552890391543,6.325013335118665,34.26048889855944,64.83138668496632,0.04422310960994918,0.04354322880910723,0.04231435214354137,0.043848115551440935,0.042744599857650716,0.04300320977600103,0.04089362353213246,0.04265175421107873,0.04304007646073614,0.043306008608713496,0.04334747684642654
949,51.26744115925439,25.110583424940923,54.92940124205827,34.52705220929377,24.587446270254656,33.48077789992123,24.064309115568385,44.98979530301916,9.416468784352846,42.374109529587805,64.86900718109739,21.44862334213704,10.985880248411654,36.09646367335258,29.295680662431078,60.160772788920966,53.883126932685734,8.893331629666577,33.48077789992123,61.73018425297977,0.04417204706400144,0.044468310070684,0.04429889427533222,0.0437724591932,0.041833368079029286,0.0438318533686973,0.042208314566890615,0.04264937768375459,0.04500271757470702,0.04328641579810118,0.04133908763933311
950,49.08457794433085,24.542288972165426,52.73981247210017,37.07452163880309,24.542288972165426,32.37493438881396,22.975759888835718,45.951519777671436,10.965703583307956,44.90716705545163,62.66116333318832,22.453583527725815,10.443527222198053,36.552345277693185,29.76405258326445,60.05028152763881,53.784165194319975,8.876998138868345,32.89711074992387,61.094634249858615,0.044349663884408204,0.04439341999300644,0.04378156194823474,0.04389745141999865,0.04215494978003433,0.04386597369286846,0.0422546825941425,0.04268716134614023,0.04555377051293433,0.043320059238286975,0.04156494448004254
951,57.06873651600568,26.45914147560263,45.13618251720449,32.68482182280325,20.752267824002065,34.24124190960341,26.977948171202684,46.69260260400465,11.413747303201136,33.722435214003355,62.25680347200619,20.752267824002065,16.0830075636016,39.42930886560392,26.977948171202684,57.06873651600568,54.99350973360547,8.819713825200877,30.090788344802995,69.00129051480687,0.04606033432548129,0.04438215585242279,0.044007485415064856,0.04339366878233045,0.0427340112962098,0.04488517195583887,0.04232470639861308,0.042716673552602155,0.04432413361531408,0.04316821778179161,0.04319674542427947
952,47.08003590373531,21.688555865765704,42.31913339661601,34.38429588475051,23.275523368138806,32.79732838237741,26.978447540342707,52.369927578312314,13.753718353900203,39.67418755932751,69.29758093695871,21.688555865765704,7.405848344407802,42.84812256407371,27.507436707800405,71.41353760678952,56.072851750516215,5.818880842034702,32.79732838237741,64.00768926238172,0.04355818722189483,0.04349108368067024,0.04239900790477502,0.04369789556872308,0.0420281359287206,0.042759198454123425,0.04144456214524871,0.04280601677129025,0.04339538055914969,0.04258878627745174,0.04284257803025231
953,37.00617950818707,23.825896395682086,40.554717269246105,21.79816053221978,20.277358634623052,22.812028463950934,24.33283036154766,40.04778330338053,10.138679317311526,26.867500190875543,52.21419848415436,20.784292600488627,11.152547249042678,29.909103986069002,20.277358634623052,43.59632106443956,41.56858520097725,10.645613283177102,26.36056622500997,48.66566072309532,0.04656070458492269,0.046374163814739675,0.04319356309894783,0.04473036896388378,0.04304686919143066,0.04526855757712161,0.04488202857546228,0.046301935779621224,0.04411223481665682,0.043702486439096036,0.04489312129254117
954,46.39887166011964,22.144916019602555,43.235312228747844,34.27189383986109,23.19943583005982,32.690114124175196,27.417515071888875,50.6169509019487,10.545198104572645,42.18079241829058,69.59830749017945,22.144916019602555,6.854378767972219,42.18079241829058,26.890255166660243,69.59830749017945,54.30777023854912,5.799858957514955,33.74463393463246,64.32570843789313,0.04326428141934643,0.043535497457034555,0.04278847200704035,0.04404412633523769,0.04269391408270147,0.04257233881228603,0.042250092286306426,0.042966219222388455,0.04329531627135041,0.04306639070180331,0.04226344617587273
955,46.58822648927318,21.705878250684098,43.411756501368195,32.82352320835156,23.29411324463659,31.7646998790499,26.999994897192412,51.35293147113067,13.764703280921623,39.70587484881237,68.82351640460811,21.705878250684098,6.35293997580998,44.470579830669855,27.529406561843246,70.41175139856061,56.11763645298815,5.823528311159148,32.82352320835156,66.70586974600478,0.043439810967346774,0.04340452238979253,0.04241127591359938,0.04378985495924185,0.041963425957691175,0.042540381861851544,0.04151380437051658,0.04268609572936375,0.043560999188554696,0.04272038992264126,0.04255777408856889
956,45.89784580983454,21.63001928969214,43.26003857938428,34.29149399585339,22.685142181872244,32.70880965758324,27.433195196682714,51.17346027073506,10.551228921801044,42.20491568720418,69.6381108838869,22.685142181872244,6.8582987991706785,42.20491568720418,26.905633750592663,69.6381108838869,54.86639039336543,5.803175906990574,33.76393254976334,64.36249642298637,0.043289206345908875,0.04351834235832939,0.04270656895342423,0.04401913893503478,0.04253754287597909,0.04258797549094581,0.04213995403810705,0.04294807361340015,0.043305699845834086,0.04302082779107442,0.042365223661909965
957,45.88363052177814,22.150718182927378,43.24664026190583,34.28087337833999,23.205514286876298,32.6986792224166,27.42469870267199,51.15761104152275,10.547961039489227,42.19184415795691,69.6165428606289,22.150718182927378,6.856174675667997,42.19184415795691,26.897300650697527,69.6165428606289,54.84939740534398,5.2739805197446135,33.753475326365525,64.34256234088429,0.04316102589433815,0.04358158663848536,0.042874721787532606,0.043963843986806646,0.04263650463328549,0.04259831781508337,0.04215799016435883,0.042943141294307235,0.04330044193854416,0.0430891230521609,0.042295250820635906
958,43.662368754498026,23.11537169355778,53.42219235844465,28.25212095879284,23.11537169355778,23.11537169355778,23.629046620081287,43.14869382797452,5.136749265235062,38.01194456273946,59.58629147672672,25.170071399651803,7.705123897852593,31.334170517933877,29.279470811839854,48.799118019733086,41.607669048404,7.191448971329087,34.41622007707492,44.68971860754504,0.044378155022802006,0.04499130193018781,0.04357144576189547,0.04467105987654772,0.0434862473374825,0.0455511846359532,0.044251412850681966,0.042959793220264476,0.04567989503803971,0.04277369552612793,0.04401088227651103
959,43.66500938390683,23.116769673833023,53.425423246191876,28.253829601351473,23.116769673833023,23.116769673833023,23.116769673833023,43.15130339115498,5.13705992751845,37.50053747088469,59.58989515921402,25.171593644840403,7.705589891277675,31.336065557862543,29.281241586855163,48.80206931142527,41.61018541289945,7.1918838985258295,34.41830151437362,44.69242136941052,0.04440802692197204,0.045051515896394306,0.043397016317478505,0.04488876206322792,0.04339036537314113,0.04539940755717891,0.04437355300410952,0.043269123522240306,0.04516870788651132,0.0428418258846483,0.04410570282125284
960,16.08575828036691,6.970495254825662,23.05625353519257,8.042879140183455,9.651454968220147,12.868606624293529,7.506687197504559,26.273405191265955,5.898111369467867,12.332414681614631,21.447677707155883,8.042879140183455,3.7533435987522794,15.549566337688013,9.11526302554125,30.026748790018235,23.59244547787147,1.608575828036691,20.911485764476986,23.05625353519257,0.04206883756562528,0.04221116499118323,0.04372058160272873,0.044839553077674996,0.041799517668567224,0.04040494148833001,0.042829894199743625,0.04272350063310955,0.040901216238449896,0.04190490587706741,0.04040394397862312
961,16.100122954660808,6.976719947019683,23.07684290168049,8.050061477330404,9.660073772796483,12.880098363728646,7.513390712175043,25.76019672745729,5.9033784167089625,12.343427598573285,21.46683060621441,8.050061477330404,3.7566953560875214,15.563452189505446,9.123403007641123,30.05356284870017,23.61351366683585,1.6100122954660807,20.930159841059048,23.61351366683585,0.04209146461893722,0.04223952344475006,0.04360922010218989,0.04476458741762236,0.04175835157309739,0.04047802340158371,0.042729361417970464,0.042542101828589224,0.04085712838893326,0.041898843245000136,0.040360629405966054
962,37.85143355706519,17.874288068614117,43.10857710665758,24.708574683084223,19.451431133491834,30.49143258763585,19.451431133491834,44.16000581657606,8.41142967934782,39.95429097690215,49.94286372112769,22.08000290828803,9.462858389266298,32.59429000747281,22.08000290828803,54.148578560801596,46.26286323641301,4.731429194633149,32.59429000747281,46.78857759137225,0.042702640870976784,0.04347011154963176,0.043231879403840434,0.04498095604924096,0.042798750375540186,0.0424986314126592,0.04300683990725561,0.043066201385089715,0.04434022118380292,0.04293879389955485,0.04125061900316877
963,36.146947237211414,16.763801617257467,47.14819204853663,23.574096024268314,19.383145619953947,30.38439043127916,22.002489622650426,44.52884804584015,6.286425606471551,37.19468483829001,48.19592964961522,27.241177628043385,8.381900808628734,35.62307843667212,22.002489622650426,55.00622405662607,46.100454447458034,5.238688005392959,34.05147203505423,46.62432324799733,0.04247694489911178,0.04342768322154577,0.04325822630717246,0.04442930846369173,0.043037453922350435,0.0424297453794342,0.044158387652430735,0.043170522184992434,0.044065488105108734,0.0430034577501017,0.042673981574764146
964,37.85143355706519,17.874288068614117,43.10857710665758,24.708574683084223,19.451431133491834,30.49143258763585,19.451431133491834,44.16000581657606,8.41142967934782,39.95429097690215,49.94286372112769,22.08000290828803,9.462858389266298,32.59429000747281,22.08000290828803,54.148578560801596,46.26286323641301,4.731429194633149,32.59429000747281,46.78857759137225,0.042702640870976784,0.04347011154963176,0.043231879403840434,0.04498095604924096,0.042798750375540186,0.0424986314126592,0.04300683990725561,0.043066201385089715,0.04434022118380292,0.04293879389955485,0.04125061900316877
965,46.870018602417765,21.35189736332365,57.28557829184394,41.662238757704685,20.831119378852343,38.016792866405524,29.16356713039328,41.141460773233376,15.102561549667948,43.74535069558992,68.22191596574142,28.12201116145066,12.498671627311404,40.62068278876207,25.518121239094118,55.202466353958705,63.014136121028336,10.93633767389748,39.57912681981945,65.09724805891356,0.04460371344672763,0.043918866354127346,0.04280661615530602,0.04419790388663992,0.04333170289939238,0.04520643148857361,0.04294205898158075,0.0435089944981133,0.043028138329213005,0.04312105883471741,0.04255653065430018
966,41.15180930418941,17.937968158236412,58.03460286488251,39.04146010910278,29.544888731212914,28.489714133669594,21.103491950866367,49.0656187857643,7.913809481574887,40.0966347066461,65.9484123464574,29.017301432441254,10.024158676661525,37.98628551155946,28.489714133669594,59.617364761197486,54.3414917734809,7.913809481574887,38.51387281033112,54.86907907225255,0.04393318442383824,0.04377879276100233,0.043681875496161066,0.044000206578597385,0.0420659986368319,0.04323034256685607,0.04309639942915735,0.04247749361934886,0.043624131121524155,0.040973704757163526,0.04155057183785988
967,41.67031088975978,17.93405785128902,58.02195187181742,38.505477151297015,29.538448225652505,28.483503646164916,21.09889158975179,49.05492294617291,7.912084346156921,40.0878940205284,65.93403621797434,29.01097593590871,10.0219735051321,37.978004861553224,28.483503646164916,59.6043687410488,54.329645843610855,7.912084346156921,39.03294944104081,54.329645843610855,0.0439025287104735,0.043742203638848606,0.04373118191274755,0.04394826826050936,0.04205419789359988,0.043181739604120375,0.043163337900415745,0.042493629384561034,0.043661840715931176,0.04102842466137676,0.04162035757362117
968,41.67031088975978,17.93405785128902,58.02195187181742,38.505477151297015,29.538448225652505,28.483503646164916,21.09889158975179,49.05492294617291,7.912084346156921,40.0878940205284,65.93403621797434,29.01097593590871,10.0219735051321,37.978004861553224,28.483503646164916,59.6043687410488,54.329645843610855,7.912084346156921,39.03294944104081,54.329645843610855,0.0439025287104735,0.043742203638848606,0.04373118191274755,0.04394826826050936,0.04205419789359988,0.043181739604120375,0.043163337900415745,0.042493629384561034,0.043661840715931176,0.04102842466137676,0.04162035757362117
969,42.185331669576065,17.928765959569827,57.477514399797386,37.96679850261846,29.529732168703244,28.475098876963845,21.092665834788033,49.56776471175188,7.382433042175811,39.54874844022756,65.9145807337126,29.002415522833545,10.019016271524315,37.96679850261846,28.475098876963845,60.11409762914589,53.78629787870948,7.909749688045512,39.54874844022756,54.84093117044888,0.04404723720199933,0.04367027293180922,0.04379998088225849,0.04379820513789502,0.04202995775842232,0.04324221707540057,0.043244864133210374,0.04247510863751416,0.043674383471590895,0.04110319521079422,0.0415979316894047
970,41.1513364713496,17.937762051613927,58.033936049339175,37.98584905047655,29.544549261481762,28.489386787857413,21.103249472486972,49.592636260344385,7.386137315370441,40.09617399772525,65.94765460152179,29.016968024669588,10.024043499431313,37.98584905047655,28.489386787857413,59.6166797597757,54.86844862846613,7.913718552182615,39.56859276091308,54.34086739165396,0.043844668262412984,0.04370642708253727,0.04365305709996631,0.04387547326057337,0.04209797178893821,0.0432726395578725,0.04310757683190549,0.04243653963440116,0.04367948551872437,0.041005283232815035,0.04173964091767892
971,41.67031088975978,17.93405785128902,58.02195187181742,38.505477151297015,29.538448225652505,28.483503646164916,21.09889158975179,49.05492294617291,7.912084346156921,40.0878940205284,65.93403621797434,29.01097593590871,10.0219735051321,37.978004861553224,28.483503646164916,59.6043687410488,54.329645843610855,7.912084346156921,39.03294944104081,54.329645843610855,0.0439025287104735,0.043742203638848606,0.04373118191274755,0.04394826826050936,0.04205419789359988,0.043181739604120375,0.043163337900415745,0.042493629384561034,0.043661840715931176,0.04102842466137676,0.04162035757362117
972,41.67031088975978,17.93405785128902,58.02195187181742,38.505477151297015,29.538448225652505,28.483503646164916,21.09889158975179,49.05492294617291,7.912084346156921,40.0878940205284,65.93403621797434,29.01097593590871,10.0219735051321,37.978004861553224,28.483503646164916,59.6043687410488,54.329645843610855,7.912084346156921,39.03294944104081,54.329645843610855,0.0439025287104735,0.043742203638848606,0.04373118191274755,0.04394826826050936,0.04205419789359988,0.043181739604120375,0.043163337900415745,0.042493629384561034,0.043661840715931176,0.04102842466137676,0.04162035757362117
973,41.1670550404955,17.9446137356006,59.111668776096096,37.47257574198949,29.555834388048048,28.50026887418919,21.11131027717718,49.08379639443694,7.9167413539414415,40.11148952663664,65.97284461617868,29.02805163111862,10.02787238165916,38.00035849891892,28.50026887418919,60.69501704688438,52.250492936013515,7.9167413539414415,38.52814125584835,55.41718947759009,0.04395393920359894,0.04360986904891281,0.0438555030668387,0.043754041516254026,0.042001742229377255,0.043325560799647826,0.043295277058776206,0.04252667285313357,0.04359485038329037,0.040664582744181964,0.04163520416655891
974,42.711994589440984,18.45580013123993,58.531251844789494,36.91160026247986,29.529280209983888,28.47466305962732,20.565034431953066,49.039697491580384,7.909628627674256,40.07545171354956,65.91357189728546,29.001971634805606,10.546171503565674,37.43890883765815,28.47466305962732,59.585868995146065,53.78547466818494,7.909628627674256,39.54814313837128,54.31278324336322,0.04390735819898928,0.04381960897922501,0.0437118111679317,0.0438320555220988,0.042047475650536306,0.04308572945577502,0.04345079435930086,0.04243911656133752,0.04369984426913423,0.04092594436403776,0.04177168629334977
975,39.35552217204763,16.791689460073655,44.078184832693346,24.662793894483183,18.890650642582862,29.9101968507562,22.039092416346673,44.60292512832065,8.92058502566413,39.88026246767493,49.85032808459366,26.237014781365087,8.92058502566413,33.58337892014731,23.088573007601276,52.47402956273017,45.12766542394795,5.772143251900319,32.53389832889271,46.701886310829856,0.04278222836062148,0.043434360016583476,0.04352783052791643,0.04465013963123711,0.043221671759941016,0.04214898496095095,0.04340091460183211,0.04346782951984287,0.04428708096654141,0.042893490396326076,0.04144517363090551
976,33.73138834944208,19.200944137374723,43.072388200056814,25.428277371117876,18.68199970122946,28.02299955184419,23.352499626536826,41.51555489162102,8.822055414469467,36.84505496631366,49.81866586994523,24.909332934972614,9.859944286759992,34.25033278558735,22.833555190391564,51.89444361452628,45.14816594463786,5.189444361452628,33.212443913296816,47.742888125364175,0.04326997633703259,0.04438712218159895,0.043759845684257226,0.04548457247435807,0.04266365181201789,0.04343269159334033,0.04352730098020198,0.044002203921725214,0.04384134638673028,0.04427938824723996,0.042407464236234774
977,47.566140765180705,25.08983249152389,65.86081029025021,35.54392936299217,26.135242178670715,27.180651865817545,23.521717960803645,51.22507467019461,10.454096871468288,43.9072068601668,70.04244903883752,24.04442280437706,9.931392027894873,35.54392936299217,22.476308273656816,60.11105701094265,60.63376185451607,9.931392027894873,40.248272955152906,62.201876385236304,0.04534027239855416,0.04372827240000397,0.043297925349548905,0.04351313041332356,0.040977993775645025,0.04455582246402044,0.04306384582027049,0.04312788332373332,0.04441850525249078,0.04292699135638509,0.04234451387260993
978,46.340821047081974,22.643810284369604,60.5590275047094,33.17581506779732,26.330011958569305,27.38321243691208,26.85661219774069,52.13342367796722,12.638405740113265,44.23442009039643,70.56443204896574,24.22361100188376,10.532004783427722,36.862016741997024,26.85661219774069,62.13882822222356,57.399426069681084,8.952204065913564,40.54821841619673,62.13882822222356,0.04461040096863463,0.04341140452736246,0.04301716633292961,0.042693014819181856,0.042193142856755954,0.04406780289319025,0.04267822140723623,0.04292931069982353,0.043452272296969255,0.04186097644867861,0.042486047577851564
979,47.566140765180705,25.08983249152389,65.86081029025021,35.54392936299217,26.135242178670715,27.180651865817545,23.521717960803645,51.22507467019461,10.454096871468288,43.9072068601668,70.04244903883752,24.04442280437706,9.931392027894873,35.54392936299217,22.476308273656816,60.11105701094265,60.63376185451607,9.931392027894873,40.248272955152906,62.201876385236304,0.04534027239855416,0.04372827240000397,0.043297925349548905,0.04351313041332356,0.040977993775645025,0.04455582246402044,0.04306384582027049,0.04312788332373332,0.04441850525249078,0.04292699135638509,0.04234451387260993
980,43.84633068661309,25.055046106636052,60.02771463048221,39.14850954161883,25.577026233857637,26.09900636107922,26.620986488300804,49.06613195882893,11.483562798874857,46.9782114499426,66.29147615714122,23.4891057249713,7.307721781102182,37.582569159954076,27.664946742743975,59.505734503260626,65.76949602991964,12.00554292609644,34.97266852384615,66.8134562843628,0.044594568099087496,0.04383903389471106,0.043618949517930335,0.04304329722703192,0.042974154182624284,0.04509534015684175,0.04226103936278027,0.043642331434640386,0.044250431797938077,0.04144203109560474,0.043258696009225314
981,44.18991295177433,20.795253153776155,55.627302186351216,38.991099663330296,19.755490496087347,35.35193036141946,28.593473086442213,40.550743649863506,15.596439865332117,42.110387636396716,69.14421673630572,27.553710428753405,11.95727056342129,38.47121833448589,23.91454112684258,49.908607569062774,61.86587813248406,10.917507905732482,39.510980992174694,63.94540344786168,0.044943802907826264,0.04403825106115407,0.042976055767969604,0.044159576436484695,0.0438015408392181,0.045182985070182376,0.04230494006355592,0.04409553160737394,0.04268377611770426,0.043285599364895365,0.04264661191923152
982,42.165915838453486,17.920514231342732,57.978134277873544,36.8951763586468,29.51614108691744,28.461993190956104,21.61003186720741,50.07202505816352,7.37903527172936,41.11176794249215,66.41131744556424,28.989067138936772,10.014405011632704,37.949324254608136,28.989067138936772,58.50520822585421,53.234468746047526,7.906109219710029,39.53054609855015,53.76154269402819,0.04415568616592191,0.043785673763376345,0.04387822688446178,0.044008657174903106,0.04206286869414826,0.043240403762006725,0.04325177459324527,0.04236150472385413,0.04348036481100635,0.04110415333966002,0.04159673810674756
983,42.165915838453486,17.920514231342732,57.978134277873544,36.8951763586468,29.51614108691744,28.461993190956104,21.61003186720741,50.07202505816352,7.37903527172936,41.11176794249215,66.41131744556424,28.989067138936772,10.014405011632704,37.949324254608136,28.989067138936772,58.50520822585421,53.234468746047526,7.906109219710029,39.53054609855015,53.76154269402819,0.04415568616592191,0.043785673763376345,0.04387822688446178,0.044008657174903106,0.04206286869414826,0.043240403762006725,0.04325177459324527,0.04236150472385413,0.04348036481100635,0.04110415333966002,0.04159673810674756
984,47.949838552103934,22.657616019126035,44.788310735481694,33.72296337730386,22.657616019126035,31.088356863452002,27.39990774405939,52.16520897426692,14.22687517480007,38.9921764050076,70.0805332684596,21.60377341358529,6.849976936014848,42.680625524400206,26.87298644128902,69.02669066291885,54.27289418534841,6.323055633244475,33.196042074533494,63.757477635215125,0.04418433863875026,0.043597468849082596,0.04281676928097732,0.04376276319738963,0.04212761312950318,0.04251175619936259,0.041691050786970524,0.042907839591924075,0.04347509388248895,0.04291202530339753,0.04309197836978051
985,35.65554663200353,18.352119590001816,42.996394468004254,25.16862115200249,19.40081213800192,29.363391344002906,20.973850960002075,44.56943329000441,7.3408478360007265,39.85031682400395,45.61812583800452,25.692967426002543,11.01127175400109,32.50946898800322,22.02254350800218,57.67809014000571,46.14247211200457,4.719116466000467,33.03381526200327,48.76420348200483,0.04245549608391348,0.043596170658173575,0.04332740256980833,0.0450910817266285,0.043138356822884125,0.04279066844084802,0.04386729661129258,0.04293405951180938,0.04302295592651629,0.04314721374405311,0.042283023904020646
986,43.12875260990476,20.78494101682157,60.79595247420309,38.971764406540444,20.78494101682157,36.893270304858284,30.138164474391274,41.56988203364314,12.470964610092942,43.64837613532529,66.51181125382902,30.138164474391274,12.99058813551348,39.49138793196098,25.98117627102696,54.560470169156616,60.79595247420309,10.912094033831323,42.089505559063674,67.03143477924957,0.0445979849475133,0.04366287055135192,0.042786395550414226,0.04480051540400797,0.04355731841406668,0.045600135951655754,0.04292333683608239,0.04379206621773508,0.042922171226332864,0.04312056042381335,0.04261311905648712
987,36.00379910134499,18.78459083548434,44.874300329212595,26.611503683602816,18.78459083548434,29.742268822850207,18.78459083548434,43.83071194946346,7.30511865824391,41.22174100009064,48.00506546845998,24.524326924104557,8.870501227867607,32.8730339620976,21.91535597473173,51.135830607707376,44.874300329212595,4.696147708871085,33.916622341846725,47.48327127858542,0.043397817894709506,0.04405507287252797,0.04294190517526295,0.04527276017084904,0.04308092910244423,0.042508612557143596,0.04393273595154316,0.043201166576801446,0.044315104768701624,0.043673602283909714,0.04182610277154181
988,43.292697620545304,20.10018103811032,41.74652984838298,37.62341578928342,20.10018103811032,28.346409156309427,21.646348810272652,40.71575133360808,7.730838860811661,40.20036207622064,51.02353648135697,30.923355443246646,10.307785147748882,42.777308363157864,29.377187671084315,49.477368709194636,51.02353648135697,5.669281831261885,27.831019898921983,46.900422422257414,0.04540569800013109,0.0460862884832093,0.042018248374750614,0.04428696558921155,0.04470477169204551,0.04328941786448743,0.042876083791341835,0.044069305409108486,0.04383610866865711,0.04372791708731922,0.044309937652293734
989,43.292697620545304,20.10018103811032,41.74652984838298,37.62341578928342,20.10018103811032,28.346409156309427,21.646348810272652,40.71575133360808,7.730838860811661,40.20036207622064,51.02353648135697,30.923355443246646,10.307785147748882,42.777308363157864,29.377187671084315,49.477368709194636,51.02353648135697,5.669281831261885,27.831019898921983,46.900422422257414,0.04540569800013109,0.0460862884832093,0.042018248374750614,0.04428696558921155,0.04470477169204551,0.04328941786448743,0.042876083791341835,0.044069305409108486,0.04383610866865711,0.04372791708731922,0.044309937652293734
990,43.292697620545304,20.10018103811032,41.74652984838298,37.62341578928342,20.10018103811032,28.346409156309427,21.646348810272652,40.71575133360808,7.730838860811661,40.20036207622064,51.02353648135697,30.923355443246646,10.307785147748882,42.777308363157864,29.377187671084315,49.477368709194636,51.02353648135697,5.669281831261885,27.831019898921983,46.900422422257414,0.04540569800013109,0.0460862884832093,0.042018248374750614,0.04428696558921155,0.04470477169204551,0.04328941786448743,0.042876083791341835,0.044069305409108486,0.04383610866865711,0.04372791708731922,0.044309937652293734
991,37.35382229213567,17.361635713246155,47.8760257547091,26.30550865643357,19.46607640576084,32.09272056084895,19.992186578889513,44.1932545428084,7.365542423801399,44.1932545428084,46.29769523532308,22.0966272714042,9.469983116316085,34.19716125336364,21.570517098275527,52.08490713973847,44.1932545428084,4.734991558158042,33.67105108023497,48.40213592783777,0.04264024748690736,0.04423627767796048,0.04303214058193411,0.04523990158949113,0.04217787903657424,0.0418496038893775,0.04377206821729433,0.042909353740227,0.043639945437953166,0.04301208998901005,0.041380319224599234
992,37.35382229213567,17.361635713246155,47.8760257547091,26.30550865643357,19.46607640576084,32.09272056084895,19.992186578889513,44.1932545428084,7.365542423801399,44.1932545428084,46.29769523532308,22.0966272714042,9.469983116316085,34.19716125336364,21.570517098275527,52.08490713973847,44.1932545428084,4.734991558158042,33.67105108023497,48.40213592783777,0.04264024748690736,0.04423627767796048,0.04303214058193411,0.04523990158949113,0.04217787903657424,0.0418496038893775,0.04377206821729433,0.042909353740227,0.043639945437953166,0.04301208998901005,0.041380319224599234
993,42.82253224541222,23.017111081909068,46.034222163818136,27.834645959517943,18.199576204300193,35.32858910246508,19.80542116350315,32.652180837126814,9.63506975521775,40.14612398007395,63.69851671505067,16.593731245097235,10.170351408285402,26.764082653382637,22.481829428841415,49.24591208222405,62.62795340891537,4.282253224541222,26.228801000314984,43.35781389847987,0.04420679710604283,0.042505685636932466,0.04125989482030592,0.041467168030786365,0.0427737284338019,0.04304716859923983,0.04032449517572011,0.041999510543887,0.04304775327537349,0.04144292949684761,0.04264321581340982
994,35.787178429259,16.31474310745631,44.20769100084936,25.78781975049546,19.472435321802692,29.998076036290634,20.524999393251488,43.68140896512496,6.315384428692766,42.10256285795177,47.36538321519574,26.84038382194425,11.05192275021234,33.68205028636142,22.630127536149075,57.364741893959284,42.62884489367617,4.736538321519574,33.68205028636142,48.94422932236893,0.04249240560272267,0.04324664699972461,0.04358331057885268,0.0449543054567118,0.042650321177403014,0.04243560503428059,0.04382752650058157,0.04263285819036945,0.043226822734593766,0.04259894959242836,0.04206921240793445
995,39.19623177231774,19.336807674343415,48.08071097404309,24.040355487021547,18.814191250712515,30.311752570592382,21.42727336886703,45.99024527951948,8.36186277809445,40.241464619579546,46.51286170315038,22.99512263975974,9.407095625356257,37.10576607779412,20.904656945236127,52.78425878672122,43.89977958499586,4.703547812678129,31.35698541785419,45.46762885588858,0.04335470609689358,0.04363585350624908,0.043203409279232906,0.04522056161533916,0.04286338030334007,0.04237306260238509,0.044172059952324,0.04360725855416447,0.04386428188814604,0.043187042649245194,0.04190195992177736
996,44.574621157099315,20.16470957106874,53.065025187023,32.36966536408403,22.287310578549658,32.90031561595426,21.2260100748092,47.7585226683207,9.55170453366414,33.96161611969472,70.57648349874059,23.34861108229012,10.08235478553437,35.02291662343518,27.59381309725196,56.248926698244375,55.18762619450392,8.49040402992368,36.08421712717564,75.35233576557266,0.04515710723505799,0.04380689987032308,0.042378040410482785,0.042201140583739694,0.04269675578079046,0.043304449765519344,0.04210044083372872,0.04202817901856032,0.04215047899934717,0.04140689859760392,0.04211935703461658
997,45.63799898148801,20.696301863698054,54.12878948967183,31.84046440568931,22.288325083982517,32.901813219212286,20.696301863698054,47.76069660853397,9.552139321706793,33.43248762597378,70.04902169251649,22.288325083982517,10.082813728468281,35.024510846258245,27.595069151597404,56.25148711671778,54.659463896433316,8.490790508183816,36.08585965978122,76.41711457365435,0.045114337739097655,0.0440963327816344,0.04223445004647417,0.04225239770941006,0.042665225210615235,0.04331062062710001,0.042069690961445985,0.042006299936015366,0.04206631110424469,0.04145038178965359,0.04205954533282041
998,44.574621157099315,20.16470957106874,53.065025187023,32.36966536408403,22.287310578549658,32.90031561595426,21.2260100748092,47.7585226683207,9.55170453366414,33.96161611969472,70.57648349874059,23.34861108229012,10.08235478553437,35.02291662343518,27.59381309725196,56.248926698244375,55.18762619450392,8.49040402992368,36.08421712717564,75.35233576557266,0.04515710723505799,0.04380689987032308,0.042378040410482785,0.042201140583739694,0.04269675578079046,0.043304449765519344,0.04210044083372872,0.04202817901856032,0.04215047899934717,0.04140689859760392,0.04211935703461658
999,48.93513835048553,22.9058094406528,58.82628333622196,33.31754100458589,21.344049706062837,30.194021535405966,27.070502066226037,36.441060473765816,7.808798672949818,48.414551772288874,63.51156253999186,26.029328909832728,9.891144985736437,35.92047389556917,24.98815575343942,58.30569675802531,48.93513835048553,7.288212094753164,32.796954426389235,60.38804307081193,0.04649903209704388,0.04511937054197205,0.04410501910337581,0.043263190217534366,0.04261263408031151,0.0444133532038873,0.04271853886719392,0.0426427016354141,0.043895012963882374,0.04206187189812879,0.04208269719460144
1000,53.28245501038698,21.312982004154794,51.1511568099715,30.903823906024453,21.845806554258665,29.305350255712842,14.386262852804485,38.8961921575825,10.656491002077397,30.37099935592058,62.340472362152774,19.714508353843183,13.853438302700615,28.77252570560897,34.10077120664767,54.348104110594726,47.95420950934829,6.926719151350308,37.83054305737476,68.20154241329534,0.043592403774506586,0.04303510330678969,0.04165212695860307,0.04348134493259462,0.04156849052849109,0.04305721480535398,0.039980102332797376,0.04308764054571613,0.04367552017494175,0.04225272290102136,0.041792779635314456
1001,43.89843352735032,18.737136261673918,48.716554280352184,32.65615177034597,21.94921676367516,32.120805020012426,13.383668758338512,41.757046526016154,7.494854504669567,32.65615177034597,64.24161004002485,24.09060376500932,13.383668758338512,32.65615177034597,35.868232272347214,57.817449036022374,55.14071528435467,6.959507754336026,36.40357902268075,65.31230354069194,0.042902082833374426,0.04341833806898252,0.04220661412848903,0.04283434942505904,0.04222822961860129,0.04333936785004098,0.04004097473711277,0.04198988971692128,0.04210182039462957,0.04215787520455824,0.041433707688690334
1002,45.675999451173226,22.318954277277825,54.4997720724226,32.69986324345356,27.509408760365694,28.02845420867448,24.395136070512972,47.752181244408376,9.34281806955816,38.928408623159,59.69022655551046,26.990363312056907,7.2666362763230135,34.25699958837992,31.1427268985272,56.575953865657745,45.15695400286444,7.2666362763230135,35.295090484997495,52.42359027918745,0.04391494641683196,0.044634938341162306,0.04377928916747904,0.04427148950984746,0.04297246848157556,0.04458609716374057,0.04344709540879595,0.04296801880491321,0.04446654924229195,0.04216550913263628,0.043748150021939096
1003,53.303629322492164,21.321451728996866,51.17148414959248,30.916105007045456,21.854488022221787,29.31699612737069,14.391979917072884,38.91164940541928,10.660725864498433,29.85003242059561,62.36524630731583,19.7223428493221,13.858943623847964,28.78395983414577,34.114322766394984,54.369701908942005,48.50630268346787,6.929471811923982,37.845576818969434,68.22864553278997,0.04357035725604357,0.04302524957307838,0.041662717976504136,0.04345998344375757,0.04163154822524277,0.043000353260433985,0.03992389157432779,0.04303673931775925,0.04369527445361653,0.04222053171292574,0.04173705998138872
1004,43.9338817061468,18.216487536695016,48.75589311291901,32.14674271181473,21.9669408530734,32.14674271181473,13.394476129922806,41.790765525359156,7.500906632756771,32.14674271181473,64.29348542362946,24.64583607905796,13.394476129922806,32.68252175701164,36.43297507339003,57.32835783606961,55.185241655281956,6.965127587559858,36.96875411858694,65.9008225592202,0.042957402211547875,0.04340488549734972,0.042189636474922826,0.04270562114838303,0.042006784696615534,0.04340020696561118,0.0400691895592054,0.04198339204628604,0.04204679559519832,0.042100146023041976,0.041356894584925946
1005,37.74252562665894,18.347061068514762,41.9361395851766,25.685885495920665,19.395464558144177,30.40370119925303,19.919666302958884,45.08135005406484,6.814622682591197,39.31513086110306,47.17815703332367,24.63748200629125,10.48403489629415,33.02470992332657,22.016473282217714,58.710595419247234,42.98454307480601,4.717815703332367,33.54891166814127,48.75076226776779,0.042842340397277724,0.04372904169929789,0.04343295666431023,0.04494142786342049,0.04302917591942246,0.04257980329214396,0.04360187837903561,0.04322037519913839,0.043022151130194905,0.04292449724021323,0.042474607400837694
1006,46.95755303545871,24.270195950911244,47.4851659909133,38.51574574818523,22.159744129092875,33.239616193639314,21.63213117363828,56.982199189095965,10.024646153637253,44.84710121364034,69.64491012000617,14.773162752728583,12.135097975455622,37.98813279273064,27.435873683638796,60.14787692182352,56.45458623364137,6.331355465455107,31.12916437182094,57.50981214455055,0.04483784421004714,0.04349180093058268,0.04205602873976208,0.04290276912165044,0.04279396552887283,0.04363998223354445,0.04139012801637398,0.04308006405657008,0.04340602626525667,0.04216860446842754,0.042619830974319976
1007,46.95755303545871,24.270195950911244,47.4851659909133,38.51574574818523,22.159744129092875,33.239616193639314,21.63213117363828,56.982199189095965,10.024646153637253,44.84710121364034,69.64491012000617,14.773162752728583,12.135097975455622,37.98813279273064,27.435873683638796,60.14787692182352,56.45458623364137,6.331355465455107,31.12916437182094,57.50981214455055,0.04483784421004714,0.04349180093058268,0.04205602873976208,0.04290276912165044,0.04279396552887283,0.04363998223354445,0.04139012801637398,0.04308006405657008,0.04340602626525667,0.04216860446842754,0.042619830974319976
1008,48.88965114496487,22.8845175572176,57.73139656479894,32.766468320561565,21.32420954195276,30.165954961786834,27.045338931257163,36.40718702284618,8.321642748079126,49.409753816719814,63.45252595410334,26.525236259502215,9.881950763343962,36.40718702284618,24.96492824423738,58.77160190830883,48.369548473209925,7.281437404569236,32.766468320561565,59.29170458006378,0.04657423630089429,0.045228998056611576,0.044164319632888784,0.04325009078803018,0.04266531522645311,0.04453266918337609,0.04273597426527524,0.042557490745898256,0.04392269824785683,0.0421029923503682,0.04216254344740207
1009,44.978956587430424,25.10453390926349,60.669290280720105,42.363900971882146,25.62754503237315,26.67356727859246,23.535500539934525,48.11702332608836,9.937211339083465,47.5940122029787,69.0374682504746,23.012489416824867,7.322155723535185,35.041745248346956,27.719589524811774,61.19230140382976,65.37639038870701,12.02925583152209,35.56475637145662,66.94542375803599,0.04485907344995514,0.043672296986021944,0.04323648427560768,0.04260613720142649,0.043038460444376384,0.04485269757910258,0.04247850941023151,0.04350170954977825,0.04403405377168819,0.04148051787607518,0.04322893634608052
1010,44.978956587430424,25.10453390926349,60.669290280720105,42.363900971882146,25.62754503237315,26.67356727859246,23.535500539934525,48.11702332608836,9.937211339083465,47.5940122029787,69.0374682504746,23.012489416824867,7.322155723535185,35.041745248346956,27.719589524811774,61.19230140382976,65.37639038870701,12.02925583152209,35.56475637145662,66.94542375803599,0.04485907344995514,0.043672296986021944,0.04323648427560768,0.04260613720142649,0.043038460444376384,0.04485269757910258,0.04247850941023151,0.04350170954977825,0.04403405377168819,0.04148051787607518,0.04322893634608052
1011,48.977681345389826,22.404684019699598,58.87742544711755,33.34650644792499,21.362605693201942,30.220271468432017,27.09403648893905,36.47274142741795,7.815587448732418,48.977681345389826,63.566777916357005,26.051958162441395,9.89974410172773,36.47274142741795,25.53091899919257,58.35638628386872,48.456642182140996,7.29454828548359,32.82546728467616,59.91950377361521,0.04637496657395658,0.04510418461932618,0.044100654943166444,0.043217039188468725,0.04262849250020925,0.04429655926018423,0.042794575273522116,0.04257064140399023,0.04376004494957097,0.042201358543731526,0.04191231949504578
1012,48.977681345389826,22.404684019699598,58.87742544711755,33.34650644792499,21.362605693201942,30.220271468432017,27.09403648893905,36.47274142741795,7.815587448732418,48.977681345389826,63.566777916357005,26.051958162441395,9.89974410172773,36.47274142741795,25.53091899919257,58.35638628386872,48.456642182140996,7.29454828548359,32.82546728467616,59.91950377361521,0.04637496657395658,0.04510418461932618,0.044100654943166444,0.043217039188468725,0.04262849250020925,0.04429655926018423,0.042794575273522116,0.04257064140399023,0.04376004494957097,0.042201358543731526,0.04191231949504578
1013,43.785166620897435,25.541347195523507,60.46523009552503,38.572646785076316,25.541347195523507,25.020095211941392,26.58385116268773,49.51893844030067,11.988795622388585,47.43393050597222,66.72025389851038,23.456339261195055,7.297527770149573,36.487638850747864,27.10510314626984,59.42272612836081,65.67774993134616,11.988795622388585,34.40263091641941,67.2415058820925,0.044808964145855126,0.04380868125321343,0.043730814488971426,0.04302898943193227,0.04326498985879649,0.04490134632412828,0.042349573232069844,0.043728598735724475,0.0443044944245484,0.04147365661675308,0.04334790790589497
1014,48.09698426411499,18.914544373528365,42.152413175291784,30.26327099764538,18.374128819998983,35.6674265329392,17.8337132664696,29.18243989058662,10.267895517058255,44.85449094293869,61.60737310234953,20.53579103411651,8.106233302940728,26.48036212293971,20.53579103411651,61.60737310234953,61.06695754882015,4.323324428235055,29.722855444116,39.99075096117426,0.04358248062595419,0.04288623382872556,0.040277692667363627,0.042000023326381496,0.04161662213001783,0.04265718668912576,0.04125703065309744,0.04141985453418772,0.04192479615362433,0.040562624529399155,0.04139990133274111
1015,49.68688201744562,19.442692963348286,41.04568514484638,30.244189054097333,18.36254335427338,35.64493709947186,18.36254335427338,30.784263858634787,8.101122068061786,43.746059167533645,64.26890173995683,19.98276776788574,8.641196872599238,24.30336620418536,21.602992181498095,58.86815369458231,62.10860252180702,4.320598436299619,29.704114249559883,38.88538592669657,0.04360644532807192,0.042763071077780206,0.04061025061050694,0.041516164822449624,0.04176552287968737,0.04256261404893469,0.04135304790103572,0.04175947032112073,0.04178900635777124,0.040893652779701244,0.04130594933548795
1016,42.615594379231275,18.414145719420922,42.08947593010497,29.988751600199787,17.3619088211683,45.77230507398915,17.3619088211683,36.30217298971554,8.944013635147305,39.98500213359972,57.34691095476802,22.096974863305107,6.839539838642057,34.19769919321028,24.727567108936668,47.35066042136809,53.13796336175752,8.944013635147305,31.040988498452414,42.615594379231275,0.04373953055163218,0.043647113255373994,0.04238828980387733,0.042822330200199245,0.043931864837482834,0.043262226445130836,0.04260673072942626,0.042440754931140696,0.04367259358128642,0.04220775380602254,0.043162362732115586
1017,42.615594379231275,18.414145719420922,42.08947593010497,29.988751600199787,17.3619088211683,45.77230507398915,17.3619088211683,36.30217298971554,8.944013635147305,39.98500213359972,57.34691095476802,22.096974863305107,6.839539838642057,34.19769919321028,24.727567108936668,47.35066042136809,53.13796336175752,8.944013635147305,31.040988498452414,42.615594379231275,0.04373953055163218,0.043647113255373994,0.04238828980387733,0.042822330200199245,0.043931864837482834,0.043262226445130836,0.04260673072942626,0.042440754931140696,0.04367259358128642,0.04220775380602254,0.043162362732115586
1018,48.09698426411499,18.914544373528365,42.152413175291784,30.26327099764538,18.374128819998983,35.6674265329392,17.8337132664696,29.18243989058662,10.267895517058255,44.85449094293869,61.60737310234953,20.53579103411651,8.106233302940728,26.48036212293971,20.53579103411651,61.60737310234953,61.06695754882015,4.323324428235055,29.722855444116,39.99075096117426,0.04358248062595419,0.04288623382872556,0.040277692667363627,0.042000023326381496,0.04161662213001783,0.04265718668912576,0.04125703065309744,0.04141985453418772,0.04192479615362433,0.040562624529399155,0.04139990133274111
1019,37.221078519132654,17.824178445781836,42.46348394436261,26.736267668672753,19.39690007335082,30.40595146633372,19.921140615873814,45.08468665697758,7.3393675953219315,40.36652177427062,47.18164882706956,25.163546041103768,10.484810850459903,34.075635263994684,22.018102785965795,58.19070022005246,42.46348394436261,4.718164882706956,32.502913636425696,47.705889369592555,0.042712929774898455,0.04374998319048588,0.04334929425637968,0.04495405553512891,0.04318298756843026,0.042468081605176414,0.04356640679539139,0.04332128781332543,0.042884581918961655,0.042970724922252505,0.04259912409657429
1020,47.281274295453755,18.387162226009792,55.68683417020109,42.02779937373667,21.013899686868335,37.299671944191296,27.843417085100544,43.6038418502518,18.387162226009792,44.65453683459521,68.29517398232208,27.318069592928836,12.082992319949293,39.92640940504984,25.216679624242,59.88961410757476,63.041699060605005,11.557644827777585,38.87571442070642,67.24447899797867,0.04482626474087917,0.04390625368009292,0.04196131035251881,0.043676263706718815,0.042976980125620116,0.04422701523476181,0.04224139245790271,0.042717729805724386,0.04330507838409144,0.04266490925344891,0.04214931008653243
1021,45.47965420139701,25.092223007667315,60.639538935196015,42.3431263254386,25.614977653660386,26.66048694564652,23.00120442369504,48.09342743136236,9.932338273868313,47.57067278536928,69.00361327108511,23.523959069688107,7.318565043902967,35.024561281535625,27.70599623763266,61.16229358118908,64.82157610314056,12.02335685784059,35.54731592752869,66.91259468711284,0.04484368570887385,0.04371809934579013,0.04320849813091077,0.042631393121846044,0.04307358554034733,0.04485547116757171,0.04248606723136907,0.04353203200037913,0.04410867735176155,0.04151408425935909,0.04327376014872225
1022,46.07513423671352,25.13189140184374,60.735404221122366,42.410066740611306,25.65547247271548,26.70263461445897,22.513986047485012,47.64587744932875,10.471621417434891,47.64587744932875,70.15986349681377,23.03756711835676,7.853716063076168,35.079931748406885,27.74979675620246,60.211823150250616,65.44763385896806,12.042364630050123,35.60351281927863,66.49479600071156,0.04482930321791385,0.04367861800997062,0.04317272106385136,0.042545660885375855,0.04299973140520414,0.044745222969456794,0.04228850180694817,0.04342365824586873,0.04404259078433432,0.04150636476303406,0.04318655597629759
1023,45.48257757873469,25.093835905508797,60.64343677164626,41.82305984251466,25.61662415354023,26.662200649603097,24.04825940944593,48.09651881889186,9.932976712597231,48.09651881889186,69.00804874014919,23.00268291338306,7.319035472440065,35.02681261810603,27.70777714566596,61.16622501967769,64.82574275589772,12.024129704722965,35.54960086613746,66.39410749999202,0.04487650075273191,0.04366688836869851,0.04325756274988011,0.042616243147898435,0.04302444859103383,0.044932315483422434,0.042480645712635025,0.04357387703640674,0.044021086363177475,0.0414948459101924,0.043267337852489825
1024,42.16750094513493,21.864630119699594,57.26450745635608,39.564568788027835,20.823457256856756,38.00280949376358,29.15284015959946,44.24984667082061,16.138179374063988,45.291019533663444,69.75858181047013,26.549908002492366,10.932315059849797,41.1263280822921,23.94697584538527,58.826266750620334,61.94978533914885,10.932315059849797,39.04398235660642,65.07330392767736,0.044609108205395286,0.04376474465537535,0.04232377262282402,0.04485113959012117,0.04366448955903819,0.04521769287999413,0.04312282548263598,0.04335683513522291,0.04330841389280568,0.04276207684894265,0.04243246970622568
1025,46.86078125707602,19.61614099133415,46.86078125707602,25.609961849797358,18.526355380704473,38.68738917735346,18.526355380704473,34.873139540149594,9.263177690352236,44.68121003581667,60.48310138994695,14.71210574350061,10.35296330098191,27.78953307105671,22.340605017908334,50.13013808896504,68.11160066435468,4.359142442518699,27.24464026574187,40.866960398612804,0.04302489179983526,0.042425198506015595,0.03889739988067386,0.04102455952925967,0.041145210498975605,0.0426538222505334,0.039965119823746405,0.04064056803871905,0.04248202109634271,0.03998543414782956,0.04286296911323158
1026,46.86078125707602,19.61614099133415,46.86078125707602,25.609961849797358,18.526355380704473,38.68738917735346,18.526355380704473,34.873139540149594,9.263177690352236,44.68121003581667,60.48310138994695,14.71210574350061,10.35296330098191,27.78953307105671,22.340605017908334,50.13013808896504,68.11160066435468,4.359142442518699,27.24464026574187,40.866960398612804,0.04302489179983526,0.042425198506015595,0.03889739988067386,0.04102455952925967,0.041145210498975605,0.0426538222505334,0.039965119823746405,0.04064056803871905,0.04248202109634271,0.03998543414782956,0.04286296911323158
1027,47.60938083606622,19.357660339939013,56.50344099225442,41.854400735003274,20.927200367501637,37.1457806523154,29.29808051450229,43.94712077175343,16.21858028481377,45.51666079931606,66.96704117600524,28.77490050531475,11.5099602021259,40.80804071662819,26.159000459377044,54.933900964691794,64.35114113006753,10.986780192938358,39.23850068906557,64.35114113006753,0.04439199584183647,0.0437486484948826,0.04218575218030959,0.04433505398793624,0.043111845270379055,0.04482179246697492,0.042665721955299385,0.043167255335700205,0.04339201236451334,0.04289133597805303,0.04210857693657414
1028,37.799279516174934,18.37464976480726,40.949219475856175,25.199519677449956,19.424629751367675,28.87444963041141,19.949619744647883,43.04917944897701,9.449819879043734,41.99919946241659,50.39903935489991,23.099559704329128,9.449819879043734,33.07436957665307,22.57456971104892,55.12394929442178,46.724109401938456,4.724909939521867,33.07436957665307,46.724109401938456,0.04262106896212954,0.04399876063276711,0.04300916554640217,0.044663898815964415,0.0435390097033488,0.042208749186028904,0.04281537891851173,0.043124897943130715,0.044134921436319564,0.0433375998508244,0.04155655572436524
1029,45.5595816042438,20.70890072920173,51.25452930477428,41.41780145840346,20.70890072920173,37.793743830793154,30.54562857557255,43.48869153132363,13.460785473981124,43.48869153132363,68.33937240636571,31.063351093802595,12.425340437521038,39.86463390371333,24.332958356812032,57.98492204176485,60.57353463291506,10.872172882830908,39.86463390371333,65.23303729698544,0.04494229817742249,0.044990387085436304,0.0434298636510429,0.04449928301835729,0.04331120360362148,0.04526603829752323,0.043314228961949336,0.043429537169969494,0.04390340569152602,0.04299377480569821,0.04219746130741009
1030,45.981828155374416,21.699289691300287,53.73157447369594,41.331980364381494,20.665990182190747,38.23208183705288,32.03228478239566,40.29868085527196,13.432893618423986,42.8819296280458,67.16446809211993,29.449036009621818,12.916243863869218,40.81533060982673,23.76588870951936,56.31482324646979,59.4147217737984,10.849644845650143,39.78203110071719,65.61451882845563,0.044883893651664314,0.044697882331373465,0.04354407936017782,0.0448777948034425,0.04339713204701584,0.045107051761001854,0.04311447024340591,0.04366355641549038,0.04390909946923668,0.043613134628583156,0.042542150733839455
1031,44.898262884434786,21.67502346145128,54.187558653628194,39.73754301266067,20.642879487096454,36.64111108959621,31.480391217822092,42.31790294854773,13.417871666612696,43.86611891007996,65.02507038435382,30.44824724346727,12.385727692257873,40.253614999838085,23.739311410160923,59.86435051257972,59.86435051257972,10.83751173072564,40.253614999838085,65.02507038435382,0.04496809217742022,0.045146383353951734,0.043330898510698906,0.044591545564756495,0.0433328271886723,0.045180497776564056,0.04322949984410277,0.04407442847139923,0.044354988613096655,0.04245007454138062,0.043268776780545706
1032,46.593506632746966,20.19051954085702,53.32367981303264,40.38103908171404,20.708225170109763,37.27480530619758,31.58004338441739,42.45186159872502,15.013463248329579,42.96956722797776,66.78402617360399,31.062337755164645,12.942640731318603,40.38103908171404,24.332164574878973,59.53614736406557,59.018441734812825,10.871818214307627,39.34562782320855,64.19549802734026,0.0447660703971512,0.04471500994616524,0.04346414616123223,0.04478825937663455,0.04333814287767131,0.04497703626109869,0.04316865339838302,0.043873027557057416,0.044014713075931425,0.04275658811538309,0.0424327235805477
1033,40.62522617463957,19.270940621303385,45.312752271713364,31.771010213500176,19.270940621303385,30.20850151447558,26.04181165040998,33.85435514553298,9.375052194147592,38.02104500959857,56.25031316488556,25.000139184393582,10.937560893172192,34.89602761154937,19.791776854311586,49.47944213577896,53.12529576683636,6.770871029106595,30.729337747483775,54.68780446586096,0.04533189113228215,0.045099513743434926,0.04293988420550681,0.04509880441996201,0.0430967598384741,0.04539544787566209,0.04193132306870568,0.04268229608628698,0.0437343130896776,0.04196718666306685,0.04188634686874124
1034,44.687896251070335,21.304694724347485,59.237443867697884,40.011255945725765,20.265441323159802,35.334615640381195,27.540215131473577,43.12901614928881,17.667307820190597,44.687896251070335,67.55147107719934,29.618721933848942,11.431787413064503,41.050509346913444,24.42245492791053,55.080430262947154,63.914084173042454,10.912160712470662,38.97200254453808,63.39445747244861,0.04455143051752449,0.04450222904788701,0.042805820429604444,0.04436543464946528,0.04379182322552323,0.04539416725992012,0.042365531583188926,0.04341084931618269,0.0437283014622656,0.042555934842681414,0.04290177707191559
1035,46.20819882304523,21.806116298515725,58.1496434627086,38.4203001450039,20.767729808110214,37.90110689980114,30.113208221759812,43.61223259703145,13.49902437527164,44.650619087436965,69.57189485716923,27.517241995746037,11.941444639663374,42.57384610662594,23.363696034123993,55.034483991492074,62.30318942433065,10.383864904055107,39.977879880612164,64.89915565034443,0.045034315508381405,0.044320596319563615,0.04286835401957009,0.0441241846825409,0.04319082730067978,0.04573420918371012,0.04296464367181913,0.04321933042380821,0.043171117365208615,0.0434337484871292,0.04274542783483356
1036,44.79218510063122,20.83357446540987,57.29232977987715,41.66714893081974,20.83357446540987,36.97959467610252,28.12532552830333,43.22966701572548,17.187698933963144,44.271345738995976,68.22995637421734,28.646164889938575,11.979305317610677,39.06295212264351,25.521128720127095,55.72981169497141,63.54240211950011,10.937626594340182,39.06295212264351,64.5840808427706,0.044483224825704104,0.0441200107690025,0.042279843098360644,0.04463913587279057,0.043861568542942,0.04504920550284807,0.042531287894152094,0.04364416606628568,0.042950425598645356,0.042855131814351945,0.04274663837967019
1037,38.15172527624956,20.106990348293685,43.822927682178545,34.02721443557393,20.106990348293685,28.871575884729396,21.653681913547047,43.30736382709409,9.280149391520164,38.667289131334016,49.49413008810754,29.902703594898302,10.826840956773523,43.30736382709409,26.809320464391583,56.71202405928989,47.431874667769726,4.640074695760082,30.418267449982757,50.52525779827644,0.04527554059198035,0.045413403224441935,0.0419547049017589,0.044512874790402585,0.04411361998862357,0.043095438277679275,0.04320273430943578,0.04483621034568628,0.044326087156126126,0.04328865555947649,0.04441687576993523
1038,48.22261829299612,22.296479425793905,58.07455106253296,38.37068552345928,20.74091109376177,37.33363996877119,31.6298894179867,44.07443607424376,12.444546656257062,45.630004406275894,66.37091550003767,26.9631844218903,12.963069433601106,39.92625385549141,24.889093312514124,56.00045995315678,61.70421050394127,10.88897832422493,40.963299410179495,62.741256058629354,0.04512404363603726,0.044026674797450316,0.04279545693101358,0.044157595972825335,0.043497884432883806,0.04571581094698579,0.04288227785436067,0.04358795305153787,0.043304747899054204,0.04364867406621456,0.04273610306759238
1039,42.5640473767077,21.28202368835385,56.57903858611145,41.00682613121839,20.762949939857414,35.297014897757606,29.06812991580038,43.08312112520414,13.49591746090732,44.12126862219701,67.99866105303303,29.06812991580038,14.53406495790019,39.96867863422552,24.915539927828895,60.73162857408293,60.73162857408293,10.900548718425142,40.48775238272196,62.80792356806868,0.044399909547606746,0.04423301615215651,0.0425703582760888,0.04459246638590864,0.04365568036372367,0.04526051650492284,0.04327244521429979,0.04331198541531027,0.04374599540894437,0.04319466553276179,0.04268921270184132
1040,34.963784224054514,19.83020597782196,44.878887212965495,28.17976638953647,18.786510926357646,31.83269906966157,18.786510926357646,43.31334463576902,6.784017834518039,40.704107007108234,47.488124841626274,24.004986183679218,8.871407937446667,32.876394121125884,22.961291132214903,51.662905047483534,46.44442979016196,4.696627731589412,33.920089172590195,48.009972367358436,0.043435723561582075,0.04406615404986349,0.04305357820222659,0.04525353462440191,0.04306125687967113,0.042482425890522674,0.04380911754080995,0.04327323574294927,0.04422337732582408,0.04376489152425606,0.04172917892573598
1041,43.292697620545304,20.10018103811032,41.74652984838298,37.62341578928342,20.10018103811032,28.346409156309427,21.646348810272652,40.71575133360808,7.730838860811661,40.20036207622064,51.02353648135697,30.923355443246646,10.307785147748882,42.777308363157864,29.377187671084315,49.477368709194636,51.02353648135697,5.669281831261885,27.831019898921983,46.900422422257414,0.04540569800013109,0.0460862884832093,0.042018248374750614,0.04428696558921155,0.04470477169204551,0.04328941786448743,0.042876083791341835,0.044069305409108486,0.04383610866865711,0.04372791708731922,0.044309937652293734
1042,48.53285436440445,22.156303079402033,63.30372308400581,37.98223385040349,24.266427182202225,29.54173743920271,28.486675387802613,50.64297846720465,12.660744616801162,49.58791641580455,66.99644026390615,23.21136513080213,7.912965385500726,35.87210974760329,25.321489233602325,59.61100590410547,65.41384718680601,10.02308948830092,40.09235795320368,64.88631616110595,0.043862176365083216,0.043272432930366124,0.04277288018145359,0.04338832098726822,0.04178671562904273,0.044561721687146984,0.041967021377533394,0.04295751630424866,0.043256988878667385,0.04189567969216398,0.04274752026697733
1043,42.39739034491267,17.796435453420134,43.44423948923151,32.975748046043186,18.31986002557955,29.835200613086695,23.554105747173708,31.405474329564942,9.945066871028898,39.78026748411559,60.1938257983328,25.124379463651955,11.515340587507145,35.59287090684027,19.890133742057795,47.63163606650683,51.81903264378216,6.804519438072404,28.264926896608447,51.81903264378216,0.04496635047363071,0.04422193892791084,0.042525095198926575,0.04430709026356676,0.04289877175278868,0.04470146513313684,0.041909029936504014,0.043294945440741923,0.04378100797236804,0.04228291617551036,0.04168681656549942
1044,46.93985742838711,21.38371282848746,59.45715274262367,40.681209771268826,21.38371282848746,39.11654785698926,28.68546842845879,41.724317714121874,13.56040325708961,47.461411399813635,64.67269245688891,28.163914457032266,12.517295314236563,41.724317714121874,25.55614459989965,55.284720971211485,64.15113848546238,10.952633399956992,38.59499388556274,63.108030542609335,0.04458401785419136,0.04462449636145225,0.04267895828625971,0.044142112543077365,0.04294965249809065,0.04508005694457975,0.04270526788642018,0.04333855677981211,0.04287267273715257,0.04295655798789922,0.042513678694541424
1045,48.16955806646297,21.753993965499404,56.97474610011749,41.95413121917743,20.718089490951815,38.32846555826086,26.93351633823736,42.47208345645122,14.502662643666271,46.09774911736779,66.81583860831961,29.005325287332543,12.948805931844884,40.40027450735604,24.343755151868383,53.86703267647472,60.60041176103406,10.876996982749702,39.88232227008224,62.67222071012924,0.044791313617691564,0.044561949319237175,0.0429448472378682,0.044860619510883014,0.04293889475086283,0.0455215236926732,0.043214163849730536,0.043903413547575314,0.04314797465785646,0.04322305788935903,0.04294000465246731
1046,48.72244263462679,21.25127817042232,57.015624359669644,41.984232483029466,20.73295431260714,38.35596547832321,26.952840606389284,43.02088019865982,13.994744161009821,46.130823345550894,66.34545380034285,29.026136037649998,12.958096445379464,40.42926090958393,24.361221317313394,53.90568121277857,60.64389136437589,10.88480101411875,40.42926090958393,62.71718679563661,0.044711417117085595,0.04454897175292503,0.0427439317290279,0.04472976295846751,0.04298974492297081,0.045437920336120166,0.0433332656342528,0.04376119436265721,0.043318953889165124,0.043180049613480945,0.04292092986866827
1047,43.292697620545304,20.10018103811032,41.74652984838298,37.62341578928342,20.10018103811032,28.346409156309427,21.646348810272652,40.71575133360808,7.730838860811661,40.20036207622064,51.02353648135697,30.923355443246646,10.307785147748882,42.777308363157864,29.377187671084315,49.477368709194636,51.02353648135697,5.669281831261885,27.831019898921983,46.900422422257414,0.04540569800013109,0.0460862884832093,0.042018248374750614,0.04428696558921155,0.04470477169204551,0.04328941786448743,0.042876083791341835,0.044069305409108486,0.04383610866865711,0.04372791708731922,0.044309937652293734
1048,43.292697620545304,20.10018103811032,41.74652984838298,37.62341578928342,20.10018103811032,28.346409156309427,21.646348810272652,40.71575133360808,7.730838860811661,40.20036207622064,51.02353648135697,30.923355443246646,10.307785147748882,42.777308363157864,29.377187671084315,49.477368709194636,51.02353648135697,5.669281831261885,27.831019898921983,46.900422422257414,0.04540569800013109,0.0460862884832093,0.042018248374750614,0.04428696558921155,0.04470477169204551,0.04328941786448743,0.042876083791341835,0.044069305409108486,0.04383610866865711,0.04372791708731922,0.044309937652293734
1049,43.292697620545304,20.10018103811032,41.74652984838298,37.62341578928342,20.10018103811032,28.346409156309427,21.646348810272652,40.71575133360808,7.730838860811661,40.20036207622064,51.02353648135697,30.923355443246646,10.307785147748882,42.777308363157864,29.377187671084315,49.477368709194636,51.02353648135697,5.669281831261885,27.831019898921983,46.900422422257414,0.04540569800013109,0.0460862884832093,0.042018248374750614,0.04428696558921155,0.04470477169204551,0.04328941786448743,0.042876083791341835,0.044069305409108486,0.04383610866865711,0.04372791708731922,0.044309937652293734
1050,43.292697620545304,20.10018103811032,41.74652984838298,37.62341578928342,20.10018103811032,28.346409156309427,21.646348810272652,40.71575133360808,7.730838860811661,40.20036207622064,51.02353648135697,30.923355443246646,10.307785147748882,42.777308363157864,29.377187671084315,49.477368709194636,51.02353648135697,5.669281831261885,27.831019898921983,46.900422422257414,0.04540569800013109,0.0460862884832093,0.042018248374750614,0.04428696558921155,0.04470477169204551,0.04328941786448743,0.042876083791341835,0.044069305409108486,0.04383610866865711,0.04372791708731922,0.044309937652293734
1051,34.17567031001522,20.1947142740999,44.014120853807476,27.444098885315253,18.641274714553756,28.479725258346015,19.67690108758452,43.49630766729209,6.731571424699967,40.3894285481998,47.63881315941515,24.85503295273834,8.802824170761495,33.65785712349984,21.230340647130667,51.26350546502283,44.014120853807476,4.660318678638439,33.65785712349984,46.60318678638439,0.04364352871982435,0.04438332895896417,0.04369694076700353,0.04536867121936836,0.04328207337431933,0.042746393124756754,0.0444643349754342,0.04386704207203908,0.04466126859013297,0.0436764059691247,0.04239682571365037
1052,43.292697620545304,20.10018103811032,41.74652984838298,37.62341578928342,20.10018103811032,28.346409156309427,21.646348810272652,40.71575133360808,7.730838860811661,40.20036207622064,51.02353648135697,30.923355443246646,10.307785147748882,42.777308363157864,29.377187671084315,49.477368709194636,51.02353648135697,5.669281831261885,27.831019898921983,46.900422422257414,0.04540569800013109,0.0460862884832093,0.042018248374750614,0.04428696558921155,0.04470477169204551,0.04328941786448743,0.042876083791341835,0.044069305409108486,0.04383610866865711,0.04372791708731922,0.044309937652293734
1053,46.86436509328329,20.30789154042276,59.361529118158835,40.61578308084552,20.828606708125907,36.97077690692348,29.680764559079417,41.13649824854867,16.14217019879758,43.74007408706441,68.21368696911235,30.201479726782566,14.580024695688135,40.09506791314237,22.911467378938497,53.633662273424214,62.485820124377724,10.935018521766102,40.61578308084552,65.08939596289346,0.04471648392557105,0.04377755350704525,0.0425418558626444,0.045029088772302134,0.04338681847961207,0.04522589809823961,0.04284793389908116,0.04315613093891325,0.04371705460383162,0.04266053295423727,0.04222548125537455
1054,43.40368320149896,22.735262629356598,56.838156573391494,42.37026217289184,20.668420572142363,35.13631497264202,28.93578880099931,40.820130629981165,14.467894400499654,44.95381474440964,67.17236685946267,28.93578880099931,12.917762857588976,40.3034201156776,25.318815200874393,54.77131451617726,63.0386827450342,10.85092080037474,40.820130629981165,63.0386827450342,0.045191165277790636,0.044270740694792005,0.042753940438827166,0.04455874851028235,0.043693101893275556,0.04607018819410128,0.04324467154620413,0.04386282657719251,0.04338855497730341,0.043175196619279536,0.04308035096739228
1055,43.49509930293483,21.229750850242002,54.368874128668544,41.941702899258594,20.71195204901659,36.24591608577903,30.032330471074054,41.42390409803318,13.462768831860782,44.01289810416025,68.34944176175475,30.032330471074054,13.462768831860782,41.941702899258594,25.37214126004532,58.51126453847186,61.61805734582435,10.873774825733708,40.90610529680776,60.58245974337352,0.04533245886192277,0.04438516296284908,0.04256551024860539,0.04436672807920884,0.043181516518346966,0.04560811404149018,0.04294133960768962,0.043775539929673854,0.04365032619976672,0.04313752575173548,0.04325697657329636
1056,44.45381547665374,21.193098076079107,54.275007268007464,42.903100983282094,20.676193244955225,34.632623685300004,29.463575374061197,41.86929132103433,13.439525609220896,44.45381547665374,68.23143770835225,29.980480205185078,13.439525609220896,41.35238648991045,26.362146387317914,56.85953142362687,60.99477007261792,10.855001453601494,41.86929132103433,60.47786524149404,0.04524625144841237,0.04474181758976584,0.04301497941331336,0.04428093435958994,0.04350981673644029,0.04578339536954765,0.04292152512425222,0.04379730388877365,0.044066093268919,0.04314544239738001,0.0425876092797251
1057,45.47084907566354,25.08736500726264,60.105145329900076,42.33492844975571,25.08736500726264,26.655325320216555,23.519404694308726,48.08411626392006,9.930415315374795,47.56146282626876,68.99025376997226,22.996751256657422,7.31714812711827,35.54043376028874,27.700632195519166,61.15045220520268,65.33167970641313,12.021029065980015,35.54043376028874,66.89964001936704,0.044856417827205106,0.043719072717990436,0.04327718860491562,0.04266210153913396,0.04307574026743723,0.044888632389215734,0.04253953479883229,0.0434592972049974,0.044055215092320986,0.04156980678765894,0.04324355511898738
1058,42.81249543493072,20.116714722437322,41.780869038908286,37.65436345481858,20.116714722437322,28.36972589061674,21.664154316470963,40.233429444874645,7.737197970168202,40.233429444874645,51.06550660311013,30.948791880672808,10.31626396022427,42.81249543493072,29.401352286639167,49.51806700907649,52.097132999132555,5.673945178123348,27.853912692605526,46.939001019020424,0.045412623868769424,0.04608604416068374,0.04200640257169524,0.04427058035670209,0.04461872315924208,0.043218915512772266,0.04284860487666661,0.044027438359986924,0.04386009260032035,0.04369393719868381,0.04414343932326399
1059,42.78872602973474,20.105545965778976,41.75767239046402,37.63345783338116,20.105545965778976,28.353975079944707,21.65212642468505,40.72661875119331,7.7329022945303745,40.21109193155795,51.03715514390047,30.931609178121498,10.310536392707167,42.78872602973474,29.385028719215423,49.4905746849944,51.55268196353583,5.670795015988942,27.83844826030935,46.912940586817605,0.04536310284188381,0.04608328046557114,0.04202642220549154,0.0442937707655538,0.04467399850686187,0.04329571503524031,0.04283329198748398,0.04405423472460201,0.04380305463776168,0.04373732874356558,0.0443089804506259
1060,43.292697620545304,20.10018103811032,41.74652984838298,37.62341578928342,20.10018103811032,28.346409156309427,21.646348810272652,40.71575133360808,7.730838860811661,40.20036207622064,51.02353648135697,30.923355443246646,10.307785147748882,42.777308363157864,29.377187671084315,49.477368709194636,51.02353648135697,5.669281831261885,27.831019898921983,46.900422422257414,0.04540569800013109,0.0460862884832093,0.042018248374750614,0.04428696558921155,0.04470477169204551,0.04328941786448743,0.042876083791341835,0.044069305409108486,0.04383610866865711,0.04372791708731922,0.044309937652293734
1061,43.292697620545304,20.10018103811032,41.74652984838298,37.62341578928342,20.10018103811032,28.346409156309427,21.646348810272652,40.71575133360808,7.730838860811661,40.20036207622064,51.02353648135697,30.923355443246646,10.307785147748882,42.777308363157864,29.377187671084315,49.477368709194636,51.02353648135697,5.669281831261885,27.831019898921983,46.900422422257414,0.04540569800013109,0.0460862884832093,0.042018248374750614,0.04428696558921155,0.04470477169204551,0.04328941786448743,0.042876083791341835,0.044069305409108486,0.04383610866865711,0.04372791708731922,0.044309937652293734
1062,43.292697620545304,20.10018103811032,41.74652984838298,37.62341578928342,20.10018103811032,28.346409156309427,21.646348810272652,40.71575133360808,7.730838860811661,40.20036207622064,51.02353648135697,30.923355443246646,10.307785147748882,42.777308363157864,29.377187671084315,49.477368709194636,51.02353648135697,5.669281831261885,27.831019898921983,46.900422422257414,0.04540569800013109,0.0460862884832093,0.042018248374750614,0.04428696558921155,0.04470477169204551,0.04328941786448743,0.042876083791341835,0.044069305409108486,0.04383610866865711,0.04372791708731922,0.044309937652293734
1063,43.292697620545304,20.10018103811032,41.74652984838298,37.62341578928342,20.10018103811032,28.346409156309427,21.646348810272652,40.71575133360808,7.730838860811661,40.20036207622064,51.02353648135697,30.923355443246646,10.307785147748882,42.777308363157864,29.377187671084315,49.477368709194636,51.02353648135697,5.669281831261885,27.831019898921983,46.900422422257414,0.04540569800013109,0.0460862884832093,0.042018248374750614,0.04428696558921155,0.04470477169204551,0.04328941786448743,0.042876083791341835,0.044069305409108486,0.04383610866865711,0.04372791708731922,0.044309937652293734
1064,43.292697620545304,20.10018103811032,41.74652984838298,37.62341578928342,20.10018103811032,28.346409156309427,21.646348810272652,40.71575133360808,7.730838860811661,40.20036207622064,51.02353648135697,30.923355443246646,10.307785147748882,42.777308363157864,29.377187671084315,49.477368709194636,51.02353648135697,5.669281831261885,27.831019898921983,46.900422422257414,0.04540569800013109,0.0460862884832093,0.042018248374750614,0.04428696558921155,0.04470477169204551,0.04328941786448743,0.042876083791341835,0.044069305409108486,0.04383610866865711,0.04372791708731922,0.044309937652293734
1065,43.292697620545304,20.10018103811032,41.74652984838298,37.62341578928342,20.10018103811032,28.346409156309427,21.646348810272652,40.71575133360808,7.730838860811661,40.20036207622064,51.02353648135697,30.923355443246646,10.307785147748882,42.777308363157864,29.377187671084315,49.477368709194636,51.02353648135697,5.669281831261885,27.831019898921983,46.900422422257414,0.04540569800013109,0.0460862884832093,0.042018248374750614,0.04428696558921155,0.04470477169204551,0.04328941786448743,0.042876083791341835,0.044069305409108486,0.04383610866865711,0.04372791708731922,0.044309937652293734
1066,43.292697620545304,20.10018103811032,41.74652984838298,37.62341578928342,20.10018103811032,28.346409156309427,21.646348810272652,40.71575133360808,7.730838860811661,40.20036207622064,51.02353648135697,30.923355443246646,10.307785147748882,42.777308363157864,29.377187671084315,49.477368709194636,51.02353648135697,5.669281831261885,27.831019898921983,46.900422422257414,0.04540569800013109,0.0460862884832093,0.042018248374750614,0.04428696558921155,0.04470477169204551,0.04328941786448743,0.042876083791341835,0.044069305409108486,0.04383610866865711,0.04372791708731922,0.044309937652293734
1067,42.788196808061976,20.105297295354422,41.75715592112073,37.63299237335571,20.105297295354422,28.353624390884445,21.6518586257663,40.72611503417947,7.732806652059394,40.72611503417947,51.036523903592,30.931226608237576,10.310408869412525,42.788196808061976,29.384665277825697,49.48996257318012,51.552044347062626,5.670724878176888,27.32258350394319,46.39683991235636,0.045438784633253675,0.04600263874581734,0.04199360812270324,0.04433651884128278,0.044550949704658296,0.04347210914574459,0.04270846498985102,0.04416517578855923,0.04396460453128442,0.04356207001308948,0.04428463201312978
1068,42.793110931487085,20.10760634130116,41.76195163193318,37.637314433717556,20.10760634130116,28.356880737732407,21.65434529063202,40.73079233237927,7.733694746654292,40.21521268260232,51.04238532791833,30.934778986617168,10.311592995539057,42.793110931487085,29.903619687063262,48.98006672881052,51.557964977695285,5.671376147546481,27.841301087955454,46.91774812970271,0.04534858037697382,0.046088001472719645,0.042026464107878296,0.0442912461227069,0.04465492451342592,0.04327673912049983,0.042844664957243817,0.04403923975178927,0.04380902464135504,0.04373982786174648,0.04430163729670812
1069,43.292697620545304,20.10018103811032,41.74652984838298,37.62341578928342,20.10018103811032,28.346409156309427,21.646348810272652,40.71575133360808,7.730838860811661,40.20036207622064,51.02353648135697,30.923355443246646,10.307785147748882,42.777308363157864,29.377187671084315,49.477368709194636,51.02353648135697,5.669281831261885,27.831019898921983,46.900422422257414,0.04540569800013109,0.0460862884832093,0.042018248374750614,0.04428696558921155,0.04470477169204551,0.04328941786448743,0.042876083791341835,0.044069305409108486,0.04383610866865711,0.04372791708731922,0.044309937652293734
1070,43.292697620545304,20.10018103811032,41.74652984838298,37.62341578928342,20.10018103811032,28.346409156309427,21.646348810272652,40.71575133360808,7.730838860811661,40.20036207622064,51.02353648135697,30.923355443246646,10.307785147748882,42.777308363157864,29.377187671084315,49.477368709194636,51.02353648135697,5.669281831261885,27.831019898921983,46.900422422257414,0.04540569800013109,0.0460862884832093,0.042018248374750614,0.04428696558921155,0.04470477169204551,0.04328941786448743,0.042876083791341835,0.044069305409108486,0.04383610866865711,0.04372791708731922,0.044309937652293734
1071,43.2785841309744,20.09362834652383,41.732920412011026,37.61115049477537,20.09362834652383,28.337168180995143,21.6392920654872,40.70247793270212,7.728318594816857,40.18725669304766,51.00690272579126,30.913274379267428,10.304424793089142,43.2785841309744,29.367610660304056,49.46123900682789,51.00690272579126,5.6674336361990285,27.821946941340684,46.369911568901145,0.04542811421442825,0.046013694204058396,0.042057106462248146,0.04433628964002025,0.04476226092516435,0.043336710968157804,0.042910425001739465,0.04409236621483064,0.04376861132531416,0.043729553535282455,0.04434362785429896
1072,42.78872602973474,20.105545965778976,41.75767239046402,37.63345783338116,20.105545965778976,28.353975079944707,21.65212642468505,40.72661875119331,7.7329022945303745,40.21109193155795,51.03715514390047,30.931609178121498,10.310536392707167,42.78872602973474,29.385028719215423,49.4905746849944,51.55268196353583,5.670795015988942,27.83844826030935,46.912940586817605,0.04536310284188381,0.04608328046557114,0.04202642220549154,0.0442937707655538,0.04467399850686187,0.04329571503524031,0.04283329198748398,0.04405423472460201,0.04380305463776168,0.04373732874356558,0.0443089804506259
1073,44.965218203357736,25.09686597396711,60.65075943708718,42.3509613310695,25.619717348424757,26.665420097340053,23.528311850594164,48.102326450103625,9.411324740237665,47.57947507564598,69.5392328028672,23.005460476136516,7.319919242407074,35.031042088662424,27.71112284625535,61.173610811544826,64.83357043274836,12.025581612525906,36.07674483757772,66.92497593057895,0.044824075881226395,0.04370094787787379,0.04315808945930508,0.04263398577298784,0.0431429200896958,0.0448478265978245,0.042454159555667816,0.04348612067161814,0.04411623160268342,0.04157752219445957,0.04320674583900967
1074,44.979626794947606,25.104907978575408,60.14717536533692,42.364532213846005,25.62792689479573,26.673964727236374,23.535851229914446,48.11774029226954,9.937359408186099,48.11774029226954,69.5615158573027,23.012832313694126,7.322264827084495,35.04226738676151,27.720002559677013,60.670194281557244,65.37736452754012,12.029435073067384,35.56528630298183,66.9464212762011,0.04480045485841201,0.04372210625125213,0.04314429148693718,0.04261234169133076,0.042963427536335405,0.04491351596538884,0.04245182900381744,0.04351797888009851,0.04402294210996427,0.04158014677112508,0.043252049225017165
1075,43.375986000720154,25.084907566681533,61.14446219378624,38.67256583196737,25.607509807654065,26.130112048626597,26.130112048626597,49.124610651418,11.497249301395703,47.55680392850041,67.93829132642915,24.03970308473647,7.839033614587979,37.104759109049766,27.697918771544195,58.53145098892358,66.37048460351156,11.497249301395703,35.01435014515964,65.84788236253902,0.044401292420146066,0.043844476217319996,0.043495193058667364,0.04306231397842396,0.04309426549305511,0.044952946776273636,0.04229400216287529,0.04342678284265725,0.04437321620822686,0.0414956618566529,0.04295760801316958
1076,36.741815040229895,17.846024448111663,41.99064576026274,26.24415360016421,19.420673664121516,30.443218176190484,19.420673664121516,45.13994419228244,7.873246080049262,40.415996544252884,47.23947648029558,25.194387456157642,11.022544512068968,33.59251660821019,22.045089024137937,57.73713792036126,43.56529497627259,4.723947648029558,33.067633536206905,47.76435955229886,0.04267118277390679,0.04383114704482067,0.0430428691672315,0.04475699761740456,0.04304082814033178,0.04255600258911238,0.04383000106099407,0.04333597119985798,0.04279810965415736,0.0428743054359952,0.04237951331290363
1077,36.71869604260369,17.83479522069322,41.439671248081304,26.227640030431203,19.40845362251909,30.424062435300197,19.40845362251909,45.111540852341676,7.8682920091293616,40.390565646864054,47.20975205477617,25.178534429213958,11.015608812781107,33.57137923895194,22.031217625562213,57.70080806694865,43.5378824505158,4.720975205477617,33.57137923895194,47.73430485538479,0.042634126196654666,0.04386368422007575,0.0431349288651492,0.04484659047617319,0.04305445747680593,0.04252009579962413,0.04391429476598491,0.04330247887158111,0.0428394515491567,0.042914282434661756,0.04242280873550848
1078,46.3249128232893,26.025231923196237,47.88642673868108,35.394315415546885,21.86119481548484,28.627755115515864,26.025231923196237,45.28390354636146,9.889588130814571,36.95582933093866,66.10408908491844,20.299680900093065,9.889588130814571,40.59936180018613,33.31229686169119,61.94005197720705,57.25551023103173,9.369083492350645,32.79179222322726,60.899042700279196,0.04517845569895085,0.044232025539124004,0.043169347720397884,0.044194903060525474,0.04300957968905883,0.04472954117291646,0.042037485347656056,0.04350096602550036,0.04414972402279193,0.04207688383110629,0.04321644942804707
1079,42.78396714277478,20.103309862267665,42.268497659126886,37.113802822648,20.103309862267665,28.350821600633886,21.64971831321133,40.72208920818322,7.7320422547183325,40.20661972453533,50.51600939749311,30.92816901887333,10.309389672957776,43.29943662642266,29.381760567929664,49.48507043019733,51.54694836478888,5.670164320126777,27.835352116985998,46.907723011957884,0.04535504259346181,0.04608566726933079,0.0420520628059656,0.04432961526083387,0.04467699290608369,0.04329816742259174,0.04287850637102164,0.044102874459513296,0.04375584513043702,0.043689090406162874,0.044306651726708855
1080,42.27401559770424,20.105934247688605,41.758478822122484,37.634184617468414,20.105934247688605,28.35452265699675,21.652544574433882,40.72740527095897,7.733051633726387,40.21186849537721,51.03814078259415,30.932206534905546,10.310735511635182,42.78955237328601,29.38559620816027,49.491530455848874,51.553677558175906,5.67090453139935,27.83898588141499,47.429383353521835,0.0453204537128878,0.046067225715792276,0.04201904339561361,0.04431829210938522,0.044656221543341285,0.04332590940471347,0.04284510832284246,0.044080776201327554,0.04382262485747508,0.043732836517627896,0.04427473263723427
1081,42.78872602973474,20.105545965778976,41.75767239046402,37.63345783338116,20.105545965778976,28.353975079944707,21.65212642468505,40.72661875119331,7.7329022945303745,40.21109193155795,51.03715514390047,30.931609178121498,10.310536392707167,42.78872602973474,29.385028719215423,49.4905746849944,51.55268196353583,5.670795015988942,27.83844826030935,46.912940586817605,0.04536310284188381,0.04608328046557114,0.04202642220549154,0.0442937707655538,0.04467399850686187,0.04329571503524031,0.04283329198748398,0.04405423472460201,0.04380305463776168,0.04373732874356558,0.0443089804506259
1082,42.8005271263767,20.11109105938182,41.76918912333147,37.64383711115059,20.11109105938182,28.361795083743594,21.658098063949655,40.73785112028625,7.735035022839162,40.22218211876364,51.05123115073847,30.94014009135665,10.313380030452215,42.8005271263767,29.393133086788815,49.504224146170635,51.566900152261084,5.672359016748719,27.330457080698373,46.92587913855758,0.045391978775660126,0.0460267044011642,0.04199047720907305,0.044336291485217866,0.04472130673837801,0.04315592710765818,0.042947306637411815,0.043933135522815414,0.043955623915040286,0.04341845868575974,0.044453787999210584
1083,42.7663593039588,20.09503629945052,41.22058728092414,37.613785893843286,20.09503629945052,28.33915375563535,21.640808322485178,40.705329939912595,7.728860115173277,40.705329939912595,51.01047676014363,30.91544046069311,10.305146820231036,42.7663593039588,29.369668437658454,49.464704737108974,51.52573410115518,5.66783075112707,27.8238964146238,46.88841803205121,0.045449777338260555,0.04603255053611783,0.042017911721429727,0.04436832294933794,0.044785014948924146,0.04321140708417138,0.042940689499291564,0.04406211072123935,0.04386634454675238,0.04374118076009393,0.04426734888282946
1084,43.318824769557004,20.112311500151467,41.77172388492997,37.646121525924535,20.112311500151467,28.363516218162324,21.659412384778502,40.74032329517861,8.251204718010857,40.224623000302934,51.05432919269218,30.942017692540716,10.314005897513573,42.803124474681326,29.39491680791368,49.507228308065145,51.05432919269218,5.672703243632465,27.332115628410968,46.92872683368675,0.04536957238603744,0.046088364978866835,0.04196538836746928,0.04429086371550504,0.044654173311222047,0.043299890473939444,0.04284896004877105,0.0440462618406285,0.04381633232966208,0.0436619400022243,0.044257957669995386
1085,43.318824769557004,20.112311500151467,41.77172388492997,37.646121525924535,20.112311500151467,28.363516218162324,21.659412384778502,40.74032329517861,8.251204718010857,40.224623000302934,51.05432919269218,30.942017692540716,10.314005897513573,42.803124474681326,29.39491680791368,49.507228308065145,51.05432919269218,5.672703243632465,27.332115628410968,46.92872683368675,0.04536957238603744,0.046088364978866835,0.04196538836746928,0.04429086371550504,0.044654173311222047,0.043299890473939444,0.04284896004877105,0.0440462618406285,0.04381633232966208,0.0436619400022243,0.044257957669995386
1086,43.318824769557004,20.112311500151467,41.77172388492997,37.646121525924535,20.112311500151467,28.363516218162324,21.659412384778502,40.74032329517861,8.251204718010857,40.224623000302934,51.05432919269218,30.942017692540716,10.314005897513573,42.803124474681326,29.39491680791368,49.507228308065145,51.05432919269218,5.672703243632465,27.332115628410968,46.92872683368675,0.04536957238603744,0.046088364978866835,0.04196538836746928,0.04429086371550504,0.044654173311222047,0.043299890473939444,0.04284896004877105,0.0440462618406285,0.04381633232966208,0.0436619400022243,0.044257957669995386
1087,43.318824769557004,20.112311500151467,41.77172388492997,37.646121525924535,20.112311500151467,28.363516218162324,21.659412384778502,40.74032329517861,8.251204718010857,40.224623000302934,51.05432919269218,30.942017692540716,10.314005897513573,42.803124474681326,29.39491680791368,49.507228308065145,51.05432919269218,5.672703243632465,27.332115628410968,46.92872683368675,0.04536957238603744,0.046088364978866835,0.04196538836746928,0.04429086371550504,0.044654173311222047,0.043299890473939444,0.04284896004877105,0.0440462618406285,0.04381633232966208,0.0436619400022243,0.044257957669995386
1088,43.84643055194615,21.923215275973075,53.24209424164889,33.9287855461488,29.23095370129743,29.23095370129743,22.44519659206767,46.45633713241913,9.917645005797343,41.75850528756776,64.72568319573003,24.011140540351462,8.87368237360815,38.626617391000174,27.66500975301364,60.54983266697325,51.1541689772705,8.351701057513552,38.10463607490558,50.11020634508131,0.04467831581457439,0.044887898541186536,0.04394386286815969,0.04441467216510259,0.043358708279080144,0.043590097784788784,0.043327895431161625,0.04204358304092217,0.04365365211946443,0.041534547097608114,0.04258545076335456
1089,43.36146182795337,19.615899398359858,41.81283819124075,37.683175160007096,20.132107277264062,28.39143333973137,21.680730913976685,40.780422433432335,8.259326062467307,40.264214554528124,51.10458001151647,30.972472734252406,10.324157578084135,42.84525394904916,29.423849097539787,49.55595637480385,51.10458001151647,5.678286667946274,27.35901758192296,46.97491698028281,0.045261714213831815,0.045923543829858395,0.0422296673351282,0.044114693336423746,0.04478095706871178,0.04331538613158843,0.04242649781496533,0.044360320980032494,0.043888579514132976,0.04353501937314728,0.0439557414979727
1090,43.318824769557004,20.112311500151467,41.77172388492997,37.646121525924535,20.112311500151467,28.363516218162324,21.659412384778502,40.74032329517861,8.251204718010857,40.224623000302934,51.05432919269218,30.942017692540716,10.314005897513573,42.803124474681326,29.39491680791368,49.507228308065145,51.05432919269218,5.672703243632465,27.332115628410968,46.92872683368675,0.04536957238603744,0.046088364978866835,0.04196538836746928,0.04429086371550504,0.044654173311222047,0.043299890473939444,0.04284896004877105,0.0440462618406285,0.04381633232966208,0.0436619400022243,0.044257957669995386
1091,43.36146182795337,19.615899398359858,41.81283819124075,37.683175160007096,20.132107277264062,28.39143333973137,21.680730913976685,40.780422433432335,8.259326062467307,40.264214554528124,51.10458001151647,30.972472734252406,10.324157578084135,42.84525394904916,29.423849097539787,49.55595637480385,51.10458001151647,5.678286667946274,27.35901758192296,46.97491698028281,0.045261714213831815,0.045923543829858395,0.0422296673351282,0.044114693336423746,0.04478095706871178,0.04331538613158843,0.04242649781496533,0.044360320980032494,0.043888579514132976,0.04353501937314728,0.0439557414979727
1092,43.318824769557004,20.112311500151467,41.77172388492997,37.646121525924535,20.112311500151467,28.363516218162324,21.659412384778502,40.74032329517861,8.251204718010857,40.224623000302934,51.05432919269218,30.942017692540716,10.314005897513573,42.803124474681326,29.39491680791368,49.507228308065145,51.05432919269218,5.672703243632465,27.332115628410968,46.92872683368675,0.04536957238603744,0.046088364978866835,0.04196538836746928,0.04429086371550504,0.044654173311222047,0.043299890473939444,0.04284896004877105,0.0440462618406285,0.04381633232966208,0.0436619400022243,0.044257957669995386
1093,43.30923889239157,20.107860914324657,41.76248036052044,37.637790942197434,20.107860914324657,28.35723975097067,21.654619446195785,40.731308005939695,8.249378836646013,40.215721828649315,51.043031551747205,30.93517063742255,10.311723545807517,42.793652715101196,29.388412105551424,49.49627301987608,50.52744537445683,5.671447950194135,27.32606739638992,46.918342133424204,0.045389666482124766,0.046155332086379716,0.041884279057345715,0.04439840694876687,0.044661263849602124,0.04332083808021127,0.04294220244219394,0.04403944315835954,0.043796545104651,0.04376161399962984,0.04406423150035937
1094,43.318824769557004,20.112311500151467,41.77172388492997,37.646121525924535,20.112311500151467,28.363516218162324,21.659412384778502,40.74032329517861,8.251204718010857,40.224623000302934,51.05432919269218,30.942017692540716,10.314005897513573,42.803124474681326,29.39491680791368,49.507228308065145,51.05432919269218,5.672703243632465,27.332115628410968,46.92872683368675,0.04536957238603744,0.046088364978866835,0.04196538836746928,0.04429086371550504,0.044654173311222047,0.043299890473939444,0.04284896004877105,0.0440462618406285,0.04381633232966208,0.0436619400022243,0.044257957669995386
1095,43.318824769557004,20.112311500151467,41.77172388492997,37.646121525924535,20.112311500151467,28.363516218162324,21.659412384778502,40.74032329517861,8.251204718010857,40.224623000302934,51.05432919269218,30.942017692540716,10.314005897513573,42.803124474681326,29.39491680791368,49.507228308065145,51.05432919269218,5.672703243632465,27.332115628410968,46.92872683368675,0.04536957238603744,0.046088364978866835,0.04196538836746928,0.04429086371550504,0.044654173311222047,0.043299890473939444,0.04284896004877105,0.0440462618406285,0.04381633232966208,0.0436619400022243,0.044257957669995386
1096,43.318824769557004,20.112311500151467,41.77172388492997,37.646121525924535,20.112311500151467,28.363516218162324,21.659412384778502,40.74032329517861,8.251204718010857,40.224623000302934,51.05432919269218,30.942017692540716,10.314005897513573,42.803124474681326,29.39491680791368,49.507228308065145,51.05432919269218,5.672703243632465,27.332115628410968,46.92872683368675,0.04536957238603744,0.046088364978866835,0.04196538836746928,0.04429086371550504,0.044654173311222047,0.043299890473939444,0.04284896004877105,0.0440462618406285,0.04381633232966208,0.0436619400022243,0.044257957669995386
1097,43.318824769557004,20.112311500151467,41.77172388492997,37.646121525924535,20.112311500151467,28.363516218162324,21.659412384778502,40.74032329517861,8.251204718010857,40.224623000302934,51.05432919269218,30.942017692540716,10.314005897513573,42.803124474681326,29.39491680791368,49.507228308065145,51.05432919269218,5.672703243632465,27.332115628410968,46.92872683368675,0.04536957238603744,0.046088364978866835,0.04196538836746928,0.04429086371550504,0.044654173311222047,0.043299890473939444,0.04284896004877105,0.0440462618406285,0.04381633232966208,0.0436619400022243,0.044257957669995386
1098,43.318824769557004,20.112311500151467,41.77172388492997,37.646121525924535,20.112311500151467,28.363516218162324,21.659412384778502,40.74032329517861,8.251204718010857,40.224623000302934,51.05432919269218,30.942017692540716,10.314005897513573,42.803124474681326,29.39491680791368,49.507228308065145,51.05432919269218,5.672703243632465,27.332115628410968,46.92872683368675,0.04536957238603744,0.046088364978866835,0.04196538836746928,0.04429086371550504,0.044654173311222047,0.043299890473939444,0.04284896004877105,0.0440462618406285,0.04381633232966208,0.0436619400022243,0.044257957669995386
1099,43.30923889239157,20.107860914324657,41.76248036052044,37.637790942197434,20.107860914324657,28.35723975097067,21.654619446195785,40.731308005939695,8.249378836646013,40.215721828649315,51.043031551747205,30.93517063742255,10.311723545807517,42.793652715101196,29.388412105551424,49.49627301987608,50.52744537445683,5.671447950194135,27.32606739638992,46.918342133424204,0.045389666482124766,0.046155332086379716,0.041884279057345715,0.04439840694876687,0.044661263849602124,0.04332083808021127,0.04294220244219394,0.04403944315835954,0.043796545104651,0.04376161399962984,0.04406423150035937
1100,43.30923889239157,20.107860914324657,41.76248036052044,37.637790942197434,20.107860914324657,28.35723975097067,21.654619446195785,40.731308005939695,8.249378836646013,40.215721828649315,51.043031551747205,30.93517063742255,10.311723545807517,42.793652715101196,29.388412105551424,49.49627301987608,50.52744537445683,5.671447950194135,27.32606739638992,46.918342133424204,0.045389666482124766,0.046155332086379716,0.041884279057345715,0.04439840694876687,0.044661263849602124,0.04332083808021127,0.04294220244219394,0.04403944315835954,0.043796545104651,0.04376161399962984,0.04406423150035937
1101,43.30923889239157,20.107860914324657,41.76248036052044,37.637790942197434,20.107860914324657,28.35723975097067,21.654619446195785,40.731308005939695,8.249378836646013,40.215721828649315,51.043031551747205,30.93517063742255,10.311723545807517,42.793652715101196,29.388412105551424,49.49627301987608,50.52744537445683,5.671447950194135,27.32606739638992,46.918342133424204,0.045389666482124766,0.046155332086379716,0.041884279057345715,0.04439840694876687,0.044661263849602124,0.04332083808021127,0.04294220244219394,0.04403944315835954,0.043796545104651,0.04376161399962984,0.04406423150035937
1102,43.30923889239157,20.107860914324657,41.76248036052044,37.637790942197434,20.107860914324657,28.35723975097067,21.654619446195785,40.731308005939695,8.249378836646013,40.215721828649315,51.043031551747205,30.93517063742255,10.311723545807517,42.793652715101196,29.388412105551424,49.49627301987608,50.52744537445683,5.671447950194135,27.32606739638992,46.918342133424204,0.045389666482124766,0.046155332086379716,0.041884279057345715,0.04439840694876687,0.044661263849602124,0.04332083808021127,0.04294220244219394,0.04403944315835954,0.043796545104651,0.04376161399962984,0.04406423150035937
1103,43.30923889239157,20.107860914324657,41.76248036052044,37.637790942197434,20.107860914324657,28.35723975097067,21.654619446195785,40.731308005939695,8.249378836646013,40.215721828649315,51.043031551747205,30.93517063742255,10.311723545807517,42.793652715101196,29.388412105551424,49.49627301987608,50.52744537445683,5.671447950194135,27.32606739638992,46.918342133424204,0.045389666482124766,0.046155332086379716,0.041884279057345715,0.04439840694876687,0.044661263849602124,0.04332083808021127,0.04294220244219394,0.04403944315835954,0.043796545104651,0.04376161399962984,0.04406423150035937
1104,43.318824769557004,20.112311500151467,41.77172388492997,37.646121525924535,20.112311500151467,28.363516218162324,21.659412384778502,40.74032329517861,8.251204718010857,40.224623000302934,51.05432919269218,30.942017692540716,10.314005897513573,42.803124474681326,29.39491680791368,49.507228308065145,51.05432919269218,5.672703243632465,27.332115628410968,46.92872683368675,0.04536957238603744,0.046088364978866835,0.04196538836746928,0.04429086371550504,0.044654173311222047,0.043299890473939444,0.04284896004877105,0.0440462618406285,0.04381633232966208,0.0436619400022243,0.044257957669995386
1105,43.318824769557004,20.112311500151467,41.77172388492997,37.646121525924535,20.112311500151467,28.363516218162324,21.659412384778502,40.74032329517861,8.251204718010857,40.224623000302934,51.05432919269218,30.942017692540716,10.314005897513573,42.803124474681326,29.39491680791368,49.507228308065145,51.05432919269218,5.672703243632465,27.332115628410968,46.92872683368675,0.04536957238603744,0.046088364978866835,0.04196538836746928,0.04429086371550504,0.044654173311222047,0.043299890473939444,0.04284896004877105,0.0440462618406285,0.04381633232966208,0.0436619400022243,0.044257957669995386
1106,43.318824769557004,20.112311500151467,41.77172388492997,37.646121525924535,20.112311500151467,28.363516218162324,21.659412384778502,40.74032329517861,8.251204718010857,40.224623000302934,51.05432919269218,30.942017692540716,10.314005897513573,42.803124474681326,29.39491680791368,49.507228308065145,51.05432919269218,5.672703243632465,27.332115628410968,46.92872683368675,0.04536957238603744,0.046088364978866835,0.04196538836746928,0.04429086371550504,0.044654173311222047,0.043299890473939444,0.04284896004877105,0.0440462618406285,0.04381633232966208,0.0436619400022243,0.044257957669995386
1107,43.318824769557004,20.112311500151467,41.77172388492997,37.646121525924535,20.112311500151467,28.363516218162324,21.659412384778502,40.74032329517861,8.251204718010857,40.224623000302934,51.05432919269218,30.942017692540716,10.314005897513573,42.803124474681326,29.39491680791368,49.507228308065145,51.05432919269218,5.672703243632465,27.332115628410968,46.92872683368675,0.04536957238603744,0.046088364978866835,0.04196538836746928,0.04429086371550504,0.044654173311222047,0.043299890473939444,0.04284896004877105,0.0440462618406285,0.04381633232966208,0.0436619400022243,0.044257957669995386
1108,43.318824769557004,20.112311500151467,41.77172388492997,37.646121525924535,20.112311500151467,28.363516218162324,21.659412384778502,40.74032329517861,8.251204718010857,40.224623000302934,51.05432919269218,30.942017692540716,10.314005897513573,42.803124474681326,29.39491680791368,49.507228308065145,51.05432919269218,5.672703243632465,27.332115628410968,46.92872683368675,0.04536957238603744,0.046088364978866835,0.04196538836746928,0.04429086371550504,0.044654173311222047,0.043299890473939444,0.04284896004877105,0.0440462618406285,0.04381633232966208,0.0436619400022243,0.044257957669995386
1109,43.318824769557004,20.112311500151467,41.77172388492997,37.646121525924535,20.112311500151467,28.363516218162324,21.659412384778502,40.74032329517861,8.251204718010857,40.224623000302934,51.05432919269218,30.942017692540716,10.314005897513573,42.803124474681326,29.39491680791368,49.507228308065145,51.05432919269218,5.672703243632465,27.332115628410968,46.92872683368675,0.04536957238603744,0.046088364978866835,0.04196538836746928,0.04429086371550504,0.044654173311222047,0.043299890473939444,0.04284896004877105,0.0440462618406285,0.04381633232966208,0.0436619400022243,0.044257957669995386
1110,43.318824769557004,20.112311500151467,41.77172388492997,37.646121525924535,20.112311500151467,28.363516218162324,21.659412384778502,40.74032329517861,8.251204718010857,40.224623000302934,51.05432919269218,30.942017692540716,10.314005897513573,42.803124474681326,29.39491680791368,49.507228308065145,51.05432919269218,5.672703243632465,27.332115628410968,46.92872683368675,0.04536957238603744,0.046088364978866835,0.04196538836746928,0.04429086371550504,0.044654173311222047,0.043299890473939444,0.04284896004877105,0.0440462618406285,0.04381633232966208,0.0436619400022243,0.044257957669995386
1111,43.318824769557004,20.112311500151467,41.77172388492997,37.646121525924535,20.112311500151467,28.363516218162324,21.659412384778502,40.74032329517861,8.251204718010857,40.224623000302934,51.05432919269218,30.942017692540716,10.314005897513573,42.803124474681326,29.39491680791368,49.507228308065145,51.05432919269218,5.672703243632465,27.332115628410968,46.92872683368675,0.04536957238603744,0.046088364978866835,0.04196538836746928,0.04429086371550504,0.044654173311222047,0.043299890473939444,0.04284896004877105,0.0440462618406285,0.04381633232966208,0.0436619400022243,0.044257957669995386
1112,43.36146182795337,19.615899398359858,41.81283819124075,37.683175160007096,20.132107277264062,28.39143333973137,21.680730913976685,40.780422433432335,8.259326062467307,40.264214554528124,51.10458001151647,30.972472734252406,10.324157578084135,42.84525394904916,29.423849097539787,49.55595637480385,51.10458001151647,5.678286667946274,27.35901758192296,46.97491698028281,0.045261714213831815,0.045923543829858395,0.0422296673351282,0.044114693336423746,0.04478095706871178,0.04331538613158843,0.04242649781496533,0.044360320980032494,0.043888579514132976,0.04353501937314728,0.0439557414979727
1113,43.318824769557004,20.112311500151467,41.77172388492997,37.646121525924535,20.112311500151467,28.363516218162324,21.659412384778502,40.74032329517861,8.251204718010857,40.224623000302934,51.05432919269218,30.942017692540716,10.314005897513573,42.803124474681326,29.39491680791368,49.507228308065145,51.05432919269218,5.672703243632465,27.332115628410968,46.92872683368675,0.04536957238603744,0.046088364978866835,0.04196538836746928,0.04429086371550504,0.044654173311222047,0.043299890473939444,0.04284896004877105,0.0440462618406285,0.04381633232966208,0.0436619400022243,0.044257957669995386
1114,43.318824769557004,20.112311500151467,41.77172388492997,37.646121525924535,20.112311500151467,28.363516218162324,21.659412384778502,40.74032329517861,8.251204718010857,40.224623000302934,51.05432919269218,30.942017692540716,10.314005897513573,42.803124474681326,29.39491680791368,49.507228308065145,51.05432919269218,5.672703243632465,27.332115628410968,46.92872683368675,0.04536957238603744,0.046088364978866835,0.04196538836746928,0.04429086371550504,0.044654173311222047,0.043299890473939444,0.04284896004877105,0.0440462618406285,0.04381633232966208,0.0436619400022243,0.044257957669995386
1115,43.318824769557004,20.112311500151467,41.77172388492997,37.646121525924535,20.112311500151467,28.363516218162324,21.659412384778502,40.74032329517861,8.251204718010857,40.224623000302934,51.05432919269218,30.942017692540716,10.314005897513573,42.803124474681326,29.39491680791368,49.507228308065145,51.05432919269218,5.672703243632465,27.332115628410968,46.92872683368675,0.04536957238603744,0.046088364978866835,0.04196538836746928,0.04429086371550504,0.044654173311222047,0.043299890473939444,0.04284896004877105,0.0440462618406285,0.04381633232966208,0.0436619400022243,0.044257957669995386
1116,43.30923889239157,20.107860914324657,41.76248036052044,37.637790942197434,20.107860914324657,28.35723975097067,21.654619446195785,40.731308005939695,8.249378836646013,40.215721828649315,51.043031551747205,30.93517063742255,10.311723545807517,42.793652715101196,29.388412105551424,49.49627301987608,50.52744537445683,5.671447950194135,27.32606739638992,46.918342133424204,0.045389666482124766,0.046155332086379716,0.041884279057345715,0.04439840694876687,0.044661263849602124,0.04332083808021127,0.04294220244219394,0.04403944315835954,0.043796545104651,0.04376161399962984,0.04406423150035937
1117,43.318824769557004,20.112311500151467,41.77172388492997,37.646121525924535,20.112311500151467,28.363516218162324,21.659412384778502,40.74032329517861,8.251204718010857,40.224623000302934,51.05432919269218,30.942017692540716,10.314005897513573,42.803124474681326,29.39491680791368,49.507228308065145,51.05432919269218,5.672703243632465,27.332115628410968,46.92872683368675,0.04536957238603744,0.046088364978866835,0.04196538836746928,0.04429086371550504,0.044654173311222047,0.043299890473939444,0.04284896004877105,0.0440462618406285,0.04381633232966208,0.0436619400022243,0.044257957669995386
1118,43.318824769557004,20.112311500151467,41.77172388492997,37.646121525924535,20.112311500151467,28.363516218162324,21.659412384778502,40.74032329517861,8.251204718010857,40.224623000302934,51.05432919269218,30.942017692540716,10.314005897513573,42.803124474681326,29.39491680791368,49.507228308065145,51.05432919269218,5.672703243632465,27.332115628410968,46.92872683368675,0.04536957238603744,0.046088364978866835,0.04196538836746928,0.04429086371550504,0.044654173311222047,0.043299890473939444,0.04284896004877105,0.0440462618406285,0.04381633232966208,0.0436619400022243,0.044257957669995386
1119,43.318824769557004,20.112311500151467,41.77172388492997,37.646121525924535,20.112311500151467,28.363516218162324,21.659412384778502,40.74032329517861,8.251204718010857,40.224623000302934,51.05432919269218,30.942017692540716,10.314005897513573,42.803124474681326,29.39491680791368,49.507228308065145,51.05432919269218,5.672703243632465,27.332115628410968,46.92872683368675,0.04536957238603744,0.046088364978866835,0.04196538836746928,0.04429086371550504,0.044654173311222047,0.043299890473939444,0.04284896004877105,0.0440462618406285,0.04381633232966208,0.0436619400022243,0.044257957669995386
1120,43.318824769557004,20.112311500151467,41.77172388492997,37.646121525924535,20.112311500151467,28.363516218162324,21.659412384778502,40.74032329517861,8.251204718010857,40.224623000302934,51.05432919269218,30.942017692540716,10.314005897513573,42.803124474681326,29.39491680791368,49.507228308065145,51.05432919269218,5.672703243632465,27.332115628410968,46.92872683368675,0.04536957238603744,0.046088364978866835,0.04196538836746928,0.04429086371550504,0.044654173311222047,0.043299890473939444,0.04284896004877105,0.0440462618406285,0.04381633232966208,0.0436619400022243,0.044257957669995386
1121,43.318824769557004,20.112311500151467,41.77172388492997,37.646121525924535,20.112311500151467,28.363516218162324,21.659412384778502,40.74032329517861,8.251204718010857,40.224623000302934,51.05432919269218,30.942017692540716,10.314005897513573,42.803124474681326,29.39491680791368,49.507228308065145,51.05432919269218,5.672703243632465,27.332115628410968,46.92872683368675,0.04536957238603744,0.046088364978866835,0.04196538836746928,0.04429086371550504,0.044654173311222047,0.043299890473939444,0.04284896004877105,0.0440462618406285,0.04381633232966208,0.0436619400022243,0.044257957669995386
1122,43.30923889239157,20.107860914324657,41.76248036052044,37.637790942197434,20.107860914324657,28.35723975097067,21.654619446195785,40.731308005939695,8.249378836646013,40.215721828649315,51.043031551747205,30.93517063742255,10.311723545807517,42.793652715101196,29.388412105551424,49.49627301987608,50.52744537445683,5.671447950194135,27.32606739638992,46.918342133424204,0.045389666482124766,0.046155332086379716,0.041884279057345715,0.04439840694876687,0.044661263849602124,0.04332083808021127,0.04294220244219394,0.04403944315835954,0.043796545104651,0.04376161399962984,0.04406423150035937
1123,43.318824769557004,20.112311500151467,41.77172388492997,37.646121525924535,20.112311500151467,28.363516218162324,21.659412384778502,40.74032329517861,8.251204718010857,40.224623000302934,51.05432919269218,30.942017692540716,10.314005897513573,42.803124474681326,29.39491680791368,49.507228308065145,51.05432919269218,5.672703243632465,27.332115628410968,46.92872683368675,0.04536957238603744,0.046088364978866835,0.04196538836746928,0.04429086371550504,0.044654173311222047,0.043299890473939444,0.04284896004877105,0.0440462618406285,0.04381633232966208,0.0436619400022243,0.044257957669995386
1124,43.318824769557004,20.112311500151467,41.77172388492997,37.646121525924535,20.112311500151467,28.363516218162324,21.659412384778502,40.74032329517861,8.251204718010857,40.224623000302934,51.05432919269218,30.942017692540716,10.314005897513573,42.803124474681326,29.39491680791368,49.507228308065145,51.05432919269218,5.672703243632465,27.332115628410968,46.92872683368675,0.04536957238603744,0.046088364978866835,0.04196538836746928,0.04429086371550504,0.044654173311222047,0.043299890473939444,0.04284896004877105,0.0440462618406285,0.04381633232966208,0.0436619400022243,0.044257957669995386
1125,48.28093038301878,24.66525791306394,61.92554114343713,39.359454116591394,25.714843356173045,28.863599685500358,25.190050634618494,50.904893990791535,12.595025317309247,49.33051582612788,67.6982610805372,23.090879748400287,8.39668354487283,36.21069778726408,27.2892215208367,57.20240664944616,67.17346835898265,11.545439874200143,35.16111234415498,64.02471202965533,0.04406438891370586,0.043882501769220886,0.04334453492773125,0.042829856141855145,0.042310925241448645,0.04434713239076792,0.0424307325857544,0.04310655518368562,0.04431528769876074,0.04127514094148368,0.04330022265103391
1126,43.318824769557004,20.112311500151467,41.77172388492997,37.646121525924535,20.112311500151467,28.363516218162324,21.659412384778502,40.74032329517861,8.251204718010857,40.224623000302934,51.05432919269218,30.942017692540716,10.314005897513573,42.803124474681326,29.39491680791368,49.507228308065145,51.05432919269218,5.672703243632465,27.332115628410968,46.92872683368675,0.04536957238603744,0.046088364978866835,0.04196538836746928,0.04429086371550504,0.044654173311222047,0.043299890473939444,0.04284896004877105,0.0440462618406285,0.04381633232966208,0.0436619400022243,0.044257957669995386
1127,43.318824769557004,20.112311500151467,41.77172388492997,37.646121525924535,20.112311500151467,28.363516218162324,21.659412384778502,40.74032329517861,8.251204718010857,40.224623000302934,51.05432919269218,30.942017692540716,10.314005897513573,42.803124474681326,29.39491680791368,49.507228308065145,51.05432919269218,5.672703243632465,27.332115628410968,46.92872683368675,0.04536957238603744,0.046088364978866835,0.04196538836746928,0.04429086371550504,0.044654173311222047,0.043299890473939444,0.04284896004877105,0.0440462618406285,0.04381633232966208,0.0436619400022243,0.044257957669995386
1128,43.318824769557004,20.112311500151467,41.77172388492997,37.646121525924535,20.112311500151467,28.363516218162324,21.659412384778502,40.74032329517861,8.251204718010857,40.224623000302934,51.05432919269218,30.942017692540716,10.314005897513573,42.803124474681326,29.39491680791368,49.507228308065145,51.05432919269218,5.672703243632465,27.332115628410968,46.92872683368675,0.04536957238603744,0.046088364978866835,0.04196538836746928,0.04429086371550504,0.044654173311222047,0.043299890473939444,0.04284896004877105,0.0440462618406285,0.04381633232966208,0.0436619400022243,0.044257957669995386
1129,43.318824769557004,20.112311500151467,41.77172388492997,37.646121525924535,20.112311500151467,28.363516218162324,21.659412384778502,40.74032329517861,8.251204718010857,40.224623000302934,51.05432919269218,30.942017692540716,10.314005897513573,42.803124474681326,29.39491680791368,49.507228308065145,51.05432919269218,5.672703243632465,27.332115628410968,46.92872683368675,0.04536957238603744,0.046088364978866835,0.04196538836746928,0.04429086371550504,0.044654173311222047,0.043299890473939444,0.04284896004877105,0.0440462618406285,0.04381633232966208,0.0436619400022243,0.044257957669995386
1130,43.318824769557004,20.112311500151467,41.77172388492997,37.646121525924535,20.112311500151467,28.363516218162324,21.659412384778502,40.74032329517861,8.251204718010857,40.224623000302934,51.05432919269218,30.942017692540716,10.314005897513573,42.803124474681326,29.39491680791368,49.507228308065145,51.05432919269218,5.672703243632465,27.332115628410968,46.92872683368675,0.04536957238603744,0.046088364978866835,0.04196538836746928,0.04429086371550504,0.044654173311222047,0.043299890473939444,0.04284896004877105,0.0440462618406285,0.04381633232966208,0.0436619400022243,0.044257957669995386
1131,43.318824769557004,20.112311500151467,41.77172388492997,37.646121525924535,20.112311500151467,28.363516218162324,21.659412384778502,40.74032329517861,8.251204718010857,40.224623000302934,51.05432919269218,30.942017692540716,10.314005897513573,42.803124474681326,29.39491680791368,49.507228308065145,51.05432919269218,5.672703243632465,27.332115628410968,46.92872683368675,0.04536957238603744,0.046088364978866835,0.04196538836746928,0.04429086371550504,0.044654173311222047,0.043299890473939444,0.04284896004877105,0.0440462618406285,0.04381633232966208,0.0436619400022243,0.044257957669995386
1132,43.318824769557004,20.112311500151467,41.77172388492997,37.646121525924535,20.112311500151467,28.363516218162324,21.659412384778502,40.74032329517861,8.251204718010857,40.224623000302934,51.05432919269218,30.942017692540716,10.314005897513573,42.803124474681326,29.39491680791368,49.507228308065145,51.05432919269218,5.672703243632465,27.332115628410968,46.92872683368675,0.04536957238603744,0.046088364978866835,0.04196538836746928,0.04429086371550504,0.044654173311222047,0.043299890473939444,0.04284896004877105,0.0440462618406285,0.04381633232966208,0.0436619400022243,0.044257957669995386
1133,42.81895597949802,20.119750400005092,41.787173907702886,37.660045620522354,20.119750400005092,28.374006974366157,21.667423507697794,40.75539183590775,8.254256574361063,39.723609764112624,51.073212553859086,30.95346215385399,10.833711753848897,42.81895597949802,29.405789046161292,49.525539446166384,51.073212553859086,5.674801394873231,27.342224902571026,47.46197530257612,0.04532116517933344,0.046069304753640024,0.041966300319035255,0.044287307906150895,0.0446663817023344,0.04330156803653271,0.042852937753431936,0.04405692568845454,0.043743879074632265,0.043574593331406675,0.044268600357481355
1134,43.33098713765876,20.117958313912997,41.783451882742376,37.656691202965355,20.117958313912997,28.371479673467046,21.66549356882938,40.75176171279812,8.25352135955405,39.720071542853866,51.06866341224068,30.95070509832769,10.83274678441469,42.81514205268663,29.403169843411302,49.5211281573243,51.06866341224068,5.67429593469341,27.33978950352279,46.94190273246366,0.045360864928692304,0.0460884993749128,0.04194672967406573,0.0442768783663867,0.044667153373197994,0.04328335042577506,0.0428640077616329,0.04404768630096452,0.043772986774311545,0.043579727914051736,0.044267030133880524
1135,43.318824769557004,20.112311500151467,41.77172388492997,37.646121525924535,20.112311500151467,28.363516218162324,21.659412384778502,40.74032329517861,8.251204718010857,40.224623000302934,51.05432919269218,30.942017692540716,10.314005897513573,42.803124474681326,29.39491680791368,49.507228308065145,51.05432919269218,5.672703243632465,27.332115628410968,46.92872683368675,0.04536957238603744,0.046088364978866835,0.04196538836746928,0.04429086371550504,0.044654173311222047,0.043299890473939444,0.04284896004877105,0.0440462618406285,0.04381633232966208,0.0436619400022243,0.044257957669995386
1136,43.33098713765876,20.117958313912997,41.783451882742376,37.656691202965355,20.117958313912997,28.371479673467046,21.66549356882938,40.75176171279812,8.25352135955405,39.720071542853866,51.06866341224068,30.95070509832769,10.83274678441469,42.81514205268663,29.403169843411302,49.5211281573243,51.06866341224068,5.67429593469341,27.33978950352279,46.94190273246366,0.045360864928692304,0.0460884993749128,0.04194672967406573,0.0442768783663867,0.044667153373197994,0.04328335042577506,0.0428640077616329,0.04404768630096452,0.043772986774311545,0.043579727914051736,0.044267030133880524
1137,36.35522463297985,17.387281346207754,47.41985821693024,24.763703735508013,19.494830600293543,30.559464184243932,21.075492540857883,43.73164702228011,6.849535075778813,43.204759708758665,49.000520157494584,23.70992910846512,9.483971643386049,34.77456269241551,22.656154481422227,54.269393292709054,45.8391962763659,4.741985821693024,33.19390075185117,43.73164702228011,0.042651579903599544,0.04396640147334234,0.0429250968756976,0.0447388302621687,0.042260576827236176,0.04183798259441026,0.043809102364263344,0.04280542348773657,0.0435821575691835,0.04318461575268398,0.041350919368230835
1138,43.33098713765876,20.117958313912997,41.783451882742376,37.656691202965355,20.117958313912997,28.371479673467046,21.66549356882938,40.75176171279812,8.25352135955405,39.720071542853866,51.06866341224068,30.95070509832769,10.83274678441469,42.81514205268663,29.403169843411302,49.5211281573243,51.06866341224068,5.67429593469341,27.33978950352279,46.94190273246366,0.045360864928692304,0.0460884993749128,0.04194672967406573,0.0442768783663867,0.044667153373197994,0.04328335042577506,0.0428640077616329,0.04404768630096452,0.043772986774311545,0.043579727914051736,0.044267030133880524
1139,43.7769263574085,20.085883858105074,41.71683570529515,37.59665440106847,20.085883858105074,28.326246466558437,21.63095184719008,40.68679037923849,7.2103172823966935,40.17176771621015,50.98724363980519,30.901359781700116,10.300453260566705,42.746881031351826,29.35629179261511,49.44217565072019,50.47222097677685,5.665249293311688,28.326246466558437,46.86706233557851,0.04543763076630729,0.04617135056563624,0.04205269921005001,0.04431189551963822,0.044684728451849176,0.043342544245389726,0.04291834499484746,0.044144169680743764,0.04382076117551574,0.04377868075249255,0.044314531609194685
1140,47.9420132873383,22.65391836654447,43.72733080053933,36.35163644864113,22.65391836654447,32.13695396184216,25.8149302316437,50.576189841587656,11.590376838697171,40.5663189354401,69.54226103218303,21.60024774484473,7.3756943518982,43.72733080053933,27.395436164193313,66.3812491670838,55.84454295008637,5.795188419348586,33.71745989439177,63.220237301984575,0.04375066748681146,0.04399413185190687,0.04282866645605537,0.0440775457988409,0.042068878241093066,0.04290813447876362,0.042087386352168875,0.042720674800618794,0.04337713571754484,0.04286590260434393,0.04248556536198076
1141,37.836169880549924,17.8670802213708,44.14219819397491,25.22411325369995,19.443587299727046,30.479136848220772,20.49459201863121,45.19320291287907,7.882535391781234,40.98918403726242,48.87171942904365,24.173108534795784,9.984544829589563,33.63215100493326,22.071099096987457,56.22875246137281,43.091193475070746,4.729521235068741,32.5811462860291,47.29521235068741,0.042645530285329095,0.04328653072918554,0.04355954511415334,0.044879913711634585,0.04277097823705305,0.04252630085317142,0.043762810588017516,0.04284512830764457,0.0433165585475523,0.04272759405786288,0.04217675011631344
1142,43.292697620545304,20.10018103811032,41.74652984838298,37.62341578928342,20.10018103811032,28.346409156309427,21.646348810272652,40.71575133360808,7.730838860811661,40.20036207622064,51.02353648135697,30.923355443246646,10.307785147748882,42.777308363157864,29.377187671084315,49.477368709194636,51.02353648135697,5.669281831261885,27.831019898921983,46.900422422257414,0.04540569800013109,0.0460862884832093,0.042018248374750614,0.04428696558921155,0.04470477169204551,0.04328941786448743,0.042876083791341835,0.044069305409108486,0.04383610866865711,0.04372791708731922,0.044309937652293734
1143,43.292697620545304,20.10018103811032,41.74652984838298,37.62341578928342,20.10018103811032,28.346409156309427,21.646348810272652,40.71575133360808,7.730838860811661,40.20036207622064,51.02353648135697,30.923355443246646,10.307785147748882,42.777308363157864,29.377187671084315,49.477368709194636,51.02353648135697,5.669281831261885,27.831019898921983,46.900422422257414,0.04540569800013109,0.0460862884832093,0.042018248374750614,0.04428696558921155,0.04470477169204551,0.04328941786448743,0.042876083791341835,0.044069305409108486,0.04383610866865711,0.04372791708731922,0.044309937652293734
1144,43.292697620545304,20.10018103811032,41.74652984838298,37.62341578928342,20.10018103811032,28.346409156309427,21.646348810272652,40.71575133360808,7.730838860811661,40.20036207622064,51.02353648135697,30.923355443246646,10.307785147748882,42.777308363157864,29.377187671084315,49.477368709194636,51.02353648135697,5.669281831261885,27.831019898921983,46.900422422257414,0.04540569800013109,0.0460862884832093,0.042018248374750614,0.04428696558921155,0.04470477169204551,0.04328941786448743,0.042876083791341835,0.044069305409108486,0.04383610866865711,0.04372791708731922,0.044309937652293734
1145,43.292697620545304,20.10018103811032,41.74652984838298,37.62341578928342,20.10018103811032,28.346409156309427,21.646348810272652,40.71575133360808,7.730838860811661,40.20036207622064,51.02353648135697,30.923355443246646,10.307785147748882,42.777308363157864,29.377187671084315,49.477368709194636,51.02353648135697,5.669281831261885,27.831019898921983,46.900422422257414,0.04540569800013109,0.0460862884832093,0.042018248374750614,0.04428696558921155,0.04470477169204551,0.04328941786448743,0.042876083791341835,0.044069305409108486,0.04383610866865711,0.04372791708731922,0.044309937652293734
1146,43.292697620545304,20.10018103811032,41.74652984838298,37.62341578928342,20.10018103811032,28.346409156309427,21.646348810272652,40.71575133360808,7.730838860811661,40.20036207622064,51.02353648135697,30.923355443246646,10.307785147748882,42.777308363157864,29.377187671084315,49.477368709194636,51.02353648135697,5.669281831261885,27.831019898921983,46.900422422257414,0.04540569800013109,0.0460862884832093,0.042018248374750614,0.04428696558921155,0.04470477169204551,0.04328941786448743,0.042876083791341835,0.044069305409108486,0.04383610866865711,0.04372791708731922,0.044309937652293734
1147,43.292697620545304,20.10018103811032,41.74652984838298,37.62341578928342,20.10018103811032,28.346409156309427,21.646348810272652,40.71575133360808,7.730838860811661,40.20036207622064,51.02353648135697,30.923355443246646,10.307785147748882,42.777308363157864,29.377187671084315,49.477368709194636,51.02353648135697,5.669281831261885,27.831019898921983,46.900422422257414,0.04540569800013109,0.0460862884832093,0.042018248374750614,0.04428696558921155,0.04470477169204551,0.04328941786448743,0.042876083791341835,0.044069305409108486,0.04383610866865711,0.04372791708731922,0.044309937652293734
1148,18.416808273470807,8.945306875685821,24.731142538660798,9.997695919884153,10.523890441983317,13.154863052479147,7.366723309388322,25.78353158285913,4.209556176793328,11.57627948618165,21.573975406065802,12.102474008280815,4.735750698892494,18.416808273470807,9.997695919884153,33.15025489224745,23.678753494462466,1.5785835662974976,20.52158636186747,26.83592062705746,0.041619632812943945,0.04308205988855724,0.043613120191723566,0.04490643764675637,0.04312331114308518,0.04171692864310553,0.044568922411678834,0.04401161142039161,0.04062257479973143,0.04253651668540693,0.04400436225745343
1149,37.754674431008816,18.35296673729595,42.47400873488492,25.16978295400588,19.401707693712865,29.88911725788198,19.92607817192132,46.14460208234411,7.341186694918381,39.32778586563418,48.24208399517793,24.64541247579742,10.487409564169116,34.08408108354963,21.499189606546686,58.205123081138595,44.047120169510286,4.719334303876102,32.51096964892426,46.66897256055257,0.04264665704722352,0.04370381403847787,0.043157337077243535,0.04500166154737945,0.0430703443768048,0.04269527547914447,0.04371000603321062,0.04327421974140074,0.04282910931833369,0.04318600042177042,0.04235509671055509
1150,43.292697620545304,20.10018103811032,41.74652984838298,37.62341578928342,20.10018103811032,28.346409156309427,21.646348810272652,40.71575133360808,7.730838860811661,40.20036207622064,51.02353648135697,30.923355443246646,10.307785147748882,42.777308363157864,29.377187671084315,49.477368709194636,51.02353648135697,5.669281831261885,27.831019898921983,46.900422422257414,0.04540569800013109,0.0460862884832093,0.042018248374750614,0.04428696558921155,0.04470477169204551,0.04328941786448743,0.042876083791341835,0.044069305409108486,0.04383610866865711,0.04372791708731922,0.044309937652293734
1151,43.292697620545304,20.10018103811032,41.74652984838298,37.62341578928342,20.10018103811032,28.346409156309427,21.646348810272652,40.71575133360808,7.730838860811661,40.20036207622064,51.02353648135697,30.923355443246646,10.307785147748882,42.777308363157864,29.377187671084315,49.477368709194636,51.02353648135697,5.669281831261885,27.831019898921983,46.900422422257414,0.04540569800013109,0.0460862884832093,0.042018248374750614,0.04428696558921155,0.04470477169204551,0.04328941786448743,0.042876083791341835,0.044069305409108486,0.04383610866865711,0.04372791708731922,0.044309937652293734
1152,43.292697620545304,20.10018103811032,41.74652984838298,37.62341578928342,20.10018103811032,28.346409156309427,21.646348810272652,40.71575133360808,7.730838860811661,40.20036207622064,51.02353648135697,30.923355443246646,10.307785147748882,42.777308363157864,29.377187671084315,49.477368709194636,51.02353648135697,5.669281831261885,27.831019898921983,46.900422422257414,0.04540569800013109,0.0460862884832093,0.042018248374750614,0.04428696558921155,0.04470477169204551,0.04328941786448743,0.042876083791341835,0.044069305409108486,0.04383610866865711,0.04372791708731922,0.044309937652293734
1153,43.292697620545304,20.10018103811032,41.74652984838298,37.62341578928342,20.10018103811032,28.346409156309427,21.646348810272652,40.71575133360808,7.730838860811661,40.20036207622064,51.02353648135697,30.923355443246646,10.307785147748882,42.777308363157864,29.377187671084315,49.477368709194636,51.02353648135697,5.669281831261885,27.831019898921983,46.900422422257414,0.04540569800013109,0.0460862884832093,0.042018248374750614,0.04428696558921155,0.04470477169204551,0.04328941786448743,0.042876083791341835,0.044069305409108486,0.04383610866865711,0.04372791708731922,0.044309937652293734
1154,43.292697620545304,20.10018103811032,41.74652984838298,37.62341578928342,20.10018103811032,28.346409156309427,21.646348810272652,40.71575133360808,7.730838860811661,40.20036207622064,51.02353648135697,30.923355443246646,10.307785147748882,42.777308363157864,29.377187671084315,49.477368709194636,51.02353648135697,5.669281831261885,27.831019898921983,46.900422422257414,0.04540569800013109,0.0460862884832093,0.042018248374750614,0.04428696558921155,0.04470477169204551,0.04328941786448743,0.042876083791341835,0.044069305409108486,0.04383610866865711,0.04372791708731922,0.044309937652293734
1155,43.292697620545304,20.10018103811032,41.74652984838298,37.62341578928342,20.10018103811032,28.346409156309427,21.646348810272652,40.71575133360808,7.730838860811661,40.20036207622064,51.02353648135697,30.923355443246646,10.307785147748882,42.777308363157864,29.377187671084315,49.477368709194636,51.02353648135697,5.669281831261885,27.831019898921983,46.900422422257414,0.04540569800013109,0.0460862884832093,0.042018248374750614,0.04428696558921155,0.04470477169204551,0.04328941786448743,0.042876083791341835,0.044069305409108486,0.04383610866865711,0.04372791708731922,0.044309937652293734
1156,45.544929432495174,20.124503702730426,55.607181283860385,37.60104639194369,22.242872513544153,28.597978945985343,19.594911500026992,43.426560621681446,14.298989472992671,49.2520748514192,61.962287716301574,23.30205691895102,11.121436256772077,36.012269783833396,25.420425729764748,61.43269551359814,60.90310331089471,9.532659648661781,31.245939959502504,65.13984093252216,0.0441185689708253,0.043393019070707306,0.040464136688499096,0.04411114639127563,0.04218402159791431,0.04425659292536424,0.04187950584340818,0.04198666259234803,0.04352424631962239,0.04259415196667072,0.04189574492993252
1157,43.292697620545304,20.10018103811032,41.74652984838298,37.62341578928342,20.10018103811032,28.346409156309427,21.646348810272652,40.71575133360808,7.730838860811661,40.20036207622064,51.02353648135697,30.923355443246646,10.307785147748882,42.777308363157864,29.377187671084315,49.477368709194636,51.02353648135697,5.669281831261885,27.831019898921983,46.900422422257414,0.04540569800013109,0.0460862884832093,0.042018248374750614,0.04428696558921155,0.04470477169204551,0.04328941786448743,0.042876083791341835,0.044069305409108486,0.04383610866865711,0.04372791708731922,0.044309937652293734
1158,43.292697620545304,20.10018103811032,41.74652984838298,37.62341578928342,20.10018103811032,28.346409156309427,21.646348810272652,40.71575133360808,7.730838860811661,40.20036207622064,51.02353648135697,30.923355443246646,10.307785147748882,42.777308363157864,29.377187671084315,49.477368709194636,51.02353648135697,5.669281831261885,27.831019898921983,46.900422422257414,0.04540569800013109,0.0460862884832093,0.042018248374750614,0.04428696558921155,0.04470477169204551,0.04328941786448743,0.042876083791341835,0.044069305409108486,0.04383610866865711,0.04372791708731922,0.044309937652293734
1159,43.292697620545304,20.10018103811032,41.74652984838298,37.62341578928342,20.10018103811032,28.346409156309427,21.646348810272652,40.71575133360808,7.730838860811661,40.20036207622064,51.02353648135697,30.923355443246646,10.307785147748882,42.777308363157864,29.377187671084315,49.477368709194636,51.02353648135697,5.669281831261885,27.831019898921983,46.900422422257414,0.04540569800013109,0.0460862884832093,0.042018248374750614,0.04428696558921155,0.04470477169204551,0.04328941786448743,0.042876083791341835,0.044069305409108486,0.04383610866865711,0.04372791708731922,0.044309937652293734
1160,43.292697620545304,20.10018103811032,41.74652984838298,37.62341578928342,20.10018103811032,28.346409156309427,21.646348810272652,40.71575133360808,7.730838860811661,40.20036207622064,51.02353648135697,30.923355443246646,10.307785147748882,42.777308363157864,29.377187671084315,49.477368709194636,51.02353648135697,5.669281831261885,27.831019898921983,46.900422422257414,0.04540569800013109,0.0460862884832093,0.042018248374750614,0.04428696558921155,0.04470477169204551,0.04328941786448743,0.042876083791341835,0.044069305409108486,0.04383610866865711,0.04372791708731922,0.044309937652293734
1161,43.292697620545304,20.10018103811032,41.74652984838298,37.62341578928342,20.10018103811032,28.346409156309427,21.646348810272652,40.71575133360808,7.730838860811661,40.20036207622064,51.02353648135697,30.923355443246646,10.307785147748882,42.777308363157864,29.377187671084315,49.477368709194636,51.02353648135697,5.669281831261885,27.831019898921983,46.900422422257414,0.04540569800013109,0.0460862884832093,0.042018248374750614,0.04428696558921155,0.04470477169204551,0.04328941786448743,0.042876083791341835,0.044069305409108486,0.04383610866865711,0.04372791708731922,0.044309937652293734
1162,43.292697620545304,20.10018103811032,41.74652984838298,37.62341578928342,20.10018103811032,28.346409156309427,21.646348810272652,40.71575133360808,7.730838860811661,40.20036207622064,51.02353648135697,30.923355443246646,10.307785147748882,42.777308363157864,29.377187671084315,49.477368709194636,51.02353648135697,5.669281831261885,27.831019898921983,46.900422422257414,0.04540569800013109,0.0460862884832093,0.042018248374750614,0.04428696558921155,0.04470477169204551,0.04328941786448743,0.042876083791341835,0.044069305409108486,0.04383610866865711,0.04372791708731922,0.044309937652293734
1163,36.61793947518211,18.832083158665085,42.37218710699644,25.632557632627478,18.832083158665085,29.81746500121972,19.878310000813148,45.510867633440625,7.846701316110453,38.71039315947824,47.60332131773675,25.10944421155345,10.462268421480603,33.47925894873793,21.44765026403524,58.58870316029138,42.89530052807048,4.708020789666271,32.43303210658987,48.64954815988481,0.04263946908262793,0.04374395153604887,0.043049069632664326,0.045111627220063476,0.043198785801180355,0.042842831098716366,0.04419381163996281,0.04323082943360213,0.043190317196163626,0.04301677629858851,0.04266910998635146
1164,36.6893039617637,17.82051906714237,41.93063309915851,25.682512773234592,19.392917808360814,30.399708996889924,19.917050722100296,45.599563495334884,7.33786079235274,40.35823435794007,47.69609515029281,25.15837985949511,10.482658274789628,33.54450647932681,22.01358237705822,57.65462051134296,44.02716475411644,4.717196223655333,33.020373565587334,46.64782932281385,0.04261149709127629,0.04394726922138687,0.043397274619472966,0.04509208426009666,0.042951889727222976,0.042654322893189385,0.043980099778632605,0.04286272789658513,0.042803742191231536,0.04306916797301496,0.04249701060840902
1165,36.74948756258506,17.849751101827028,42.52440703670557,26.249633973275042,19.42472914022353,30.44957540899905,19.42472914022353,45.149370434033074,7.349897512517011,39.89944363937806,47.77433383136058,24.67465593487854,10.499853589310018,35.699502203654056,22.049692537551035,57.749194741205095,43.57439239563657,4.724934115189508,32.024553447395554,47.77433383136058,0.04255701594575186,0.043904204125723295,0.043106885515668464,0.04474333713480858,0.04287171530257113,0.04264781207026462,0.04395786428066981,0.043173096825328466,0.04263318807813864,0.04287969232741432,0.042532508928160025
1166,46.07097413483211,21.71160850032318,46.600525561669265,33.361739890740495,23.300262780834633,31.773085610229042,25.948019915020385,52.42559125687792,12.709234244091617,42.36411414697206,72.0189940498525,21.71160850032318,5.825065695208658,40.245908439623456,26.477571341857537,69.37123691566674,54.01424553738937,6.354617122045808,34.4208427444148,65.13482550096954,0.043581436871148835,0.043303135042590535,0.04270856884759031,0.04366189604988763,0.04164262578991801,0.042778749664433194,0.04180627624926161,0.0423365103616,0.04326185704176102,0.0427626761097927,0.0426048411348655
1167,46.07097413483211,21.71160850032318,46.600525561669265,33.361739890740495,23.300262780834633,31.773085610229042,25.948019915020385,52.42559125687792,12.709234244091617,42.36411414697206,72.0189940498525,21.71160850032318,5.825065695208658,40.245908439623456,26.477571341857537,69.37123691566674,54.01424553738937,6.354617122045808,34.4208427444148,65.13482550096954,0.043581436871148835,0.043303135042590535,0.04270856884759031,0.04366189604988763,0.04164262578991801,0.042778749664433194,0.04180627624926161,0.0423365103616,0.04326185704176102,0.0427626761097927,0.0426048411348655
1168,36.27049058877071,18.39807493633297,43.104061279408675,23.65466777528525,19.449393504123428,31.539557033713667,21.02637135580911,44.155379847199136,7.884889258428417,40.47576485993254,49.41197268615141,23.12900849139002,9.461867110114099,33.116534885399346,22.603349207494794,56.7712026606846,45.73235769888482,4.7309335550570495,33.116534885399346,46.78367626667527,0.04254179655376962,0.04390874396933954,0.04312394431373641,0.04466228585429029,0.04319838034911978,0.04251638231015723,0.043057849147951834,0.043081960678247315,0.04391749171013912,0.043028692378573506,0.04130318883944767
1169,38.36175035243769,18.392620031990674,43.09128121780672,23.647654326845153,19.443626890961568,31.00470233964142,19.969130320447018,44.14228807677762,8.408054871767165,41.51477092935038,49.92282580111754,23.122150897359703,9.45906173073806,33.10671605758321,22.596647467874256,55.70336352545747,44.667791506263065,4.72953086536903,33.10671605758321,46.244301794719405,0.04275989912923221,0.04398507415956602,0.04319453610845375,0.04478903894333225,0.04307191467885981,0.04234304947655049,0.04296714189426463,0.0429975626851082,0.04410175260337133,0.04308506736206097,0.04120153347375252
1170,36.903762760655376,16.870291547728172,42.17572886932043,25.832633932458762,19.5062746020607,30.050206819390805,20.033471212927203,44.284515312786446,8.435145773864086,40.06694242585441,47.97489158885199,25.832633932458762,10.016735606463602,34.26777970632285,22.142257656393223,60.10041363878161,43.75731870191994,4.744769497798548,32.158993262856825,49.029284810585,0.04237337280900511,0.04373960413382684,0.04295439387168907,0.04467644779806004,0.04269289746017318,0.042569221095963006,0.043506396589902775,0.04281896509234228,0.04268664251489395,0.042643717907459945,0.042141729860178535
1171,49.76450296995665,22.76461306072485,50.29391257602002,30.705757151675382,20.646974636471377,33.88221478805559,15.882288181901059,37.58808203049917,10.588192121267372,34.41162439411896,65.64679115185771,17.999926606154535,11.117601727330742,31.23516675773875,31.764576363802117,51.88214139421012,50.82332218208339,6.3529152727604234,36.52926281837244,59.82328548516065,0.04349637262711414,0.043736152875041595,0.043512544499250655,0.04335539808034747,0.042889661340362865,0.042510725476806496,0.04128388590366145,0.04173619939372448,0.042867982204727324,0.04292247561566993,0.04227899591992501
1172,35.07263639489755,18.32152647494648,44.495135724870025,26.173609249923544,19.368470844943424,30.361386729911313,19.891943029941896,46.065552279865436,8.375554959975535,41.87777479987767,48.15944101985932,24.603192694928133,9.422499329972476,31.408331099908253,22.50930395493425,52.87069068484556,43.97166353987156,4.711249664986238,34.54916420989908,48.6829132048578,0.04262075364695019,0.04375623359437404,0.04326119086292074,0.04505495459543789,0.04286592209728622,0.042610132300863086,0.043876513873192184,0.043221921441464334,0.043829426361796826,0.04328825899301339,0.042142507234230346
1173,36.498486146136656,19.292056962957947,42.75536948547437,25.54894030229566,19.292056962957947,29.720195861854137,20.856277797792377,45.36240421019842,7.821104174172141,39.626927815805516,48.49084587986727,24.50612641240604,10.428138898896188,32.84863753152299,21.899091687681995,56.311950054039414,41.71255559558475,4.692662504503285,32.32723058657818,47.44803198997766,0.042986657209334624,0.04387047348242907,0.04361008355977093,0.045359027169890306,0.04322157360028332,0.04277694336337503,0.04394981965277134,0.04342671258011046,0.043489320565831165,0.04317612453675096,0.042726319334643416
1174,38.25767137687916,18.86679684339246,44.02252596791575,24.10757374433481,19.390874533486695,29.8724283353714,19.390874533486695,44.02252596791575,7.33708766131929,40.878059827350334,50.31145824904657,24.10757374433481,9.43339842169623,33.54097216603104,23.059418364146342,54.50407976980045,45.070681348104216,4.716699210848115,31.968739095748337,46.118836728292685,0.042846209604225666,0.04409157024459552,0.04321989828411455,0.04468578458114778,0.043015326226417815,0.04242501096074499,0.04330112017717561,0.043462581225351626,0.04426425323314093,0.04324771902752187,0.04136283634132846
1175,48.37443134599879,23.13559760026029,43.116340982303264,33.12596929128178,22.60978856389074,31.548542182173122,27.342069891216706,51.529285564216096,13.671034945608353,39.961486764085954,68.88098376441131,22.083979527521183,5.25809036369552,43.116340982303264,27.342069891216706,67.30355665530266,56.26156689154207,5.7838994000650725,32.600160254912225,64.14870243708535,0.044081457630216675,0.043561035549373836,0.04264051757748614,0.04402374690750935,0.042259233556022416,0.04341551218873737,0.041528525119406336,0.043192909416280484,0.043761261640790444,0.04304081970040795,0.042685944344216985
1176,43.292697620545304,20.10018103811032,41.74652984838298,37.62341578928342,20.10018103811032,28.346409156309427,21.646348810272652,40.71575133360808,7.730838860811661,40.20036207622064,51.02353648135697,30.923355443246646,10.307785147748882,42.777308363157864,29.377187671084315,49.477368709194636,51.02353648135697,5.669281831261885,27.831019898921983,46.900422422257414,0.04540569800013109,0.0460862884832093,0.042018248374750614,0.04428696558921155,0.04470477169204551,0.04328941786448743,0.042876083791341835,0.044069305409108486,0.04383610866865711,0.04372791708731922,0.044309937652293734
1177,43.27551047943988,20.09220129402566,41.7299565337456,37.608479345227515,20.09220129402566,28.335155671061827,21.63775523971994,40.699587236616075,7.727769728471407,40.18440258805132,51.00328020791129,30.91107891388563,10.30369297129521,42.76032583087512,29.365524968191348,48.942541613652246,51.00328020791129,5.667031134212365,27.819971022497068,46.8818030193932,0.04538593191153414,0.04612485133548967,0.042056123939877524,0.044205451099887015,0.04482239900938221,0.043229037537494124,0.04282554342299136,0.044229898499888363,0.04377568611934674,0.043742417595444,0.04441801096390437
1178,43.27551047943988,20.09220129402566,41.7299565337456,37.608479345227515,20.09220129402566,28.335155671061827,21.63775523971994,40.699587236616075,7.727769728471407,40.18440258805132,51.00328020791129,30.91107891388563,10.30369297129521,42.76032583087512,29.365524968191348,48.942541613652246,51.00328020791129,5.667031134212365,27.819971022497068,46.8818030193932,0.04538593191153414,0.04612485133548967,0.042056123939877524,0.044205451099887015,0.04482239900938221,0.043229037537494124,0.04282554342299136,0.044229898499888363,0.04377568611934674,0.043742417595444,0.04441801096390437
1179,43.292697620545304,20.10018103811032,41.74652984838298,37.62341578928342,20.10018103811032,28.346409156309427,21.646348810272652,40.71575133360808,7.730838860811661,40.20036207622064,51.02353648135697,30.923355443246646,10.307785147748882,42.777308363157864,29.377187671084315,49.477368709194636,51.02353648135697,5.669281831261885,27.831019898921983,46.900422422257414,0.04540569800013109,0.0460862884832093,0.042018248374750614,0.04428696558921155,0.04470477169204551,0.04328941786448743,0.042876083791341835,0.044069305409108486,0.04383610866865711,0.04372791708731922,0.044309937652293734
1180,43.27551047943988,20.09220129402566,41.7299565337456,37.608479345227515,20.09220129402566,28.335155671061827,21.63775523971994,40.699587236616075,7.727769728471407,40.18440258805132,51.00328020791129,30.91107891388563,10.30369297129521,42.76032583087512,29.365524968191348,48.942541613652246,51.00328020791129,5.667031134212365,27.819971022497068,46.8818030193932,0.04538593191153414,0.04612485133548967,0.042056123939877524,0.044205451099887015,0.04482239900938221,0.043229037537494124,0.04282554342299136,0.044229898499888363,0.04377568611934674,0.043742417595444,0.04441801096390437
1181,43.320300197823045,19.597278660919947,41.77314661932937,37.64740374334622,20.11299652041784,28.364482272384137,21.660150098911522,40.74171090033358,7.735767892468401,40.22599304083568,51.05606809029145,30.943071569873602,10.314357189957867,42.80458233832515,29.39591799137992,48.99319665229987,51.05606809029145,5.672896454476827,27.848764412886243,46.9303252143083,0.04528046461954874,0.045962503672379224,0.04232269846527054,0.04403143898772067,0.04495178053718567,0.043246638287425754,0.0424053147318455,0.044508609136246324,0.043876035919539785,0.04363072240695519,0.04406593373798927
1182,45.834543768095685,20.833883530952587,56.7723326218458,39.0635316205361,20.833883530952587,39.584378708809915,29.688284031607434,41.667767061905174,14.58371847166681,44.792849591548055,64.58503894595302,29.16743694333362,12.50033011857155,40.626072885357544,26.04235441369073,53.64725009220291,64.58503894595302,10.937788853750106,40.105225797083726,64.58503894595302,0.04437411947457168,0.04429140640204645,0.04245080388498907,0.044408161777603615,0.0434866490443656,0.04550789642830968,0.042837223600847366,0.043399497922307094,0.04381727868461801,0.042355589981672374,0.04222428452485446
1183,37.80823483018944,17.85388866981168,43.58449292924616,25.730604259434482,19.429231787736242,30.45663361320816,20.47946053301928,45.15983604717072,7.8767155896228,40.95892106603856,48.31052228301984,24.15526114150992,9.97717308018888,33.60731984905728,21.52968927830232,57.23746661792568,43.05937855660464,4.72602935377368,32.55709110377424,47.2602935377368,0.04269144753796581,0.04328302459905361,0.0436748271034682,0.044959388238312636,0.04275350468871634,0.042614336222486296,0.04373323488089173,0.04285999446498445,0.04328708930463613,0.04272318226325088,0.04230559805471391
1184,37.24423396364653,18.359833644051104,41.96533404354538,24.654633750582914,19.40896699513974,30.424867181570402,19.40896699513974,46.16186744789992,8.917633484253395,38.293367314735164,47.73556747453288,25.17920042612723,10.491333510886346,33.57226723483631,21.50723369731701,58.75146766096354,43.01446739463402,4.721100079898855,32.523133883747676,48.784700825621506,0.04245750244743016,0.04380768441298042,0.04313502058487847,0.04519013330049527,0.04290167707008215,0.04252625353694465,0.04406631579308213,0.04319282822618684,0.042862239346106445,0.04277481885397295,0.04251885088352314
1185,46.430651337578816,21.632462555008313,53.289724830630234,32.18488331354895,23.74294670671644,34.29536746525708,18.994357365373155,51.179240678922106,6.859073493051416,39.04395680660037,67.5354928546601,22.687704630862378,10.02479972061361,36.40585161696521,26.3810518963516,63.31452455124384,57.51069313404649,8.441936606832513,36.40585161696521,63.31452455124384,0.04480565932229214,0.04440791323552569,0.040765192678473526,0.043781280131846886,0.04271104900339994,0.04500001091483314,0.04129517409093865,0.041998318468776635,0.043191162218549455,0.042580858804240805,0.041842343204091234
1186,48.386431717747435,18.610166045287475,44.66439850868994,37.752051120440306,23.39563731407568,33.49829888151746,22.33219925434497,46.259555598286006,10.102661567441771,40.410646269767085,66.46487873316956,33.49829888151746,9.039223507711059,37.752051120440306,28.712827612729246,72.31378806168847,57.42565522545849,5.84890932851892,28.712827612729246,64.33800261370813,0.04403374529437413,0.042466030993656236,0.04286899074473428,0.04307576004849919,0.04233132084882686,0.04331214242446457,0.04210604695142586,0.042631206678193014,0.04311597542371347,0.04201252782196957,0.04032722290478662
1187,49.00169706785268,25.291198486633643,45.84029725702348,39.51749763536507,23.183598612747506,25.818098455105176,21.602898707332905,45.31339728855195,11.064899337902219,36.8829977930074,69.02389586977098,18.96839886497523,10.01109940095915,38.463697698421996,27.39879836051978,66.91629599588485,59.53969643728337,7.903499527073014,30.560198171348986,71.13149574365713,0.044704055769980426,0.04312039336195589,0.042581816309960906,0.04295831445560475,0.043831495927886106,0.044075267848220634,0.04144294275451475,0.04269607056173253,0.042849149731104756,0.042417573734955714,0.0424229510725493
1188,48.386431717747435,18.610166045287475,44.66439850868994,37.752051120440306,23.39563731407568,33.49829888151746,22.33219925434497,46.259555598286006,10.102661567441771,40.410646269767085,66.46487873316956,33.49829888151746,9.039223507711059,37.752051120440306,28.712827612729246,72.31378806168847,57.42565522545849,5.84890932851892,28.712827612729246,64.33800261370813,0.04403374529437413,0.042466030993656236,0.04286899074473428,0.04307576004849919,0.04233132084882686,0.04331214242446457,0.04210604695142586,0.042631206678193014,0.04311597542371347,0.04201252782196957,0.04032722290478662
1189,47.515934161030444,22.208534444829446,58.36196261083087,41.31820361828734,20.65910180914367,36.153428166001426,30.472175168486913,41.83468116351593,15.494326356857753,44.93354643488748,66.62560333448833,27.889787442343955,11.36250599502902,41.31820361828734,23.757967080515222,55.26309733945932,58.87844015605946,11.36250599502902,39.768770982601566,63.52673806311679,0.04519884303296791,0.04423060555109947,0.042807952397170106,0.045038436447482934,0.04384213260407122,0.04527059784362216,0.043212281775766144,0.044180432456463754,0.04395958351606414,0.04331733680084426,0.04246425234585623
1190,47.9291420163497,22.40166420329388,55.74367604075454,33.86298077242098,21.359726333373235,29.174260357778078,27.090384617936785,38.03073225210357,8.335502959365165,46.887204146429056,63.037241130199064,26.04844674801614,10.419378699206456,37.50976331714324,25.527477813055818,57.82755178059583,50.01301775619099,7.814534024404842,31.258136097619367,62.516272195238734,0.04634938702086327,0.045427641737492135,0.04391704877512491,0.04338989770338594,0.04278030493825631,0.04414010571269455,0.042513521231476906,0.042536185644972004,0.04423737118741588,0.042165280882933476,0.04157432020506192
1191,47.930572019559776,22.40233257435946,55.74533919666191,33.86399110077593,21.360363617412506,29.175130794514644,27.091192880620742,38.03186692856373,8.335751655575613,46.88860306261282,62.5181374168171,26.04922392367379,10.419689569469515,37.51088245009026,25.528239445200313,57.829277110555815,50.014509933453674,7.814767177102137,31.25906870840855,63.03912189529057,0.04635369580818472,0.04541811093768406,0.04391931355894637,0.04338455151277831,0.04278646434180147,0.04413931256405919,0.04251419706962904,0.04253190951924672,0.04423596059995705,0.042163120511350634,0.041568885102886526
1192,46.482731784802645,22.724891094792405,56.812227736981015,41.834458606322386,20.658991904356732,35.12028623740645,29.955538261317262,41.834458606322386,11.878920345005122,44.933307391975895,69.20762287959505,29.955538261317262,11.878920345005122,38.73560982066888,23.241365892401323,57.32870253458994,63.526400105896954,10.845970749787284,38.73560982066888,61.976975713070196,0.045286823058589984,0.04433041320738794,0.0429769260762943,0.04489298802933617,0.043912377906836345,0.0457295869137382,0.04333081332059249,0.04406762864097017,0.04358459929185515,0.042711130076844725,0.0427019158686363
1193,37.82102697989301,17.3346373657843,42.54865535237964,25.739310027982746,19.43580553133391,29.941646359081968,18.910513489946506,45.70040760070406,7.3540885794236415,39.39690310405523,47.27628372486627,24.163433903820536,10.50584082774806,33.093398607406385,21.53697369688352,57.78212455261433,43.07394739376704,4.727628372486627,33.093398607406385,47.80157576625367,0.04261052578096179,0.04336385859632336,0.04331808984957057,0.04473979774091225,0.04272865349029286,0.04249262167720482,0.04374529320102771,0.04314662059362457,0.043055658126429565,0.04295332940942011,0.042553510146829426
1194,43.292697620545304,20.10018103811032,41.74652984838298,37.62341578928342,20.10018103811032,28.346409156309427,21.646348810272652,40.71575133360808,7.730838860811661,40.20036207622064,51.02353648135697,30.923355443246646,10.307785147748882,42.777308363157864,29.377187671084315,49.477368709194636,51.02353648135697,5.669281831261885,27.831019898921983,46.900422422257414,0.04540569800013109,0.0460862884832093,0.042018248374750614,0.04428696558921155,0.04470477169204551,0.04328941786448743,0.042876083791341835,0.044069305409108486,0.04383610866865711,0.04372791708731922,0.044309937652293734
1195,43.292697620545304,20.10018103811032,41.74652984838298,37.62341578928342,20.10018103811032,28.346409156309427,21.646348810272652,40.71575133360808,7.730838860811661,40.20036207622064,51.02353648135697,30.923355443246646,10.307785147748882,42.777308363157864,29.377187671084315,49.477368709194636,51.02353648135697,5.669281831261885,27.831019898921983,46.900422422257414,0.04540569800013109,0.0460862884832093,0.042018248374750614,0.04428696558921155,0.04470477169204551,0.04328941786448743,0.042876083791341835,0.044069305409108486,0.04383610866865711,0.04372791708731922,0.044309937652293734
1196,43.292697620545304,20.10018103811032,41.74652984838298,37.62341578928342,20.10018103811032,28.346409156309427,21.646348810272652,40.71575133360808,7.730838860811661,40.20036207622064,51.02353648135697,30.923355443246646,10.307785147748882,42.777308363157864,29.377187671084315,49.477368709194636,51.02353648135697,5.669281831261885,27.831019898921983,46.900422422257414,0.04540569800013109,0.0460862884832093,0.042018248374750614,0.04428696558921155,0.04470477169204551,0.04328941786448743,0.042876083791341835,0.044069305409108486,0.04383610866865711,0.04372791708731922,0.044309937652293734
1197,43.292697620545304,20.10018103811032,41.74652984838298,37.62341578928342,20.10018103811032,28.346409156309427,21.646348810272652,40.71575133360808,7.730838860811661,40.20036207622064,51.02353648135697,30.923355443246646,10.307785147748882,42.777308363157864,29.377187671084315,49.477368709194636,51.02353648135697,5.669281831261885,27.831019898921983,46.900422422257414,0.04540569800013109,0.0460862884832093,0.042018248374750614,0.04428696558921155,0.04470477169204551,0.04328941786448743,0.042876083791341835,0.044069305409108486,0.04383610866865711,0.04372791708731922,0.044309937652293734
1198,43.292697620545304,20.10018103811032,41.74652984838298,37.62341578928342,20.10018103811032,28.346409156309427,21.646348810272652,40.71575133360808,7.730838860811661,40.20036207622064,51.02353648135697,30.923355443246646,10.307785147748882,42.777308363157864,29.377187671084315,49.477368709194636,51.02353648135697,5.669281831261885,27.831019898921983,46.900422422257414,0.04540569800013109,0.0460862884832093,0.042018248374750614,0.04428696558921155,0.04470477169204551,0.04328941786448743,0.042876083791341835,0.044069305409108486,0.04383610866865711,0.04372791708731922,0.044309937652293734
1199,43.292697620545304,20.10018103811032,41.74652984838298,37.62341578928342,20.10018103811032,28.346409156309427,21.646348810272652,40.71575133360808,7.730838860811661,40.20036207622064,51.02353648135697,30.923355443246646,10.307785147748882,42.777308363157864,29.377187671084315,49.477368709194636,51.02353648135697,5.669281831261885,27.831019898921983,46.900422422257414,0.04540569800013109,0.0460862884832093,0.042018248374750614,0.04428696558921155,0.04470477169204551,0.04328941786448743,0.042876083791341835,0.044069305409108486,0.04383610866865711,0.04372791708731922,0.044309937652293734
1200,43.292697620545304,20.10018103811032,41.74652984838298,37.62341578928342,20.10018103811032,28.346409156309427,21.646348810272652,40.71575133360808,7.730838860811661,40.20036207622064,51.02353648135697,30.923355443246646,10.307785147748882,42.777308363157864,29.377187671084315,49.477368709194636,51.02353648135697,5.669281831261885,27.831019898921983,46.900422422257414,0.04540569800013109,0.0460862884832093,0.042018248374750614,0.04428696558921155,0.04470477169204551,0.04328941786448743,0.042876083791341835,0.044069305409108486,0.04383610866865711,0.04372791708731922,0.044309937652293734
1201,43.292697620545304,20.10018103811032,41.74652984838298,37.62341578928342,20.10018103811032,28.346409156309427,21.646348810272652,40.71575133360808,7.730838860811661,40.20036207622064,51.02353648135697,30.923355443246646,10.307785147748882,42.777308363157864,29.377187671084315,49.477368709194636,51.02353648135697,5.669281831261885,27.831019898921983,46.900422422257414,0.04540569800013109,0.0460862884832093,0.042018248374750614,0.04428696558921155,0.04470477169204551,0.04328941786448743,0.042876083791341835,0.044069305409108486,0.04383610866865711,0.04372791708731922,0.044309937652293734
1202,43.292697620545304,20.10018103811032,41.74652984838298,37.62341578928342,20.10018103811032,28.346409156309427,21.646348810272652,40.71575133360808,7.730838860811661,40.20036207622064,51.02353648135697,30.923355443246646,10.307785147748882,42.777308363157864,29.377187671084315,49.477368709194636,51.02353648135697,5.669281831261885,27.831019898921983,46.900422422257414,0.04540569800013109,0.0460862884832093,0.042018248374750614,0.04428696558921155,0.04470477169204551,0.04328941786448743,0.042876083791341835,0.044069305409108486,0.04383610866865711,0.04372791708731922,0.044309937652293734
1203,43.292697620545304,20.10018103811032,41.74652984838298,37.62341578928342,20.10018103811032,28.346409156309427,21.646348810272652,40.71575133360808,7.730838860811661,40.20036207622064,51.02353648135697,30.923355443246646,10.307785147748882,42.777308363157864,29.377187671084315,49.477368709194636,51.02353648135697,5.669281831261885,27.831019898921983,46.900422422257414,0.04540569800013109,0.0460862884832093,0.042018248374750614,0.04428696558921155,0.04470477169204551,0.04328941786448743,0.042876083791341835,0.044069305409108486,0.04383610866865711,0.04372791708731922,0.044309937652293734
1204,43.292697620545304,20.10018103811032,41.74652984838298,37.62341578928342,20.10018103811032,28.346409156309427,21.646348810272652,40.71575133360808,7.730838860811661,40.20036207622064,51.02353648135697,30.923355443246646,10.307785147748882,42.777308363157864,29.377187671084315,49.477368709194636,51.02353648135697,5.669281831261885,27.831019898921983,46.900422422257414,0.04540569800013109,0.0460862884832093,0.042018248374750614,0.04428696558921155,0.04470477169204551,0.04328941786448743,0.042876083791341835,0.044069305409108486,0.04383610866865711,0.04372791708731922,0.044309937652293734
1205,43.292697620545304,20.10018103811032,41.74652984838298,37.62341578928342,20.10018103811032,28.346409156309427,21.646348810272652,40.71575133360808,7.730838860811661,40.20036207622064,51.02353648135697,30.923355443246646,10.307785147748882,42.777308363157864,29.377187671084315,49.477368709194636,51.02353648135697,5.669281831261885,27.831019898921983,46.900422422257414,0.04540569800013109,0.0460862884832093,0.042018248374750614,0.04428696558921155,0.04470477169204551,0.04328941786448743,0.042876083791341835,0.044069305409108486,0.04383610866865711,0.04372791708731922,0.044309937652293734
1206,43.292697620545304,20.10018103811032,41.74652984838298,37.62341578928342,20.10018103811032,28.346409156309427,21.646348810272652,40.71575133360808,7.730838860811661,40.20036207622064,51.02353648135697,30.923355443246646,10.307785147748882,42.777308363157864,29.377187671084315,49.477368709194636,51.02353648135697,5.669281831261885,27.831019898921983,46.900422422257414,0.04540569800013109,0.0460862884832093,0.042018248374750614,0.04428696558921155,0.04470477169204551,0.04328941786448743,0.042876083791341835,0.044069305409108486,0.04383610866865711,0.04372791708731922,0.044309937652293734
1207,43.27756206568653,20.093153816211604,41.731934849054866,37.61026227137044,20.093153816211604,28.336498971580465,21.638781032843266,40.70151670463376,7.212927010947754,40.18630763242321,51.005698148844836,30.912544332633235,10.304181444211078,42.76235299347597,29.366917116001574,49.97528000442373,50.49048907663428,5.667299794316093,27.821289899369912,47.39923464337096,0.04543791031530625,0.04625377203571993,0.042058561671498504,0.044239381027720015,0.0446102257005389,0.043392393284219115,0.042911334504472855,0.04404451997291083,0.043834208265591694,0.043713776695127764,0.044294844316340294
1208,43.292697620545304,20.10018103811032,41.74652984838298,37.62341578928342,20.10018103811032,28.346409156309427,21.646348810272652,40.71575133360808,7.730838860811661,40.20036207622064,51.02353648135697,30.923355443246646,10.307785147748882,42.777308363157864,29.377187671084315,49.477368709194636,51.02353648135697,5.669281831261885,27.831019898921983,46.900422422257414,0.04540569800013109,0.0460862884832093,0.042018248374750614,0.04428696558921155,0.04470477169204551,0.04328941786448743,0.042876083791341835,0.044069305409108486,0.04383610866865711,0.04372791708731922,0.044309937652293734
1209,43.292697620545304,20.10018103811032,41.74652984838298,37.62341578928342,20.10018103811032,28.346409156309427,21.646348810272652,40.71575133360808,7.730838860811661,40.20036207622064,51.02353648135697,30.923355443246646,10.307785147748882,42.777308363157864,29.377187671084315,49.477368709194636,51.02353648135697,5.669281831261885,27.831019898921983,46.900422422257414,0.04540569800013109,0.0460862884832093,0.042018248374750614,0.04428696558921155,0.04470477169204551,0.04328941786448743,0.042876083791341835,0.044069305409108486,0.04383610866865711,0.04372791708731922,0.044309937652293734
1210,43.292697620545304,20.10018103811032,41.74652984838298,37.62341578928342,20.10018103811032,28.346409156309427,21.646348810272652,40.71575133360808,7.730838860811661,40.20036207622064,51.02353648135697,30.923355443246646,10.307785147748882,42.777308363157864,29.377187671084315,49.477368709194636,51.02353648135697,5.669281831261885,27.831019898921983,46.900422422257414,0.04540569800013109,0.0460862884832093,0.042018248374750614,0.04428696558921155,0.04470477169204551,0.04328941786448743,0.042876083791341835,0.044069305409108486,0.04383610866865711,0.04372791708731922,0.044309937652293734
1211,43.292697620545304,20.10018103811032,41.74652984838298,37.62341578928342,20.10018103811032,28.346409156309427,21.646348810272652,40.71575133360808,7.730838860811661,40.20036207622064,51.02353648135697,30.923355443246646,10.307785147748882,42.777308363157864,29.377187671084315,49.477368709194636,51.02353648135697,5.669281831261885,27.831019898921983,46.900422422257414,0.04540569800013109,0.0460862884832093,0.042018248374750614,0.04428696558921155,0.04470477169204551,0.04328941786448743,0.042876083791341835,0.044069305409108486,0.04383610866865711,0.04372791708731922,0.044309937652293734
1212,43.292697620545304,20.10018103811032,41.74652984838298,37.62341578928342,20.10018103811032,28.346409156309427,21.646348810272652,40.71575133360808,7.730838860811661,40.20036207622064,51.02353648135697,30.923355443246646,10.307785147748882,42.777308363157864,29.377187671084315,49.477368709194636,51.02353648135697,5.669281831261885,27.831019898921983,46.900422422257414,0.04540569800013109,0.0460862884832093,0.042018248374750614,0.04428696558921155,0.04470477169204551,0.04328941786448743,0.042876083791341835,0.044069305409108486,0.04383610866865711,0.04372791708731922,0.044309937652293734
1213,43.292697620545304,20.10018103811032,41.74652984838298,37.62341578928342,20.10018103811032,28.346409156309427,21.646348810272652,40.71575133360808,7.730838860811661,40.20036207622064,51.02353648135697,30.923355443246646,10.307785147748882,42.777308363157864,29.377187671084315,49.477368709194636,51.02353648135697,5.669281831261885,27.831019898921983,46.900422422257414,0.04540569800013109,0.0460862884832093,0.042018248374750614,0.04428696558921155,0.04470477169204551,0.04328941786448743,0.042876083791341835,0.044069305409108486,0.04383610866865711,0.04372791708731922,0.044309937652293734
1214,48.96160056212991,21.585221753197057,47.382194092383784,37.37928645065832,23.164628222943183,33.69400468791736,24.744034692689308,50.01453820862733,10.529376464974174,38.958692920404445,65.28213408283987,17.899939990456094,8.949969995228047,38.43222409715573,28.955785278678977,57.911570557357955,58.43803938060667,8.42350117197934,35.27341115766348,62.64978996659633,0.04541341488635438,0.04257755633002783,0.04190437954471762,0.04289682038551042,0.043276783166959945,0.044585283457501346,0.040998390023582465,0.042607914012022706,0.043808011693205653,0.043010416152948684,0.042452207098460315
1215,37.84713035521452,17.87225600107352,43.62933082615007,25.757074825076547,19.449219765874126,30.48796611947836,20.500528942407865,45.20629459095067,7.884818824003024,41.00105788481573,48.36022212055188,24.18011106027594,9.987437177070497,33.1162390608127,22.077492707208467,57.29635012108864,43.1036762378832,4.730891294401815,32.590584472545835,47.30891294401815,0.04266659558795239,0.04320244843316312,0.043681338250680594,0.04496329181108936,0.04264945715283163,0.042589858521647796,0.043757560456391495,0.042791915264189614,0.04322160505146554,0.0426174305626916,0.042203910641028616
1216,37.84437709908198,17.87095585234427,43.62615693366395,25.22958473272132,19.447804898139353,30.48574821870493,20.499037595336073,45.203005979459036,7.884245228975413,40.99807519067215,47.83108772245084,24.1783520355246,9.986710623368856,33.63944631029509,22.601502989729518,57.292181997221334,43.10054058506559,4.730547137385248,32.588213613098375,47.30547137385248,0.04263895892715371,0.043237164434757266,0.043563656291606176,0.044870826092158894,0.04274414642156762,0.042616020100168725,0.04370559390034814,0.04284470532862129,0.04325719844069246,0.042673334829442126,0.04223204663512262
1217,48.69312003024512,21.17092175228049,43.92966263598201,33.344201759841766,22.758740883701524,32.81492871603476,28.051471321771647,52.92730438070122,12.702553051368293,40.75402437313994,69.8640417825256,21.7001947960875,5.822003481877134,42.871116548367986,27.522198277964634,67.74694960729757,56.102942643543294,5.822003481877134,33.344201759841766,65.1005843882625,0.04357672804349943,0.04346645456409869,0.0422756099515395,0.04369780108268125,0.04211627140839522,0.04283518664654052,0.041383306680758666,0.04268932777879259,0.043424082001904424,0.04259596830839373,0.042666219726383896
1218,48.215197204045566,21.193493276503546,43.97649854874486,33.379751910493084,22.78300527224131,32.849914578580496,27.55154125945461,52.983733191258864,12.716095965902127,39.73779989344415,69.40869048054911,21.723330608416134,5.828210651038475,43.44666121683227,27.55154125945461,69.40869048054911,56.692594514646984,5.828210651038475,33.379751910493084,65.1699918252484,0.043503061491388856,0.043319917508936254,0.04231353637645345,0.04364445043338267,0.04201086030447885,0.04272553376961121,0.04135091612431092,0.04277768542241489,0.04333051443423525,0.04253564357118483,0.04265054865101417
1219,48.72386124346303,21.184287497157836,43.42778936917357,33.36525280802359,22.773109059444675,32.83564562059465,28.59878812116308,52.96071874289459,12.710572498294702,40.77975343202883,69.37854155319191,21.184287497157836,5.8256790617184055,42.898182181744616,27.539573746305187,69.37854155319191,56.13836186746827,5.8256790617184055,33.36525280802359,64.6120768663314,0.04350367103995089,0.04340789365200514,0.04225545593666424,0.04361886702292846,0.04200808273650178,0.04279290362650062,0.04145360743873875,0.04285464167525707,0.04334693917271137,0.042493494260691815,0.04265725600910398
1220,48.06136816974368,22.182169924497085,43.83619294602995,32.21696108081719,22.710316827461302,32.21696108081719,27.463638954139245,52.81469029642163,12.675525671141191,41.72360533417309,69.18724428831233,21.12587611856865,5.281469029642163,42.2517522371373,26.935492051175032,67.60280357941969,55.983571714206924,5.809615932606379,33.273254886745626,63.90577525867017,0.04358401038922326,0.04343931257104892,0.0426066990018622,0.04397280271967637,0.0419354524045064,0.04288412699716341,0.04139310237815539,0.04295601621838842,0.04361314638581714,0.04251224941364654,0.0429561785562957
1221,48.54153157929996,22.16026441663694,43.79290349002062,32.71277128170215,22.6878897598902,32.18514593844889,28.491768535676066,52.76253432532605,12.663008238078252,40.62715143050106,69.11891996617713,21.63263907338368,5.276253432532605,42.7376528035141,26.908892505916285,68.0636692796706,56.455911728098876,5.803878775785866,33.24039662495541,64.89791722015104,0.043795909475428274,0.043502963916988276,0.04261185728884084,0.04393144227436683,0.042017424055190336,0.04302194759909316,0.04137223434917793,0.04298913540722919,0.04362042972368157,0.042738232656457195,0.04277308000028593
1222,48.74969260640662,21.19551852452462,43.98070093838858,32.85305371301316,22.785182413863964,33.38294167612627,27.554174081882003,52.988796311311546,12.717311114714771,40.27148519659677,68.35554724159189,21.725406487637734,5.82876759424427,43.45081297527547,28.084062044995118,68.35554724159189,56.698012053103355,5.82876759424427,33.91282963923939,65.70610742602632,0.043515323053627604,0.04336715328828424,0.04230322236740096,0.04372581310072167,0.041944373307699324,0.04261891321469424,0.04140373830669084,0.042736284450739556,0.04331969964393025,0.042502573897120796,0.04267494225597522
1223,48.55515562444765,22.166484089421754,43.27742131744247,32.72195270343211,22.69425752012227,32.72195270343211,27.97199182712745,52.77734307005179,12.666562336812431,40.63855416393988,69.13831942176785,21.638710658721234,5.277734307005179,42.749647886741954,26.916444965726416,68.08277256036682,56.999530515655934,5.805507737705697,33.77749956483315,64.91613197616371,0.04379028346353286,0.043479240527558416,0.042577670216931894,0.04398190865920681,0.04194347726250105,0.04294994263520644,0.041379369396183266,0.04291602882422725,0.04362074903854604,0.04265584368573674,0.04293205558985134
1224,48.04112020367767,22.172824709389694,43.81772502093678,32.203388268399316,22.700749107232305,32.203388268399316,28.507917483501036,53.32036418210379,12.670185548222682,41.178103031723715,69.68602051522475,21.644900311547083,5.279243978426118,42.761876225251555,26.9241442899732,68.10224732169692,55.95998617131685,5.807168376268729,33.25923706408454,65.46262533248385,0.04381360977938338,0.043362729253099176,0.04251289539130516,0.043818716249594485,0.04191948551000514,0.042960124835579525,0.04171156089142368,0.0429624165314411,0.04356017256114537,0.04256974096462479,0.04288415018978662
1225,48.540755616315266,22.159910172665665,43.79220343645834,32.712248350125506,22.687527081538654,32.712248350125506,28.491313079141566,52.761690887299196,12.662805812951808,41.15411889209337,69.11781506236196,21.632293263792672,5.27616908872992,42.73696961871235,26.90846235252259,67.53496433574297,56.455009249410146,5.803785997602912,33.23986525899849,64.89687979137801,0.04371937225220266,0.04353337215287655,0.042625525444799216,0.04389712130720377,0.042005048247448724,0.04296990257370794,0.04152162741340218,0.04293879329209867,0.043625352476122904,0.04270752713844433,0.042839448828701165
1226,48.55515562444765,22.166484089421754,43.27742131744247,32.72195270343211,22.69425752012227,32.72195270343211,27.97199182712745,52.77734307005179,12.666562336812431,40.63855416393988,69.13831942176785,21.638710658721234,5.277734307005179,42.749647886741954,26.916444965726416,68.08277256036682,56.999530515655934,5.805507737705697,33.77749956483315,64.91613197616371,0.04379028346353286,0.043479240527558416,0.042577670216931894,0.04398190865920681,0.04194347726250105,0.04294994263520644,0.041379369396183266,0.04291602882422725,0.04362074903854604,0.04265584368573674,0.04293205558985134
1227,36.27528018169907,18.400504439992282,43.10975325941049,23.657791422847218,19.45196183656327,31.01799319884413,20.503419233134256,44.16121065598148,8.4116591725679,40.48110976798302,49.41849763883641,23.132062724561724,9.463116569138888,33.12090799198611,22.08060532799074,56.778699414833326,45.73839675083796,4.731558284569444,33.12090799198611,47.841311543979934,0.04268362604866909,0.04391059084484267,0.0430261505771004,0.04480722263910172,0.043032519112365726,0.04244700798812004,0.04300594933705125,0.0430189797993779,0.04404807162067081,0.043140792950575296,0.041150390796631346
1228,48.186451163636164,21.710379095704205,44.47980107412569,33.35985080559426,22.769421978421484,32.830329364235624,27.535114950649234,52.95214413586391,13.238036033965978,40.243629543256574,69.36730881798172,21.180857654345566,5.824735854945031,42.89123675004977,27.535114950649234,68.83778737662308,56.658794225374386,5.824735854945031,33.35985080559426,65.13113728711261,0.04360171608981782,0.043358472515411736,0.042342574258404216,0.04375608118322112,0.04194769237299216,0.042657806186396564,0.041454422365089866,0.04278798220231829,0.04335779557873047,0.042514467803223724,0.04269954808575482
1229,38.3158937974117,17.845758754958872,43.039771114900816,25.19401235994194,19.420384527455244,30.442764934929844,20.470135042452824,45.139272144895976,7.873128862481856,40.94027008490565,48.28852368988872,24.66913710244315,9.972629892477018,33.592016479922584,22.044760814949196,56.68652780986936,43.039771114900816,4.723877317489114,32.54226596492501,47.238773174891136,0.04269035894716221,0.04329666873166458,0.0437511920879671,0.04501805655353065,0.042644313793941624,0.04280220405879157,0.04364054789831202,0.04293477760048256,0.04342262504313762,0.04266643701912857,0.042257560767091265
1230,45.963199835451945,22.189130955045766,43.849949268304734,33.81200907435546,23.245756238619375,32.75538379078185,27.472257372913806,51.77463889510679,13.736128686456903,40.1517607757971,66.0390802233505,21.660818313258964,5.811439059654844,44.37826191009153,29.05719529827422,69.73726871585812,54.94451474582761,5.811439059654844,32.75538379078185,67.0957055069241,0.04358595394508253,0.043722085544743744,0.04273056391808299,0.04381328421738169,0.04197572644936821,0.0425423762706937,0.041630468775543716,0.042564553570606393,0.04376142936928985,0.042574797460024294,0.042786118692378874
1231,48.22599423489455,21.72819520473271,43.986346390068654,33.917182758607154,22.788107165939184,32.85727079740068,27.557710991368314,52.465642079720446,13.24889951508092,40.276654525846,68.36432149781754,21.198239224129473,5.829515786635605,43.45639040946542,28.08766697197155,69.95418943962726,56.70528992454634,5.829515786635605,32.32731481679745,65.71454159480136,0.043492332692801956,0.0434093584650356,0.042517333022401196,0.043598220307222775,0.04198972401897015,0.04251455696340785,0.041555548499760724,0.042804159944665375,0.043369937946884804,0.04234725426295822,0.04244559327265459
1232,42.16368485239214,22.110224983571488,44.220449967142976,36.50758078682734,20.05345986882065,27.766329049136285,22.110224983571488,40.1069197376413,7.198677901627926,38.05015462289047,53.47589298352174,29.823094163887124,8.741251737691053,41.649493573704426,30.85147672126254,53.47589298352174,46.79140636058152,5.656104065564799,26.223755213073158,48.84817147533236,0.04480849739363049,0.045986085913460796,0.04264608959316557,0.04388273316557453,0.04483333900479872,0.04404440395308819,0.04256882449486844,0.044432801824485946,0.04369192761437106,0.04449806089038669,0.04441595746446058
1233,46.53917863724436,21.683026410534307,43.366052821068614,33.846675372541355,23.26958931862218,32.78896676714944,27.500423740189852,51.82772166420395,12.692503264703008,40.72178130758882,69.27991365317058,21.683026410534307,5.817397329655545,43.89490712376457,28.02927804288581,69.80876795586654,55.52970178307566,5.817397329655545,32.78896676714944,66.10678783699484,0.04358332160234375,0.04349178499096032,0.042573646339431226,0.04383414100829931,0.041932443963271414,0.04262974602567015,0.04149023746762877,0.04269068696612898,0.04358383724083923,0.04266629812543696,0.04266955357403125
1234,49.31364811886516,21.74042551476851,45.07161387208106,32.345511131728756,22.800934076464536,32.87576541257677,28.10347688494466,53.555682365649254,14.316865582896336,38.70856250190491,69.46331079108963,21.210171233920498,6.36305137017615,43.48085102953702,27.573222604096646,67.87254794854559,57.26746233158534,5.832797089328137,32.345511131728756,64.69102226345751,0.04396958917612469,0.04316993432901467,0.042537403159592965,0.04341953033525475,0.041844878180726956,0.04254297702704651,0.04123581607072818,0.042837005427073756,0.04325657516961609,0.042456265269387616,0.04247574500742154
1235,48.215197204045566,21.193493276503546,43.97649854874486,33.379751910493084,22.78300527224131,32.849914578580496,27.55154125945461,52.983733191258864,12.716095965902127,39.73779989344415,69.40869048054911,21.723330608416134,5.828210651038475,43.44666121683227,27.55154125945461,69.40869048054911,56.692594514646984,5.828210651038475,33.379751910493084,65.1699918252484,0.043503061491388856,0.043319917508936254,0.04231353637645345,0.04364445043338267,0.04201086030447885,0.04272553376961121,0.04135091612431092,0.04277768542241489,0.04333051443423525,0.04253564357118483,0.04265054865101417
1236,46.39011109533989,23.195055547669945,44.281469681915354,33.738262614792646,22.66789519431381,31.629621201368106,27.412338374519027,52.188874982257374,12.651848480547244,39.53702650171014,68.00368558294143,20.55925378088927,6.325924240273622,43.22714897520308,27.93949872787516,69.58516664300984,56.40615780910646,5.798763886917486,32.68394190808038,66.42220452287303,0.04375990748542741,0.043642267524215864,0.0428290349437233,0.04389698750328005,0.04211647187345648,0.04289726821053295,0.041842320132423595,0.04263015046756827,0.04373447795069995,0.04284435538838966,0.042646405164147395
1237,48.54854296327352,22.16346526584226,43.27152742378727,32.71749634481476,22.691166819790883,33.24519789876339,28.49588391322576,53.297856948811145,12.664837294767004,41.160721207992765,69.1289035672699,21.108062157945007,5.277015539486252,42.743825869838645,26.912779251379884,67.54579890542402,56.4640662725029,5.804717093434877,33.24519789876339,64.37958958173228,0.04376723619779854,0.04352664495382454,0.042642509168252365,0.04392796768443694,0.041951521914994766,0.04301606002100969,0.04137532526834372,0.042946504115735695,0.043536579160362396,0.042786450863242544,0.042821646703373586
1238,47.02898185362296,22.721867637143674,44.91531974784215,33.29017816604771,22.721867637143674,32.23334711315731,26.94919184870529,54.42679922385578,13.210388161130044,40.15958000983533,70.27926501721183,20.608205531362866,6.869401843787623,42.27324211561614,28.534438428040893,67.63718738498582,56.540461329636585,5.812570790897219,32.23334711315731,63.938278699869414,0.044087767843982835,0.04364954498367273,0.04251094134821615,0.04401275087200659,0.041991385472842084,0.04229853528180342,0.041089607143037186,0.04251751941257313,0.04360965056951646,0.042968541299023624,0.042848229328123884
1239,36.29283262174604,18.409407851610307,43.130612680915576,23.66923866635611,19.461374014559468,31.033001807000232,20.513340177508628,44.18257884386474,8.415729303593285,40.50069727354268,48.916426577135965,23.14325558488153,9.467695466542445,33.13693413289855,23.14325558488153,56.28018971778008,45.76052808828848,4.733847733271222,33.13693413289855,47.8644604141868,0.042705124312352453,0.0439435449413409,0.043024909871819284,0.04487077519196576,0.042990346080327035,0.042377450828288726,0.04293202907363707,0.04302709865212859,0.043994499290807274,0.043090569007152905,0.04106057127559978
1240,48.76966713737748,21.204203103207604,42.938511283995396,33.926724965132166,22.794518335948172,32.86651480997178,28.095569111750073,53.5406128355992,13.25262693950475,39.227775740934064,68.91366008542471,21.204203103207604,6.36126093096228,43.468616361575585,27.56546403416988,68.91366008542471,57.25134837866052,5.831155853382091,32.86651480997178,65.20292454236338,0.04349492519520408,0.04336162781419979,0.04233652900418304,0.04357696672985121,0.04203037700850164,0.042722061441079894,0.04145987666593781,0.04269757901109337,0.04327919830009501,0.04241405204514142,0.042521729204522636
1241,48.60093153124167,22.18738178600163,43.31822158219366,32.22453068919285,22.71565278090643,32.75280168409765,28.526633724859238,52.82709949048007,13.73504586752482,40.14859561276486,69.20350033252889,21.65911079109683,5.810980943952808,42.78995058728886,26.941820740144838,68.1469583427193,57.053267449718476,5.810980943952808,32.75280168409765,64.9773323732905,0.043717353974355666,0.04344338440146425,0.042540840612667746,0.04391044506448276,0.041877251401736794,0.04293739529826246,0.04138345276261122,0.04286555870160222,0.04354046529529289,0.042637702363496344,0.04287515521922686
1242,48.82291118769729,21.758036507560746,45.10812446689423,32.90239666996991,23.350087959333482,32.90239666996991,28.126242314651698,53.06838172575792,13.797779248697058,38.2092348425457,69.51958006074287,21.227352690303167,6.36820580709095,42.98538919786391,28.126242314651698,67.92752860897014,57.84453608107613,5.837521989833371,32.37171285271233,65.27410952268224,0.04387471501549813,0.04304008422614682,0.04250461852165041,0.04332237344325989,0.04182020780518869,0.0425747072174578,0.041350656501768876,0.04274740000863779,0.043210246368682516,0.042421963281350665,0.04244921035277936
1243,36.818775339089804,18.409387669544902,43.130565397219485,23.669212717986305,19.461352679233183,31.032967785804267,21.039300193765605,44.182530406907766,8.415720077506242,40.500652872998785,49.44235545534917,22.617247708298024,9.467685087194521,33.13689780518082,22.617247708298024,56.28012801832299,45.76047792144019,4.733842543597261,33.13689780518082,47.33842543597261,0.04266102680625832,0.04391968456591031,0.043067140617718935,0.044801532906811034,0.04298040037314127,0.04242174813057695,0.04294725383694842,0.04297494090627381,0.0440197532130172,0.043080073455211254,0.04114394034399237
1244,36.851890482443004,18.425945241221502,43.16935742229038,23.690501024427647,19.47885639786273,31.060879120916248,20.53176755450396,43.69581300061099,8.42328925312983,40.53707953068731,49.48682436213775,22.637589867786417,9.476200409771058,33.16670143419871,22.637589867786417,56.857202458626354,45.80163531389345,4.738100204885529,33.16670143419871,47.90745762717591,0.04268342959401234,0.04383642688019222,0.04293474775389602,0.04469353950750755,0.043104738064849775,0.04232997769716983,0.042882258907649136,0.042938923194280464,0.04391884684693725,0.04305934043888745,0.041162192794003516
1245,48.77800368466769,22.55327052086786,47.7290143581157,30.42069047000781,21.504281194315865,33.043163786387794,27.273722490351826,52.97396099087567,13.112366581899916,40.910583735527744,63.4638542563956,23.077765184143853,5.769441296035963,46.15553036828771,28.32271181690382,63.988348919671594,55.071939643979654,6.8184306225879565,31.994174459835797,63.988348919671594,0.04379850262490198,0.04396519115392875,0.04322801098144116,0.04434372117316538,0.042345543916449464,0.04319027922664022,0.04228218215300475,0.04310977477885009,0.04349135935175519,0.0427465309446947,0.04300424041917164
1246,35.746195814501554,16.821739206824258,44.68274476812694,24.70692946002313,18.924456607677293,29.438043611942454,20.501494658317068,41.002989316634135,6.308152202559097,38.374592565567845,47.83682086940649,26.283967510662904,10.513587004265162,34.694837114075035,20.501494658317068,54.14497307196559,44.68274476812694,4.731114151919323,33.11779906343526,48.88817956983301,0.04244466789432655,0.04380039242812117,0.04318175497851459,0.04466199813910694,0.042537995521443335,0.04247592680450663,0.04378838720225902,0.04261122568325675,0.043770836331174734,0.042684629604302034,0.04236283519973022
1247,36.27940180183073,18.402595116870657,43.1146514166684,23.660479435976562,19.45417198069184,31.021517482724825,20.50574884451302,44.166228280489584,8.412614910569443,40.48570925711545,49.42411259959548,23.13469100406597,9.464191774390624,33.12467121036718,22.60890257215538,56.25936221443315,45.74359357622135,4.732095887195312,33.12467121036718,47.846747303863715,0.04269417386452993,0.04392128298134875,0.0430329105800201,0.04481206024716952,0.0430159649850318,0.04242728184246416,0.042991906958811,0.043016058491643513,0.0440434665942303,0.04312106039361474,0.04113540115054602
1248,36.26386363464397,18.394713437862883,43.09618576870732,23.65034584868085,19.445839920026476,31.008231223826,20.49696640219007,43.62174900978912,8.409011857308746,40.99393280438014,48.87738142060709,23.12478260759905,9.460138339472339,33.636047429234985,22.599219366517257,56.23526679575224,45.198438733034514,4.730069169736169,33.11048418815319,48.35181817952529,0.042762565903576744,0.043979999327539133,0.04301622990384674,0.044763128722399154,0.04304074435055274,0.04258872761163354,0.042930342366940266,0.043030379774131614,0.044031905338241396,0.04316724771283683,0.04112548790650528
1249,44.63260153307868,21.27833328902588,42.03768283929503,32.176991802917186,19.202398333998964,33.73394301918737,23.873251982809524,36.32886171297101,7.265772342594203,39.961747884268114,51.898373875672874,29.06308937037681,10.379674775134575,37.8858129292412,25.43020319907971,53.45532509194307,49.303455181889234,5.189837387567287,29.06308937037681,51.37939013691615,0.044905075849948475,0.04642323130552622,0.04265248170060438,0.04332154579909987,0.043353768384270325,0.04344145222854113,0.0424007827199977,0.04411425091366566,0.04437274470187728,0.04285618838407269,0.043174739255667574
1250,37.464309309959354,17.412988834206462,41.685639936433645,25.32798375884576,19.523654147443608,31.132313370247914,20.051320475752895,44.85163790628937,8.442661252948588,40.10264095150579,48.54530220445437,23.217318445608615,10.025660237876448,32.715312355175776,22.689652117299328,56.460297129093675,48.017635876145086,4.74899695478358,33.24297868348506,47.489969547835805,0.04272928107198498,0.04358712075083594,0.042559396766857105,0.04450112231869768,0.04276362461329385,0.04233632747118425,0.043296604180996845,0.042904998366878874,0.043704941656828734,0.042843486485421495,0.04110676800773359
1251,49.31364811886516,21.74042551476851,45.07161387208106,32.345511131728756,22.800934076464536,32.87576541257677,28.10347688494466,53.555682365649254,14.316865582896336,38.70856250190491,69.46331079108963,21.210171233920498,6.36305137017615,43.48085102953702,27.573222604096646,67.87254794854559,57.26746233158534,5.832797089328137,32.345511131728756,64.69102226345751,0.04396958917612469,0.04316993432901467,0.042537403159592965,0.04341953033525475,0.041844878180726956,0.04254297702704651,0.04123581607072818,0.042837005427073756,0.04325657516961609,0.042456265269387616,0.04247574500742154
1252,33.73435583841331,17.126672964117528,44.63314772466992,30.62041529948285,23.873544131800188,26.987484670730648,21.797583772513217,36.32930628752203,9.860811706613122,35.81031619770028,48.785068443243865,17.126672964117528,10.379801796434865,36.32930628752203,23.873544131800188,41.00021709591772,36.84829637734377,9.341821616791378,29.582435119839364,50.3420387127091,0.04474742375797768,0.04422369534823929,0.04428468666529625,0.04391521163681134,0.0424949173051445,0.04393532726014085,0.042245001184167484,0.04511592147111027,0.04342345264373527,0.043089403636512126,0.04353486926912164
1253,32.44090297649138,19.359893711777115,43.95219112943994,25.11553778825139,19.359893711777115,28.778220382371387,23.022576305897108,43.428950758851364,8.37184592941713,38.71978742355423,49.707835205914215,24.06905704707425,9.418326670594272,32.964143347079954,23.54581667648568,56.50996002356563,44.475431500028506,4.709163335297136,33.48738371766852,47.61487372355993,0.0426146895478133,0.044097496015281956,0.042695931422082195,0.04520486212293922,0.04298550307544816,0.04268633199889121,0.04392938280728714,0.043184536311244505,0.04388423138555943,0.043366541533335135,0.04211012319154718
1254,33.73435583841331,17.126672964117528,44.63314772466992,30.62041529948285,23.873544131800188,26.987484670730648,21.797583772513217,36.32930628752203,9.860811706613122,35.81031619770028,48.785068443243865,17.126672964117528,10.379801796434865,36.32930628752203,23.873544131800188,41.00021709591772,36.84829637734377,9.341821616791378,29.582435119839364,50.3420387127091,0.04474742375797768,0.04422369534823929,0.04428468666529625,0.04391521163681134,0.0424949173051445,0.04393532726014085,0.042245001184167484,0.04511592147111027,0.04342345264373527,0.043089403636512126,0.04353486926912164
1255,35.514154445340544,18.279344199807635,42.8258921252636,25.591081879730687,18.801611176944995,30.291484673966938,20.368412108357077,44.39269305667568,7.834004657060414,41.78135817098888,48.04856189663721,24.546547925455965,9.400805588472497,32.90281955965374,23.502013971181242,51.70443073659874,46.48176096522513,4.700402794236249,32.38055258251638,45.959493988087765,0.04301039156777644,0.04392938573082645,0.04316440708871371,0.04495166684451116,0.043250095730077154,0.04307587913917095,0.04402246151857296,0.04342891483672162,0.04432902001054226,0.04307978004772556,0.04149102034800069
1256,43.78011037847428,21.098848375168327,43.25263916909507,36.92298465654457,22.681262003305953,32.1757437721317,25.846089259581202,52.74712093792082,11.076895396963373,42.197696750336654,71.20861326619311,22.681262003305953,6.857125721929706,42.197696750336654,27.428502887718825,66.46137238178024,56.43941940357528,6.329654512550499,33.23068619089012,64.3514875442634,0.04386924015967754,0.04370514783586679,0.042618405291303126,0.04403701145575349,0.04215050046157151,0.04232884405296274,0.041774440891064565,0.042698155933975045,0.043601312637980325,0.043220289818539925,0.04252544208209679
1257,36.81016785076863,18.405083925384314,43.12048233947183,23.13781979191171,19.45680300683485,31.025712902790705,21.034381629010646,43.64634188019709,8.41375265160426,40.49118463584549,49.43079682817502,23.13781979191171,9.465471733054791,33.129151065691765,23.13781979191171,56.26697085760348,45.22392050237289,4.7327358665273955,33.129151065691765,47.85321820599922,0.04270589101153371,0.04395228383545246,0.04296143589138001,0.04477976449701925,0.04295363202102038,0.0424501359713276,0.042984127133868774,0.04294675933926462,0.044068934391812066,0.04316553183557103,0.04117196334648391
1258,45.92719624840129,22.6996487204742,42.75980340368396,33.78552367698486,23.22754752792709,32.20182725462619,27.450737987550195,51.73408313038306,13.19747018632221,40.12030936641952,68.62684496887549,21.115952298115534,5.8068868819817725,43.287702211136846,27.450737987550195,71.79423781359282,55.42937478255328,5.8068868819817725,32.72972606207908,66.51524973906393,0.04367969943399492,0.04353520456734467,0.04259392522811013,0.043868039035382035,0.04201108193146523,0.04286485361892901,0.041570770342146394,0.04266318250759043,0.043552192458721654,0.042870848905874614,0.0428913945175526
1259,36.195691847084106,17.835558301461734,43.015170021172416,26.7533374521926,19.40928403394365,29.376213672995796,18.884708789783012,45.11347099781497,7.344053418248949,38.8185680678873,47.736347218618164,25.704186963871322,10.491504883212784,34.62196611460219,22.556735498907486,57.17870161350967,43.53974526533305,4.721177197445753,33.04824038212027,48.785497706939445,0.042714320698466784,0.04365969380125739,0.04298628339850388,0.044618952969341354,0.04296592877083999,0.042600412540697956,0.043801976814169155,0.043392473416773276,0.04288716637974648,0.04317968952896736,0.0426178575205971
1260,37.351477186650605,17.886622878114373,43.66440290833803,24.725625743275753,19.46485430853623,31.038551464963177,20.517008595484135,45.242634338759885,8.417234295583235,41.03401719096827,47.87302005612965,24.725625743275753,9.995465726005092,33.66893718233294,21.56916288243204,57.342408638660785,43.13832576486408,4.734694291265569,32.09070575191108,48.3990971996036,0.04251060746750647,0.043426607101861726,0.0433926598940356,0.04459006910320915,0.04289060785083012,0.04220514149587258,0.04372706067276352,0.04298004275037371,0.043270102641149416,0.04262910925150186,0.0423008482969436
1261,33.78348047584451,19.230596578557645,41.059922424487944,24.947800966777486,18.710850725083116,29.625513648048265,21.8293258459303,45.217889252284195,7.796187802117965,37.42170145016623,48.856110226605914,24.428055113302957,9.355425362541558,33.26373462236998,22.868817552879364,54.05356876135122,44.17839754533513,5.1974585347453095,34.82297218279358,48.33636437313138,0.04313804660773628,0.043868358470117025,0.043945483108639605,0.04573596443475708,0.0430431328213147,0.04300499033977592,0.04405561855233666,0.04347315570085378,0.04394534433282823,0.043473373980837116,0.042570678176272685
1262,37.825471506557705,18.387381982354437,43.60436298672624,24.166273462522977,19.438089524203264,31.52122625546475,19.963443295127675,44.129716757650655,7.8803065638661876,40.45224036117976,49.383254466894776,23.11556592067415,9.456367876639426,33.6226413391624,22.59021214974974,56.73820725983655,44.65507052857507,4.728183938319713,33.09728756823799,45.70577807042389,0.042721701954668206,0.043963740606382855,0.04303575498692781,0.04483557990710347,0.043266016276410205,0.042402687372196254,0.04298846476120952,0.04317621799459551,0.044011845183511505,0.04301349431972586,0.04123072571285615
1263,35.514154445340544,18.279344199807635,42.8258921252636,25.591081879730687,18.801611176944995,30.291484673966938,20.368412108357077,44.39269305667568,7.834004657060414,41.78135817098888,48.04856189663721,24.546547925455965,9.400805588472497,32.90281955965374,23.502013971181242,51.70443073659874,46.48176096522513,4.700402794236249,32.38055258251638,45.959493988087765,0.04301039156777644,0.04392938573082645,0.04316440708871371,0.04495166684451116,0.043250095730077154,0.04307587913917095,0.04402246151857296,0.04342891483672162,0.04432902001054226,0.04307978004772556,0.04149102034800069
1264,49.87116701179098,21.75231752641947,44.56572371266428,33.42429278449821,22.813406186244812,32.89374845458554,27.58830515545884,53.054432991267,14.32469690764209,38.19919175371224,70.03185154847245,21.221773196506803,6.366531958952041,42.97409072292627,27.58830515545884,68.44021855873443,57.29878763056836,5.83598762903937,32.36320412467287,64.72640824934574,0.04359384510671591,0.04345845679585696,0.042587509079987616,0.04322966860858419,0.041619706277017214,0.04251713484700471,0.041364411590620376,0.04281328287176355,0.043390617086508584,0.042290646522633306,0.042590391300637624
1265,48.53638858378934,22.15791652738209,42.733124731379746,33.76444423220128,22.685485968510235,32.70930534994499,27.961180379791685,52.7569441128145,12.66166658707548,40.622846966867165,69.63916622891514,21.630347086253945,5.2756944112814494,42.205555290251596,26.906041497535394,68.0564579055307,56.44993020071151,5.803263852409595,33.236874791073134,64.89104125876183,0.04379708773801974,0.043526652429600604,0.042551056071917503,0.04390147110683238,0.04206647213446505,0.04312437689894434,0.04136246334632131,0.043020415342524584,0.043679227005954384,0.04268352162578459,0.04271781517149062
1266,36.70586870917444,17.82856480159901,41.425194686068295,26.74284720239852,19.401673460563632,30.413434073315962,18.35293435458722,45.09578155698574,7.341173741834887,38.27897736813906,49.290737980891386,25.694108096422106,9.963021506775918,33.559651391245204,24.12099943745749,57.156281275714484,42.998303345032916,4.719325976893856,34.08402094423341,47.71762932192677,0.04295737759756488,0.04414870535579726,0.042945173669059256,0.04483298189270767,0.04316204647627541,0.04267039787189317,0.04378182969656345,0.043282889872020176,0.042684008636556345,0.042849423370587114,0.04231561257276906
1267,36.27940180183073,18.402595116870657,43.1146514166684,23.660479435976562,19.45417198069184,31.021517482724825,20.50574884451302,44.166228280489584,8.412614910569443,40.48570925711545,49.42411259959548,23.13469100406597,9.464191774390624,33.12467121036718,22.60890257215538,56.25936221443315,45.74359357622135,4.732095887195312,33.12467121036718,47.846747303863715,0.04269417386452993,0.04392128298134875,0.0430329105800201,0.04481206024716952,0.0430159649850318,0.04242728184246416,0.042991906958811,0.043016058491643513,0.0440434665942303,0.04312106039361474,0.04113540115054602
1268,37.83814385231779,18.393542150432257,43.09344160958415,24.174369683425255,19.44460170188553,31.53178654359816,19.970131477612167,44.14450116103742,7.88294663589954,40.991322506677605,49.39979891830378,23.123310131971984,9.459535963079448,33.10837587077806,22.597780356245345,56.757215778476684,45.19556071249069,4.729767981539724,33.10837587077806,45.72109048821733,0.04267449927600714,0.04398220078950832,0.04302621809069303,0.04479217138073452,0.043218358123872515,0.04236366900541492,0.04298463443177003,0.04315526622118015,0.04402023250135784,0.043038689405910595,0.04121428504691506
1269,36.848455154321364,18.424227577160682,42.63892667857186,24.21469910141118,19.477040581569863,31.05798363007086,20.529853585979044,43.691739682981044,8.422504035273453,40.5333006697535,48.95580470502695,22.635479594797406,9.475317039682636,33.16360963888923,23.161886097002,56.325495735891224,46.323772194004,4.737658519841318,33.16360963888923,47.90299170061777,0.04265899689777976,0.04378999643262795,0.04292251938294044,0.04473500245778913,0.04292824778747158,0.04240222564956335,0.042860448801376044,0.042853444984761506,0.04399705526787168,0.04319935026572566,0.041246209867501986
1270,36.833924016773494,18.416962008386747,43.674509905602854,23.678951153640103,19.469359837437416,31.0457359569948,20.52175766648809,44.20070882012819,8.41918263240537,40.51731641845084,49.462697965381544,22.62655332458943,9.47158046145604,33.15053161509614,22.62655332458943,55.77708493968557,45.7793055637042,4.73579023072802,33.15053161509614,47.88410122180554,0.042664997024018166,0.04388947628677311,0.04299017031868823,0.04472425535617091,0.04309608467412735,0.04237041039956067,0.04290030861832341,0.042982687718180417,0.043987064711955334,0.04307101503544547,0.04112461533142149
1271,37.67393599981229,19.360217111014645,43.95292533311433,24.069459110991183,19.360217111014645,29.301950222076222,19.360217111014645,44.476174444222835,7.3254875555190555,40.81343066646331,49.708665555307874,23.546209999882677,9.418483999953072,33.48794311094425,23.022960888774175,54.41790755528441,45.522672666439846,4.709241999976536,32.44144488872725,46.04592177754835,0.04294182798723708,0.04429086016031674,0.043320129137168234,0.04466130148789509,0.043138927183960216,0.04250353499565617,0.043306098910304236,0.04349767021843815,0.044254583192789,0.043434224613416506,0.04140173100431457
1272,46.5197150962048,22.202591295915926,42.29065008745891,35.41841944824684,23.2598575481024,32.24662069168742,26.960289430755054,51.27741323104393,14.273094404517382,39.11885133089949,69.25093951821397,21.67395816982269,6.343597513118836,43.34791633964538,28.017555682941527,69.7795726443072,57.09237761806953,5.8149643870256,31.717987565594182,66.07914076165454,0.04354809475669839,0.043612660405555996,0.042654999922635446,0.04383756457895976,0.041963086459601125,0.04264930513420497,0.04152421132311632,0.04278400318405069,0.04350857968202037,0.04262703204688789,0.04265733641303268
1273,37.67544988593246,18.31445480566161,42.38488112167401,24.593696453317023,19.360995080270847,29.30312768905858,18.83772494296623,43.95469153358787,7.325781922264645,40.815070709760164,50.23393318124328,23.547156178707787,9.942132608787732,33.48928878749552,22.500615904098552,53.8968241423756,45.001231808197105,4.709431235741557,32.44274851288628,45.001231808197105,0.04302434653605505,0.04413736694847303,0.043352900742617155,0.04476243602318226,0.04284305737485124,0.04252327563078441,0.04340398420832552,0.04328570814019607,0.04447708339268319,0.04335382612922966,0.04156587756898493
1274,43.23929561784511,21.092339325778102,43.76660410098956,36.911593820111676,22.67426477521146,32.16581747181161,25.838115674078175,52.2035398313008,10.546169662889051,41.65737016841175,71.71395370764554,23.20157325835591,6.855010280877883,42.184678651556204,27.42004112351153,66.44086887620102,56.42200769645642,6.327701797733431,33.22043443810051,64.85894342676767,0.04389442961947841,0.043699354271526804,0.04254207842458917,0.04407368032105913,0.042208370889019325,0.0422881730611495,0.041756709269459964,0.042718489767009434,0.04372267778736771,0.04317263441232435,0.04261491903256371
1275,45.98703656999977,21.672051716896444,43.34410343379289,34.358130770689485,23.257811598620574,32.772370888965355,27.48650461655159,51.272902842413544,13.214665681034418,40.70117029758601,68.71626154137897,21.672051716896444,5.8144528996551434,43.87269006103427,28.015091243792966,70.3020214231031,55.50159586034456,5.8144528996551434,32.772370888965355,66.07332840517209,0.04360317127174834,0.04353327990603805,0.04267346560457969,0.043883285798466454,0.04193605812779108,0.04271660028230495,0.04153397332352534,0.04274859449161817,0.04351809488296945,0.04259529148419378,0.042671557585387855
1276,45.99152045209729,21.674164810758494,43.34832962151699,34.361480797543955,23.260079309106676,32.77556629919577,27.489184638035162,51.2779021132579,13.744592319017581,39.647862458704566,69.78023792732003,21.674164810758494,5.815019827276669,43.87696778763305,27.489184638035162,70.3088760934361,55.507007442186385,5.815019827276669,32.77556629919577,66.0797707645076,0.04346221686887757,0.04358697824975404,0.04265692638345565,0.04388568759230203,0.04194200445822406,0.042699935420206635,0.04154721307997783,0.04274529088429787,0.04347485327648702,0.04266862013114222,0.0426921075392143
1277,46.051158693840584,21.70227018905131,43.93386404125021,33.87671444144595,23.29024117849409,32.28874345200317,27.524830483674833,51.873718988464105,13.762415241837417,40.22859839921706,68.28275254603949,21.17294652590372,5.822560294623522,43.93386404125021,28.054154146822427,69.34139987233468,56.10830829364485,5.822560294623522,32.81806711515076,67.7534288828919,0.04356464847009765,0.04351906009227324,0.042467270116811756,0.043760296169605264,0.04192551507726902,0.0424493687315523,0.04146331961014109,0.04258707966662201,0.0437026233595056,0.042535776049648075,0.042701379508881
1278,48.541809889647716,22.160391471360914,43.265526205990355,33.240587207041365,22.68801983972665,32.71295883867563,27.964303523384007,52.7628368365736,12.663080840777663,40.62738436416167,69.11931625591141,21.632763102995177,5.27628368365736,42.737897837624615,26.909046786652535,68.06405951917995,56.456235415133754,5.8039120520230965,33.240587207041365,64.89828930898553,0.04377409799270382,0.04352032112046846,0.04257100928154975,0.04389446425187852,0.04206205914435682,0.04310846523077098,0.04139955112226279,0.04300279958633209,0.04363100257608207,0.04269087265321619,0.042716988674642485
1279,46.57644513313442,21.70038920975581,43.93005620511542,34.40305606424702,23.28822256656721,33.34450049303941,26.463889280190013,51.339945203568625,13.231944640095007,39.69583392028502,68.80611212849404,21.70038920975581,5.822055641641803,43.40077841951162,27.522444851397612,69.86466769970163,56.10344527400282,5.822055641641803,33.34450049303941,67.21827877168263,0.04356289495216056,0.04349901267141924,0.04258452449035297,0.04369780253849853,0.04205033908254497,0.04258039116650471,0.041595622754491156,0.04266847363323241,0.0434405209243174,0.042550495258167745,0.04249213692451011
1280,48.271057719986516,20.68759616570851,44.02744825009759,34.479326942847514,22.80940090065297,32.35752220790305,28.64436392175024,53.57556955734767,13.26127959340289,39.78383878020867,70.01955625316725,21.218047349444625,5.834963021097272,42.96654588262536,28.64436392175024,67.36730033448669,56.22782547602825,5.834963021097272,33.41842457537528,65.24549559954221,0.04338885203351674,0.0430682720324084,0.042458977102136065,0.043421735880253005,0.042416806300207784,0.04268171727359818,0.04132747454189243,0.042690846083206745,0.04300416172072452,0.04268421873170306,0.04240575456423753
1281,46.70980606894045,20.99317126693953,45.66014750559348,32.53941546375627,21.518000548613017,32.53941546375627,26.7662933653479,55.63190385738975,13.120732041837206,40.93668397053208,61.929855237471614,22.567659111959994,5.773122098408371,47.23463535061394,30.964927618735807,67.17814805420649,51.958098885675334,6.297951380081859,32.53941546375627,64.55400164583905,0.043798459122354784,0.04418268684103422,0.04332173464052907,0.04406440061964289,0.04217733187421483,0.04320665280819731,0.04203881313567543,0.04306939349015148,0.0435259293102206,0.042719227113656985,0.04306608937083418
1282,47.02618749857298,21.663749297095418,43.855882723388284,33.816584268636745,23.248901684687766,32.75981601024185,26.947590589069907,52.31002879054747,13.73798735913368,40.15719381900614,67.10478440807604,21.663749297095418,5.283841291974492,44.91265098178318,29.061127105859704,69.7467050540633,54.95194943653472,5.8122254211719415,32.75981601024185,65.5196320204837,0.04361609034775066,0.04350744025895095,0.042778814918868785,0.044054852578803885,0.04186882587586655,0.04265154837311355,0.04163620733205808,0.042690153788544,0.04347388746029862,0.04265406999118074,0.04268397987711489
1283,46.56840821620661,21.696644737096264,43.39328947419253,33.867933248150266,23.284204108103307,32.809560334145566,27.517695764122088,51.86027278623009,13.229661425058696,41.276543646183136,68.79423941030522,21.696644737096264,5.2918645700234785,42.864103017190175,28.046882221124438,70.38179878131227,55.56457798524652,5.821051027025827,32.809560334145566,66.67749358229582,0.04359355969927895,0.0435367177695886,0.04257821670854334,0.043717689358169755,0.04192655769196804,0.04256145552297172,0.0414192301133227,0.04262356118574874,0.043600343152518276,0.042554978615624066,0.042701233179917905
1284,46.654802260434806,21.736896507702582,45.59446584542493,33.93076528031622,23.327401130217403,32.870428865306344,26.50841037524705,51.95648433548422,13.784373395128465,39.76261556287057,68.92186697564233,21.20672830019764,5.831850282554351,43.473793015405164,28.098914997761874,68.92186697564233,56.72799820302868,5.831850282554351,32.3402606578014,67.3313623531275,0.043458807585464165,0.04350333880704639,0.04252784873110106,0.04370990488576111,0.04188586099074803,0.04247457323836933,0.04143837949818439,0.042451889601275494,0.04338012135920304,0.04248354861470878,0.042517519183197267
1285,42.15467164056667,21.59141718175366,44.72507844791829,36.49977666439309,20.04917309734268,27.76039351939756,22.105498543223984,39.58426483321504,7.197139060584552,39.58426483321504,52.43629886997317,30.844881688219512,8.739383144995529,42.66875300203699,31.873044411160162,50.37997342409187,47.80956661674024,5.654894976173577,26.218149434986586,47.80956661674024,0.04545509628201728,0.0459915444602703,0.04257494904570694,0.044221047542602955,0.04456558598252357,0.04428938163393185,0.042607843084736856,0.044006277402483134,0.04378666855338802,0.04404309818152355,0.04437714636049044
1286,37.259079019297545,17.31760010756083,40.4077335843086,26.238788041758834,19.416703150901537,30.436994128440247,19.941478911736713,45.130715431825195,6.822084890857297,38.83340630180307,47.754594236001076,26.238788041758834,9.970739455868356,34.11042445428648,21.51580619424224,59.29966097437496,43.55638814931966,4.72298184751659,32.53609717178095,49.85369727934178,0.04269336103362387,0.043766953403583234,0.04299329304539833,0.045010062944713734,0.04297423768632169,0.04284555192052924,0.04369817634095871,0.04288395205285992,0.04289821942372082,0.04288864516322713,0.04257178614988669
1287,36.78145597068231,17.865278614331405,42.03594968077978,26.79791792149711,19.44162672736065,30.47606351856534,19.967076098370395,44.66319653582852,8.407189936155955,38.8832534547213,47.815892761887,25.22156980846787,10.508987420194945,33.62875974462382,21.543424211399635,59.37577892410144,43.61229779380902,4.729044339087725,32.05241163159458,48.34134213289675,0.042594684471757197,0.043665988266167306,0.042969969936127415,0.04461550079026758,0.042873998592739944,0.042483443030111354,0.043642127256233905,0.04329637887769429,0.04298996062293833,0.04302479170050261,0.04239378544571285
1288,36.26269651758834,18.3941214219651,42.56925243369066,23.649584685383697,19.445214074648817,31.007233254169737,20.496306727332538,44.67143773905809,8.408741221469759,40.467067128323215,49.40135467613484,23.124038359041837,9.459833874153478,33.109418559537175,22.598492032699976,56.233456918579016,45.72253039174181,4.729916937076739,33.109418559537175,47.824715697109255,0.042691252066413186,0.043921459814394645,0.04306211643261834,0.04493852801892942,0.04299695469661497,0.04245560373947793,0.04298375580308264,0.04301697565529956,0.044072139833314754,0.043160801054766156,0.041154086543228476
1289,36.73885173056703,17.844585126275412,40.93757764263183,26.24203695040502,19.419107343299714,30.44076286246982,19.419107343299714,46.185985032712836,7.347770346113405,38.83821468659943,47.23566651072903,25.19235547238882,9.971974041153908,34.11464803552653,21.518470299332115,58.78216276890724,44.61146281568853,4.723566651072903,32.540125818502226,49.33502946676143,0.04261942870120085,0.04365811334111342,0.04313247018430144,0.04475365461369698,0.04302347230604652,0.04245112110782532,0.043876362734572336,0.04326407198029194,0.042856274840648176,0.04298670898121515,0.042537582200987446
1290,43.86451488040827,25.06543707451901,60.0526096577018,38.64254882321681,25.58763368023816,26.109830285957305,27.154223497395595,49.08648093759973,11.488325325821213,46.99769451472315,66.8411655320507,23.498847257361575,7.310752480068045,37.07595900605937,27.676420103114744,59.00821644626351,66.31896892633155,12.01052193154036,34.98717258318279,66.8411655320507,0.044581345959820884,0.04376509376546025,0.04351865796375382,0.04305547105171417,0.04307241932884035,0.04507138793626828,0.042254353585689255,0.043630556865851315,0.04424647803264617,0.04146570500519186,0.04314192478561761
1291,40.492555733074646,18.931584498580353,57.32063084292385,34.70790491406398,27.345622053504954,31.026763483784467,23.138603276042655,50.48422532954761,6.310528166193452,44.173697163354156,57.84650819010663,25.76799001195659,12.095178985204114,33.13027287251562,31.552640830967256,63.10528166193451,47.85483859363367,8.93991490210739,41.54431042744022,58.372385537289425,0.04331282420976963,0.04465909952315185,0.043138737591070175,0.043079901525566754,0.04354190861805984,0.04396793607218924,0.04205227244420748,0.04320605404481748,0.04358293405293676,0.04074680885930392,0.04283417587613917
1292,40.492555733074646,18.931584498580353,57.32063084292385,34.70790491406398,27.345622053504954,31.026763483784467,23.138603276042655,50.48422532954761,6.310528166193452,44.173697163354156,57.84650819010663,25.76799001195659,12.095178985204114,33.13027287251562,31.552640830967256,63.10528166193451,47.85483859363367,8.93991490210739,41.54431042744022,58.372385537289425,0.04331282420976963,0.04465909952315185,0.043138737591070175,0.043079901525566754,0.04354190861805984,0.04396793607218924,0.04205227244420748,0.04320605404481748,0.04358293405293676,0.04074680885930392,0.04283417587613917
1293,40.492555733074646,18.931584498580353,57.32063084292385,34.70790491406398,27.345622053504954,31.026763483784467,23.138603276042655,50.48422532954761,6.310528166193452,44.173697163354156,57.84650819010663,25.76799001195659,12.095178985204114,33.13027287251562,31.552640830967256,63.10528166193451,47.85483859363367,8.93991490210739,41.54431042744022,58.372385537289425,0.04331282420976963,0.04465909952315185,0.043138737591070175,0.043079901525566754,0.04354190861805984,0.04396793607218924,0.04205227244420748,0.04320605404481748,0.04358293405293676,0.04074680885930392,0.04283417587613917
1294,40.492555733074646,18.931584498580353,57.32063084292385,34.70790491406398,27.345622053504954,31.026763483784467,23.138603276042655,50.48422532954761,6.310528166193452,44.173697163354156,57.84650819010663,25.76799001195659,12.095178985204114,33.13027287251562,31.552640830967256,63.10528166193451,47.85483859363367,8.93991490210739,41.54431042744022,58.372385537289425,0.04331282420976963,0.04465909952315185,0.043138737591070175,0.043079901525566754,0.04354190861805984,0.04396793607218924,0.04205227244420748,0.04320605404481748,0.04358293405293676,0.04074680885930392,0.04283417587613917
1295,41.692747876556616,27.100286119761797,55.76405028489447,31.79072025587442,22.40985198364918,31.79072025587442,23.97333002902005,48.98897875495402,9.380868272225237,43.77738527038444,64.62375920866275,15.113621105251772,10.423186969139154,37.002313740443995,26.057967422847884,53.158253542609685,59.41216572409317,8.338549575311323,31.79072025587442,62.53912181483492,0.04552304943121446,0.04486554646201357,0.042167930571281,0.044157344838786444,0.043162874308113046,0.04439436989938757,0.04219793834076849,0.04315690239596163,0.043563258767333454,0.04291103655630474,0.04274039997187799
1296,37.340532620723856,18.407304813032887,43.12568556196277,23.66653475961371,19.459150802349054,31.02945668482687,20.510996791665217,43.65160855662085,8.41476791452932,40.49607058867235,49.436761497859756,23.14061176495563,9.466613903845484,33.133148663459195,23.14061176495563,55.74783743375674,45.75530053525318,4.733306951922742,33.133148663459195,47.33306951922742,0.04269449853077291,0.043942586588856386,0.04297825065448618,0.044764945030909956,0.042945491818886225,0.04243841927183339,0.04297687735237063,0.04295470076641089,0.044043308427762204,0.043148807290821135,0.041189119608807646
1297,37.72390414943301,18.338008961529937,43.48727839448527,26.19715565932848,19.385895187903074,29.864757451634468,20.957724527462783,44.53516462085842,7.859146697798543,38.77179037580615,48.72670952635097,24.62532631976877,9.430976037358253,33.008416130753886,21.481667640649352,56.585856224149516,44.01122150767185,4.715488018679126,32.48447301756732,48.202766413164404,0.04292650898826667,0.04384564198614482,0.04277793335179,0.044838311969502984,0.04282565802760768,0.04280667200101768,0.04410590422258183,0.04331861006945022,0.042969963355038665,0.04287073900947077,0.04277094383255914
1298,29.18001606072429,20.32179689943299,42.20680894497621,28.13787262998414,20.32179689943299,25.532514053133756,20.842868614803066,42.72788066034629,10.421434307401533,39.601450368125825,45.85431095256675,26.57465748387391,9.900362592031456,37.51716350664552,23.44822719165345,56.79681697533836,45.85431095256675,4.1685737229606135,28.13787262998414,48.45966952941713,0.043763316237816485,0.04515051201278271,0.04257333658072205,0.04341950564665771,0.044447881366973155,0.04224180293372522,0.045413842772708636,0.04390309612868985,0.04329628046208705,0.04271288831077272,0.04200582217698777
1299,47.62993182351074,21.168858588226996,43.92538157057101,33.87017374116319,22.75652298234402,32.81173081175184,27.519516164695094,52.39292500586181,12.701315152936196,41.27927424704264,69.32801187644341,21.69808005293267,5.821436111762424,43.92538157057101,27.519516164695094,68.26956894703206,56.09747525880154,5.821436111762424,33.340952276457514,65.62346162350369,0.04363244420458183,0.043571215353813565,0.042420752962346264,0.04372673229610391,0.041882836645277206,0.04273536050101193,0.041435286204912346,0.04284523674183458,0.0434798563748629,0.04247396702297618,0.042574846986604464
1300,47.70239846637639,21.20106598505617,44.52223856861796,33.39167892646347,23.321172583561786,32.86165227683706,27.561385780573023,52.47263831301402,13.250666240660106,40.28202537160672,69.43349110105896,21.20106598505617,5.830293145890447,43.99221191899155,28.091412430199426,68.37343780180615,55.652798210772445,5.830293145890447,32.86165227683706,66.78335785292694,0.043548511271923045,0.04327292250992793,0.04240114800019918,0.043473518178672454,0.04180115157457355,0.04264432855536731,0.041411611888326406,0.04275085840432125,0.04368579128172289,0.04245181737608697,0.042531691332474725
1301,46.07250623136724,21.71233052282824,42.895092008514325,33.36284933995559,23.301037634254698,32.833280302813435,28.59672800567622,51.89776563993092,13.768794965695957,40.24724682280357,69.37354386562194,21.182761485686086,6.354828445705826,43.42466104565648,28.067158968534066,69.9031129027641,56.663886974210286,5.825259408563674,32.30371126567128,66.19612964276902,0.04351203017970361,0.0435618196997108,0.04257501680498532,0.04371089658101096,0.04183249731702005,0.04257821316695203,0.041437692510790956,0.04259747921023493,0.04348167971038123,0.04256420586680016,0.042579431810257785
1302,45.96028402622015,22.18772332300283,42.790609265791176,33.80986411124241,23.244281576479157,32.75330585776609,27.99879371712262,51.77135442033994,13.206978168454066,40.14921363210036,68.14800734922298,21.131165069526507,5.811070394119789,43.8471675192675,27.99879371712262,70.26112385617563,55.99758743424524,5.811070394119789,32.75330585776609,66.5631699690085,0.043490990809383796,0.04355201178444414,0.042574584231635786,0.043988368297392555,0.04194922822783559,0.04270605472425584,0.04162729804493469,0.04276886080984663,0.04363041146485337,0.0427495347197636,0.04268353014749135
1303,44.63836699969195,20.762031162647418,54.50033180194947,41.00501154622865,20.762031162647418,38.409757650897724,29.58589440677257,42.04311310436102,12.45721869758845,46.71457011595669,65.40039816233937,29.066843627706387,11.41911713945608,42.04311310436102,25.952538953309272,57.61463647634659,63.84324582514081,10.900066360389895,41.524062325294835,61.76704270887607,0.04499594511099019,0.04439768114690846,0.04257422811919359,0.04453352216317727,0.04344855223790738,0.04492374886923081,0.043308344631972605,0.04318801559515219,0.04339981879748486,0.04337381377497273,0.042805550486824565
1304,36.67780971373862,18.33890485686931,42.44146552589755,25.674466799617036,19.38684227726184,30.39018519138343,19.91081098745811,45.06130907687888,7.3355619427477246,39.82162197491622,47.68115262786021,25.15049808942077,9.955405493729055,33.533997452561024,21.482717118046907,58.684495541981796,42.96543423609381,4.715718391766394,32.486060032168496,48.72909004825274,0.04284018956661342,0.043685165017136374,0.04329292944798746,0.04491684280492629,0.04323847470860841,0.04254636216096894,0.043890694159845915,0.04324187064361581,0.04288747431310275,0.043052487491471926,0.04243879948945676
1305,33.280796696612256,19.760473038613526,46.80112035461099,25.48060997084376,18.720448141844393,27.560659764382024,21.320510383767225,43.68104566430358,7.280174277383931,40.560970973996184,47.32113280299555,24.960597522459192,9.360224070922197,34.84083404176595,22.880547728920924,53.04126973522578,43.68104566430358,4.680112035461098,34.32082159338139,47.32113280299555,0.043565858643176116,0.04400074280183182,0.043626861221026936,0.04512748057947774,0.04317934210093543,0.04269995916757629,0.04421329208766649,0.04373876673463104,0.044103813183067164,0.04333529968411785,0.0423961354119266
1306,48.56170188853994,22.169472601289975,43.81110061683495,32.198519730444964,22.697317187034972,32.726364316189965,28.50360763022997,52.784458574499936,13.196114643624984,41.17187768810995,69.14764073259492,21.641628015544974,5.278445857449994,42.75541144534495,26.92007387299497,67.56410697535992,56.479370674714936,5.806290443194993,33.25420890193496,64.92488404663493,0.04371323920851965,0.043527017393959574,0.042581590029033944,0.043959947383635165,0.04193277115488847,0.0429052468032018,0.04143539129404865,0.04290905652868818,0.04360408753469392,0.042705067458807956,0.0428819994655233
1307,32.79954891913486,19.783854903605153,46.85649845590694,25.510760270438222,18.742599382362776,27.593271312922976,21.345738185468715,43.73273189217981,7.288788648696635,40.60896532845268,47.377126216528126,24.469504749195846,9.371299691181388,34.88205996161961,23.42824922795347,52.58340382274001,44.253359652800995,4.685649845590694,34.36143220099842,47.897753977149314,0.043644815675792724,0.04389334058636764,0.04355421434976449,0.04509103832992967,0.04305295202366839,0.04263376280189125,0.0441564406890195,0.043699369457361685,0.0439945860354103,0.043234042086255725,0.042417677343350293
1308,36.21294522586974,18.893710552627688,41.98602345028375,23.617138190784612,18.893710552627688,31.489517587712815,20.46818643201333,43.5604993296694,7.872379396928204,40.411547570898115,49.33357755408341,23.092312897656065,9.446855276313844,33.063993467098456,22.567487604527518,57.205956951011615,45.65980050218358,4.723427638156922,33.063993467098456,48.28392696782632,0.04287301016163606,0.04401353763608647,0.04309837248926392,0.044873092515104816,0.043013802537791204,0.04264373069355376,0.043023895641991106,0.04300495009032247,0.04417251243687924,0.04320231504767018,0.04125548762115397
1309,36.7191908725657,18.35959543628285,41.44022969903843,25.178873741187907,19.933275045107095,30.424472437268722,19.933275045107095,45.636708655903085,7.34383817451314,39.86655009021419,47.21038826472733,25.178873741187907,9.966637522553548,33.04727178530913,22.031514523539418,58.75070539610512,44.58758891668692,4.721038826472733,33.04727178530913,47.73494813433541,0.042740920258090453,0.04379481873939803,0.0430401123844441,0.04479846602383205,0.04299894071116952,0.042643873102932335,0.04389558212096956,0.043283741547193506,0.0430098051005796,0.04275615185383058,0.04247771854947883
1310,42.097399664261665,16.838959865704666,43.67605215167148,23.153569815343918,19.99626484052429,27.363309781770084,23.679787311147187,43.14983465586821,6.840827445442521,39.99252968104858,50.516879597114,24.73222230275373,8.419479932852333,34.204137227212605,23.679787311147187,52.09553208452381,49.46444460550746,5.262174958032708,31.57304974819625,42.62361716006494,0.04206154101895153,0.04382353888390711,0.04309227331467745,0.0445084482796043,0.04335647955863213,0.04299025607432204,0.04377061820371578,0.04275238213274485,0.04435891654251664,0.04218664419543562,0.04088140599222175
1311,48.20141378348801,21.717120495857234,44.4936127232197,33.89989540816739,22.776492227362468,32.31083781090955,27.543665019136004,51.90921484375632,13.242146643815387,40.25612579719878,68.85916254784001,21.717120495857234,6.885916254784001,42.904555125961856,28.073350884888622,69.38884841359263,56.676387635529856,5.826544523278771,32.31083781090955,65.1513614875717,0.04347952251071461,0.04343132357017313,0.04261139963484069,0.0437922647783794,0.041808415573080196,0.04238547450796313,0.041647557153489945,0.042843956572270595,0.04355488667332384,0.04234753021460937,0.0424118030585396
1312,42.161679279802016,21.5950064603864,44.21834656174358,37.020011074948115,20.05250599893023,27.765008306211087,22.10917328087179,39.590845177375066,7.712502307280857,39.590845177375066,52.44501568950983,30.85000922912343,8.740835948251638,42.67584610028741,31.878342870094208,50.388348407568266,47.817514305141316,5.655835025339295,25.708341024269522,47.817514305141316,0.04544009425355944,0.045947083834885924,0.04257670753951047,0.04415951583333431,0.04459166866536412,0.044304884074375585,0.04265348877531983,0.04401202779312319,0.04377233018188543,0.044034910393392655,0.04434046816985857
1313,36.25113617177804,17.862878693339905,41.50492402276036,26.794318040009856,19.4390150486346,30.471969535697482,19.4390150486346,45.18257551844799,7.355302991375255,38.8780300972692,48.33484822903739,25.21818168471516,9.982196916866418,33.624242246286876,21.540530189027532,59.893181501198505,44.13181794825153,4.728409065884092,32.573484676090416,48.860227014135624,0.04269462308558317,0.043620018137569216,0.04293880733520667,0.044783677858916,0.042811126429455254,0.042724332491610305,0.04389775062021194,0.043011234039378815,0.04278561685961706,0.04285728043612433,0.042496747608094784
1314,36.674471279628335,17.813314621533763,41.389760444151975,25.148208877459428,19.385077676374976,28.291734987141858,19.90899869465538,44.53328655383441,8.382736292486477,39.29407637103036,47.15289164523643,26.719971932300645,9.430578329047286,34.05486618822631,23.576445822618215,56.583469974283716,46.10504960867562,4.715289164523643,33.53094516994591,47.676812663516834,0.04300337080028243,0.04444371984970401,0.04285641215764453,0.04486665426582893,0.04307630747545583,0.0424470831590367,0.04357851899035659,0.04318803484606064,0.04333743605583906,0.043270103392925384,0.04201134072646113
1315,45.776209613597594,25.716971693032356,53.491301121507306,31.889044899360123,21.08791678828653,27.259989994614298,27.259989994614298,45.776209613597594,8.743770375631001,41.66149414271242,62.74941093099895,23.14527452372912,9.772449243352296,36.0037603702453,23.65961395758977,54.00564055536795,55.54865885694989,8.229430941770355,35.489420936384654,58.12035602625313,0.04599011088489934,0.04591465724067248,0.04398492106342146,0.0436229671413376,0.04302815379189381,0.045144747863023436,0.04366628438762875,0.042942084713236954,0.04457989210011047,0.044033699919922134,0.042753047033206405
1316,46.65671184938936,21.737786202556407,43.475572405112814,33.401964164903745,23.32835592469468,33.932154072283176,27.569875183730076,51.42842101580418,12.72455777710619,40.82462286821569,69.45487786670462,21.207596295176984,5.83208898117367,42.94538249773339,28.100065091109503,69.98506777408404,56.73032008959843,5.83208898117367,32.87177425752432,66.80392832980749,0.04340109645714652,0.04355636747231566,0.04253198499697728,0.043583549817251495,0.04172972435139687,0.042274585974660536,0.04142496903052934,0.04274204490249371,0.043552205604914386,0.042506271956424,0.042507292056465584
1317,42.1584252802369,22.107466915246178,44.214933830492356,36.503026767034385,20.05095836499072,27.762865428448688,22.107466915246178,40.10191672998144,7.197779925894104,38.55953531728984,53.46922230664192,29.819373978704146,8.740161338585697,41.64429814267303,30.847628253831875,53.46922230664192,46.785569518311675,5.655398513202511,26.220484015757094,48.32795093100327,0.04481434709302888,0.04596317077372832,0.0426626452802421,0.04390101607590147,0.04483810613748537,0.0440567800187383,0.04256319502421342,0.04445210846609197,0.04369224752052581,0.04449394895136358,0.044435297094816174
1318,48.471863798674065,19.805707788705533,37.52660423123154,34.92059004850712,19.28450495216065,31.79337302923783,20.848113461795297,41.17502408704571,7.818042548173237,35.96299572159689,55.24750067375754,28.14495317342365,8.860448221263002,37.00540139468666,27.102547500333888,49.51426947176383,55.76870351030242,6.254434038538589,26.581344663789004,51.07787798139848,0.04570809361092225,0.04560920464822158,0.04162246010075203,0.042969755388735244,0.04432104960356748,0.04251732179177454,0.04278344761076147,0.044062619644853876,0.04337351607558185,0.0425707469525558,0.04325894802739138
1319,43.809930091325576,21.647259574537344,40.20205349556935,35.56335501531135,19.070204863282896,32.470889361806016,23.193492401290012,37.109587842064016,6.700342249261559,41.748286322322016,50.510272340587136,31.440067477304236,10.823629787268672,36.59417689981313,26.801368997046236,51.54109422508891,49.47945045608535,5.154109422508891,28.3476018237989,47.4178066870818,0.04572860730712903,0.046898484682323945,0.043150279526462776,0.04376947325286879,0.04396982635257697,0.043158187841430426,0.04254878197805294,0.04426454664907733,0.044402318424291785,0.043353056487198983,0.043345495247697916
1320,46.97892828641493,22.169831326173338,43.81180952553302,33.78260011607366,23.22553757980064,32.19904073563271,27.448362594309845,52.25745955455144,13.196328170341273,40.644690764651116,69.14875961258826,21.641978199359688,5.80638439495016,42.75610327190572,27.9762157211235,68.09305335896097,55.952431442247,5.80638439495016,32.72689386244635,65.98164085170636,0.043714432343617896,0.04366595251739794,0.042739014555833156,0.04387250686601724,0.042078282318338205,0.04274282726979965,0.04164197998185408,0.04263485151114,0.04360717481285483,0.04279725397457477,0.04265259703492134
1321,48.844563138751475,21.767685746617506,45.12812898688995,32.38606903765044,23.360443240272446,32.91698820220208,28.13871572123726,53.09191645516464,14.334817442894455,38.22617984771855,69.55041055626569,21.236766582065858,6.371029974619757,43.004452328683364,28.13871572123726,67.95765306261075,57.870188936129466,5.840110810068111,32.38606903765044,65.30305723985252,0.04386902813542279,0.04303388492804921,0.04246077623490925,0.04338572525405256,0.041747824543065006,0.0425099054963792,0.041264234488791164,0.0427178107783321,0.04317963906012036,0.042419766070480903,0.04249224045875101
1322,36.77540103622788,18.38770051811394,43.07975549958124,23.641329237575068,19.438426262006168,30.996409444820646,20.489152005898394,44.13048124347346,7.880443079191689,40.45294113985067,49.38410996293459,23.115966365628957,9.456531695030028,33.097860932605094,22.06524062173673,56.739190170180166,45.7065698593118,4.728265847515014,33.62322380455121,47.282658475150136,0.04268703326384535,0.04401490495560939,0.043048269860109664,0.04480386586168733,0.04297197051786112,0.042444966728000695,0.04304712661597289,0.04310568757579413,0.044136055752591614,0.04318994955584834,0.041187297366566955
1323,36.27629311582542,18.401018247157822,43.11095703619833,23.658452032060058,19.45250500413827,31.018859330923185,20.503991761118716,44.162443793178774,8.411894055843575,41.00798352223743,49.41987757808101,23.132708653569832,9.463380812824022,33.12183284488408,22.60696527507961,56.25454149845391,45.739673928649445,4.731690406412011,33.12183284488408,47.316904064120116,0.04271427403705991,0.04393651321396859,0.043048149302239484,0.044809803567933036,0.04301166620534145,0.04242517899669185,0.042987478954935675,0.04301201909847056,0.044042903881707667,0.04313354104902658,0.041135093202401676
1324,45.675999451173226,22.318954277277825,54.4997720724226,32.69986324345356,27.509408760365694,28.02845420867448,24.395136070512972,47.752181244408376,9.34281806955816,38.928408623159,59.69022655551046,26.990363312056907,7.2666362763230135,34.25699958837992,31.1427268985272,56.575953865657745,45.15695400286444,7.2666362763230135,35.295090484997495,52.42359027918745,0.04391494641683196,0.044634938341162306,0.04377928916747904,0.04427148950984746,0.04297246848157556,0.04458609716374057,0.04344709540879595,0.04296801880491321,0.04446654924229195,0.04216550913263628,0.043748150021939096
1325,45.675999451173226,22.318954277277825,54.4997720724226,32.69986324345356,27.509408760365694,28.02845420867448,24.395136070512972,47.752181244408376,9.34281806955816,38.928408623159,59.69022655551046,26.990363312056907,7.2666362763230135,34.25699958837992,31.1427268985272,56.575953865657745,45.15695400286444,7.2666362763230135,35.295090484997495,52.42359027918745,0.04391494641683196,0.044634938341162306,0.04377928916747904,0.04427148950984746,0.04297246848157556,0.04458609716374057,0.04344709540879595,0.04296801880491321,0.04446654924229195,0.04216550913263628,0.043748150021939096
1326,45.675999451173226,22.318954277277825,54.4997720724226,32.69986324345356,27.509408760365694,28.02845420867448,24.395136070512972,47.752181244408376,9.34281806955816,38.928408623159,59.69022655551046,26.990363312056907,7.2666362763230135,34.25699958837992,31.1427268985272,56.575953865657745,45.15695400286444,7.2666362763230135,35.295090484997495,52.42359027918745,0.04391494641683196,0.044634938341162306,0.04377928916747904,0.04427148950984746,0.04297246848157556,0.04458609716374057,0.04344709540879595,0.04296801880491321,0.04446654924229195,0.04216550913263628,0.043748150021939096
1327,45.67630372014305,22.319102954160808,54.50013512062523,32.70008107237514,27.509592013267973,28.02864091917869,23.876249671892957,47.752499343785914,9.342880306392896,38.928667943303736,59.690624179732396,26.990543107357258,7.26668468275003,34.25722779010729,31.14293435464299,56.5763307442681,45.15725481423233,7.26668468275003,35.295325601928724,52.94298840289308,0.04391678064369975,0.04478615341022026,0.04379994851826933,0.04428240080149994,0.04288868898976816,0.04465439958600798,0.04347675828849803,0.04297255627726067,0.0443735767724681,0.04214480010465023,0.04365503069694127
1328,36.30032924139482,18.41321048476549,43.13952170716486,23.674127766127057,19.465393941037803,31.039411960033252,20.517577397310117,44.19170516343717,8.943559378314665,40.509063066484075,49.45262244479874,23.1480360379909,9.995742834586979,33.14377887257788,22.621944309854744,56.29181491056878,45.769980347845646,4.734825553225411,32.617687144441724,47.348255532254115,0.04256474085009343,0.04385197684118442,0.04309313548616004,0.04470751562043686,0.042984522526100896,0.042435087495185445,0.0429779318352716,0.04298693093954565,0.04405308733036534,0.04313900207014383,0.041114340869355656
1329,48.66508760595997,21.687702085264768,42.84643582698649,33.85397398675476,22.745638772350855,32.796037299668676,26.977385520695197,52.36786601076127,13.224208588576078,39.672625765728235,68.7658846605956,22.21667042880781,6.347620122516517,42.84643582698649,28.035322207781284,69.82382134768169,56.07064441556257,5.818651778973474,32.796037299668676,65.59207459933735,0.04360167077839405,0.04360541223852577,0.0424002065191626,0.04377888964563433,0.04194348607702379,0.04258641252026395,0.041755420979775505,0.04272973901615094,0.043329345060868926,0.04277959142724734,0.04252148219390974
1330,48.53326282134299,22.156489548873974,43.257908166849184,32.70719885786158,22.684025014323353,32.70719885786158,28.486915134266535,52.75354654493803,12.660851170785127,41.14776630505167,69.10714597386882,21.628954083424592,5.275354654493803,42.73037270139981,26.904308737918395,67.52453957752068,56.446294803083696,5.802890119943184,33.23473432331096,64.88686225027378,0.04374389949767995,0.04358485975159172,0.04258210269244147,0.043942206438080486,0.0420467161221967,0.04304202065679742,0.041401946739025045,0.042978884550695304,0.04362010873825553,0.04275269988014259,0.04276908948371347
1331,44.491423015085694,25.124568290871924,60.71770670294048,41.87428048478654,26.171425302991587,26.694853809051416,24.077711278752258,48.155422557504515,9.42171310907697,47.108565545384856,70.13941981201745,23.030854266632595,7.327999084837644,35.069709906008725,27.741710821171083,60.194278196880646,65.9519917635388,12.038855639376129,35.069709906008725,68.04570578777812,0.04473359853120207,0.04359518459640737,0.043164513985671865,0.042588347367930435,0.04296960630287267,0.0448056944746222,0.042399260872436104,0.04343221490839084,0.044150050188493585,0.041612604262863784,0.04312041844927725
1332,46.93452807298913,24.240910103631748,42.29265167016603,36.61924717782668,22.69361796935738,29.914314595971092,24.240910103631748,48.481820207263496,8.767988760888079,34.55619099879419,61.375921326216556,26.303966282664238,10.831044939920568,38.16653931210105,29.914314595971092,66.01779772903966,48.99758425202162,5.1576404475812225,40.22959549113354,51.57640447581223,0.045574706837048166,0.045438438845963484,0.042536065215982376,0.042977466697818656,0.044888269290486595,0.04514867853538403,0.042525497401795946,0.04237019550012558,0.04393384504814262,0.04444669975517315,0.044396092113957106
1333,45.940088483909655,21.64992675678501,42.243759525434164,33.795007620347334,23.23406773898879,32.73891363221148,26.930396697464282,52.27665241272478,13.729221845766105,40.13157154916246,69.17415622289845,22.706020744920863,6.8646109228830525,43.82790050763795,27.45844369153221,69.70220321696638,54.91688738306442,5.808516934747198,32.21086663814355,66.53392125255881,0.043491618812133655,0.04358791232087609,0.042778835384323796,0.04422237621553987,0.041752939932625244,0.04265766981636814,0.041628861176821866,0.04275825142848292,0.04346366448304894,0.042819362354915375,0.04279151400693708
1334,45.94086104588166,22.17834671180494,43.300581675428695,33.795575941798006,23.23445845998613,32.73946419361682,27.986961326801474,51.2214197867876,13.201396852264846,41.18835817906632,69.17531950586779,21.122234963623754,5.808614614996532,43.828637549519286,27.45890545271088,70.23143125404899,54.91781090542176,5.808614614996532,32.73946419361682,66.00698426132423,0.04370740850657128,0.04370009701292098,0.04257234728289571,0.04397000809430052,0.042021329047189235,0.04278724189004433,0.0415404696628813,0.042613467986204315,0.04372988549287785,0.04262697799945805,0.042674892934062535
1335,35.28700490293981,16.85349487901603,41.607065482570825,25.280242318524042,19.486853453862285,30.546959468216553,20.540196883800785,43.713752342447826,6.3200605796310105,40.55372205263232,46.34711091729408,25.806914033493296,11.06010601435427,33.70698975803206,22.64688374367779,56.880545216679096,46.34711091729408,4.740045434723259,33.70698975803206,48.98046949214034,0.04239676443969006,0.04349907463237443,0.04328443700846932,0.04472013306149318,0.0424022947335086,0.0427067215722188,0.04377487484583992,0.042647237166628174,0.04315621991816285,0.043009752310631325,0.041730775341732466
1336,37.831900035738144,17.339620849713317,43.086330596257326,25.746709746544013,19.44139307392099,30.475697251011283,19.44139307392099,45.188102820465005,7.88164584077878,41.510001428101575,47.28987504467268,23.64493752233634,9.983418064986454,34.153798643374714,22.068608354180583,55.17152088545146,43.611773652309246,4.728987504467268,32.052026419167035,46.76443198862076,0.04269914043233983,0.043425322634904624,0.04368836419712054,0.04510043810241121,0.04275357613533948,0.04258188402724892,0.04342914339715914,0.042875213530839625,0.04325810500303294,0.04259537985018068,0.04215037663750438
1337,36.82997556258451,18.414987781292254,43.14368565902757,23.676412861661472,19.4672727973661,31.042407974178374,20.519557813439942,43.14368565902757,8.418280128590746,40.512973118842964,49.45739575547063,23.15027035362455,9.470565144664588,33.14697800632606,22.62412784558763,56.823390867987534,45.77439819921218,4.735282572332294,33.14697800632606,47.87896823135986,0.04266188158710246,0.04387312084175892,0.0429604151340649,0.04476288815762276,0.04293746541524989,0.04240997644450924,0.04297629451184129,0.04295459218516231,0.04406131561494496,0.043119330441562714,0.041140211629258884
1338,45.98506096913171,18.81207039646297,59.57155625546608,37.62414079292594,20.902300440514413,39.191813325964524,29.26322061672018,44.93994594710599,14.63161030836009,46.50761848014457,64.79713136559468,30.3083356387459,11.496265242282927,42.849715903054545,24.560203017604437,54.86853865635033,62.70690132154324,10.973707731270068,40.75948585900311,65.31968887660754,0.044661534588001546,0.04356268892863227,0.04251593600542315,0.04436798096682385,0.04310282123951077,0.04483848240895815,0.043102846581887407,0.043304961862852695,0.043092531420936976,0.04281869965784488,0.0420740053262679
1339,45.91017494716987,19.30314173915097,58.43113175094348,38.084576944811374,20.86826133962267,38.084576944811374,29.737272408962305,44.345055346698175,14.60778293773587,45.388468413679306,65.73502321981141,30.78068547594344,11.477543736792468,41.73652267924534,22.955087473584936,57.90942521745291,62.60478401886801,10.955837203301902,40.69310961226421,65.21331668632084,0.044880166522751605,0.04345920104183435,0.04230833591878123,0.044517763235075995,0.04326513536519521,0.04513674800595531,0.04311594709944516,0.04336715718398519,0.04323183455938988,0.04310741256076381,0.04190376501625556
1340,45.80661769848046,19.78013036979838,58.299331616247855,37.99867149987583,20.821189862945662,37.99867149987583,29.670195554697568,44.24502845875953,14.574832904061964,46.84767719162774,64.0251588285579,30.71125504784485,11.972184171193755,42.16290947246497,23.94436834238751,56.21721262995329,61.4225100956897,10.931124678046473,40.601320232744044,65.0662183217052,0.04490903577867799,0.04371705116496259,0.04237198225897001,0.044581975823830285,0.043426783043131426,0.045181659732541506,0.043250819330989794,0.04345062323605222,0.043360134697875564,0.04318303830667491,0.04203715005265213
1341,44.93537198098375,18.810155712969944,59.04298876571121,37.62031142593989,20.90017301441105,38.665320076660436,29.782746545535744,44.41286765562348,14.630121110087734,45.98038063170431,64.79053634467425,31.35025952161657,12.017599483286352,42.32285035418237,24.55770329193298,56.430467138909826,62.70051904323314,10.9725908325658,40.755337378101544,65.31304067003452,0.04470421771319503,0.04359691007233146,0.04219862590164557,0.04449565618331485,0.04322829061305741,0.0450145206614897,0.0431427478633369,0.04326417434251772,0.043151939606562134,0.04287001045335559,0.04182858122891758
1342,45.429222997534836,18.798299171393726,59.52794737608013,37.59659834278745,20.886999079326362,38.64094829675377,29.763973688040064,44.38487304356852,14.620899355528453,45.951397974517995,64.74969714591172,31.330498618989544,12.532199447595817,42.29617313563588,24.020048941225316,55.872722537198015,62.13882226099593,10.96567451664634,40.729648204686406,65.27187212289488,0.04474921102344457,0.04362302466046589,0.0421988397846963,0.04453270311850295,0.04328182175110022,0.04501800291165185,0.04313393399238318,0.043228971653749296,0.043148466500241546,0.043040459215830766,0.04186958840477448
1343,45.98506096913171,18.81207039646297,59.57155625546608,37.62414079292594,20.902300440514413,39.191813325964524,29.26322061672018,44.93994594710599,14.63161030836009,46.50761848014457,64.79713136559468,30.3083356387459,11.496265242282927,42.849715903054545,24.560203017604437,54.86853865635033,62.70690132154324,10.973707731270068,40.75948585900311,65.31968887660754,0.044661534588001546,0.04356268892863227,0.04251593600542315,0.04436798096682385,0.04310282123951077,0.04483848240895815,0.043102846581887407,0.043304961862852695,0.043092531420936976,0.04281869965784488,0.0420740053262679
1344,37.769814872645824,17.31116514996267,42.491041731726554,25.704457343883963,19.409488198442993,29.901103440844608,18.884907436322912,45.63852630444703,7.344130669681133,39.86813792112615,46.687687828687196,24.13071505752372,10.491615242401618,34.09774953780526,21.507811246923314,57.17930307108882,43.01562249384663,4.721226859080728,33.048588013565094,47.21226859080728,0.0427497533701153,0.04334358494384134,0.043326140153259196,0.044901613028219656,0.04277775764403448,0.04249803883682321,0.043778854735698064,0.043180196411058004,0.04313143042315655,0.043112821834757876,0.04261904649895546
1345,37.830253954802664,17.864286589767925,44.13529628060311,24.694749109385075,19.440547171218036,30.474371241368814,20.491387558851443,45.186136668236514,7.881302907250555,42.03361550533629,48.86407802495344,24.16932891556837,9.98298368251737,33.101472210452336,22.067648140301554,56.745380932204,42.559035699153,4.728781744350333,33.101472210452336,46.76239724968663,0.04264356938880202,0.04314935027784095,0.0436011242272531,0.04503948408256876,0.04272205520419304,0.042635941867575654,0.043719533414301834,0.04276633877017799,0.04322216571302066,0.042716271918013624,0.04236397131954878
1346,44.98295935266471,25.106768010789605,60.674689359408205,41.844613351316006,25.629825677681055,26.675941011463955,24.060652677006704,48.12130535401341,9.415038004046101,47.598247687121955,70.08972736345432,23.014537343223804,7.3228073364803015,35.04486368172716,27.722056345246855,60.15163169251676,65.90526602832271,12.030326338503352,35.567921348618604,66.95138136210561,0.0447995714057684,0.043636020852422935,0.04316365609065023,0.04265076881805981,0.04298404201876334,0.04487133937092186,0.042450460602488194,0.04353049839262357,0.044197322188222865,0.04150614698863323,0.043152506379995396
1347,45.93212171084919,22.17412772247892,43.29234460103027,33.78914700568216,23.23003856640649,32.7332361617546,27.98163736408054,51.739631352450814,13.198885549094594,41.18052291317514,69.16216027725568,21.11821687855135,5.807509641601622,43.820300022994054,27.45368194211676,70.21807112118324,54.90736388423352,5.807509641601622,32.7332361617546,65.4664723235092,0.04370903605664517,0.04367535708226692,0.04255965455438534,0.04402395631193467,0.041996586484050864,0.04282919323404307,0.041546215270732045,0.042591441172362014,0.04371695254750631,0.04268382601444607,0.042712359307843714
1348,45.97380170848601,22.19424910064842,43.86006369890045,33.29137365097263,23.2511181054412,32.23450464617984,28.00702862700872,52.3150157372427,13.210862559909772,40.16102218212571,68.69648531153082,21.137380095855637,5.8127795263603,43.33162919650405,28.53546312940511,69.75335431632361,56.01405725401744,5.8127795263603,32.76293914857624,66.05431279954887,0.043601967268670425,0.04361690863084811,0.04268979927797334,0.043843585705636304,0.04202586412836939,0.04269247407288647,0.041663327661145784,0.04267680050640921,0.043379065345366,0.04269361387754197,0.04268209112876212
1349,46.65471562706403,20.676521698357924,44.53404673492476,33.93070227422839,23.327357813532014,32.87036782815875,27.568695597810564,51.95638785741222,13.254180575870462,39.76254172761139,68.92173899452641,21.73685614442756,5.831839453383004,44.003879511889934,28.6290300438802,68.39157177149158,56.19772564169077,6.362006676417822,32.87036782815875,67.33123732542195,0.04364793853594285,0.04328927108233736,0.04244911011842217,0.043660106319355824,0.04173390442977597,0.04286555855740685,0.04126795743671362,0.042716267479696854,0.04326217421510711,0.04253494040358696,0.04240554838683581
1350,38.34806348423153,17.86074189676537,43.07590692749295,25.21516503072758,19.436689711185842,31.518956288409477,20.48732158746616,45.177170680053585,7.879739072102369,40.97464317493232,47.80375037075437,24.164533154447266,9.981002824663001,34.145535979110264,21.537953463746476,56.2088053809969,43.60122286563311,4.727843443261421,32.56958816468979,47.27843443261421,0.042652425591992886,0.04360766521781023,0.04374339886910786,0.04524386236323251,0.04270383151079883,0.04252685143478657,0.04358087117351356,0.042900082470159646,0.043016138131794626,0.042795314418735526,0.04191362067790993
1351,44.49678731711709,21.718670000021437,45.0265109756542,32.84286682930071,23.30784097563276,32.84286682930071,27.545630243929626,51.9129185366366,13.243091463427705,40.258998048820224,68.86407560982407,21.718670000021437,5.82696024390819,43.43734000004287,28.075353902466734,69.92352292689829,56.15070780493347,5.82696024390819,32.84286682930071,68.33435195128696,0.04347862201351089,0.04351764551199963,0.04261300260559751,0.043697575405507394,0.04193538426035613,0.042487247583413025,0.04143056840714667,0.04260733317491661,0.0434679756273543,0.042530154134960474,0.042510832738129174
1352,49.31364811886516,21.74042551476851,45.07161387208106,32.345511131728756,22.800934076464536,32.87576541257677,28.10347688494466,53.555682365649254,14.316865582896336,38.70856250190491,69.46331079108963,21.210171233920498,6.36305137017615,43.48085102953702,27.573222604096646,67.87254794854559,57.26746233158534,5.832797089328137,32.345511131728756,64.69102226345751,0.04396958917612469,0.04316993432901467,0.042537403159592965,0.04341953033525475,0.041844878180726956,0.04254297702704651,0.04123581607072818,0.042837005427073756,0.04325657516961609,0.042456265269387616,0.04247574500742154
1353,48.55346554822805,21.40529126319731,51.163866921788696,33.41313758157629,22.449451812621568,34.45729813100055,23.49361236204583,51.163866921788696,9.397444944818332,39.156020603409715,58.995071042470634,27.670254559742865,9.397444944818332,35.50145868042481,30.80273620801564,57.95091049304638,51.163866921788696,5.742883021833425,42.288502251682495,48.031385273515916,0.044611578128432125,0.04518589168322803,0.0420147797382648,0.04170124007278545,0.04428799597409882,0.04391089603092249,0.04308203345932788,0.04222425339549016,0.04399918883830928,0.043360728078015755,0.04354113988899563
1354,48.55346554822805,21.40529126319731,51.163866921788696,33.41313758157629,22.449451812621568,34.45729813100055,23.49361236204583,51.163866921788696,9.397444944818332,39.156020603409715,58.995071042470634,27.670254559742865,9.397444944818332,35.50145868042481,30.80273620801564,57.95091049304638,51.163866921788696,5.742883021833425,42.288502251682495,48.031385273515916,0.044611578128432125,0.04518589168322803,0.0420147797382648,0.04170124007278545,0.04428799597409882,0.04391089603092249,0.04308203345932788,0.04222425339549016,0.04399918883830928,0.043360728078015755,0.04354113988899563
1355,44.98295935266471,25.106768010789605,60.674689359408205,41.844613351316006,25.629825677681055,26.675941011463955,24.060652677006704,48.12130535401341,9.415038004046101,47.598247687121955,70.08972736345432,23.014537343223804,7.3228073364803015,35.04486368172716,27.722056345246855,60.15163169251676,65.90526602832271,12.030326338503352,35.567921348618604,66.95138136210561,0.0447995714057684,0.043636020852422935,0.04316365609065023,0.04265076881805981,0.04298404201876334,0.04487133937092186,0.042450460602488194,0.04353049839262357,0.044197322188222865,0.04150614698863323,0.043152506379995396
1356,44.98295935266471,25.106768010789605,60.674689359408205,41.844613351316006,25.629825677681055,26.675941011463955,24.060652677006704,48.12130535401341,9.415038004046101,47.598247687121955,70.08972736345432,23.014537343223804,7.3228073364803015,35.04486368172716,27.722056345246855,60.15163169251676,65.90526602832271,12.030326338503352,35.567921348618604,66.95138136210561,0.0447995714057684,0.043636020852422935,0.04316365609065023,0.04265076881805981,0.04298404201876334,0.04487133937092186,0.042450460602488194,0.04353049839262357,0.044197322188222865,0.04150614698863323,0.043152506379995396
1357,45.9279509040542,22.172114229543407,43.288413495775224,33.786078825970904,23.227929192854997,32.730263862659314,27.45118904610136,51.734933202267946,12.669779559739089,40.64887608749624,67.57215765194181,21.644206747887612,5.806982298213749,43.288413495775224,27.979096527757154,69.68378757856499,55.43028557385851,5.806982298213749,33.25817134431511,67.044250170286,0.04366458275041018,0.04371856811210952,0.0425169276262823,0.043960612857288146,0.04215963565972873,0.042818904651288035,0.04160334467842974,0.04287169384581633,0.0433082589856252,0.042939405884008554,0.042530583293217905
1358,48.68627012875443,21.697142122597082,44.981880010262245,33.339511066429665,22.755539299309135,33.339511066429665,27.518326594513375,51.86146165889059,12.700766120544634,40.21909271505801,69.85421366299549,21.697142122597082,6.350383060272317,43.394284245194164,27.518326594513375,67.73741930957138,56.624248954094824,5.821184471916291,32.81031247807364,64.56222777943522,0.04344261187521805,0.04359514908577694,0.042617538792654897,0.043760279706440794,0.0418914184847571,0.04261645185748965,0.04146922463212977,0.04265784497750221,0.04356896424158821,0.0426354519184947,0.04254647607192116
1359,46.5745923893704,21.69952599959303,43.39905199918606,31.226147170146064,22.75803946298781,33.34317409693563,28.57986351165911,51.86715970634431,14.289931755829555,40.22351160900171,66.15709146217387,22.22878273129042,5.8218240486713,44.45756546258084,28.05060677996172,70.92040204745038,56.630470291620824,5.8218240486713,32.284660633540845,67.21560492556864,0.0436762968672859,0.04329678132955576,0.042727808009628374,0.04396622615434623,0.04201675694475217,0.0425287686040181,0.041470271638200606,0.042610872425733755,0.04345120801018106,0.04247814686694374,0.042520131451963386
1360,37.22498336529215,18.350343912467963,40.37075660742951,26.7390725581676,19.398934993180415,30.409141340661193,19.923230533536643,44.565120930279335,7.3401375649871845,38.79786998636083,46.662303091704246,24.641890396742692,9.961615266768321,34.07921012315479,22.020412694961554,60.29398714096616,44.04082538992311,4.718659863206047,32.506323502086104,48.75948525312916,0.042754443613895715,0.04394299861241779,0.04322293514749819,0.04487593055074876,0.043002811743125514,0.04280647871786864,0.04382354909938175,0.04327703672293947,0.04272844542618318,0.04292818488269425,0.04234164512701922
1361,43.86413911240728,25.065222349947014,60.052095213414724,39.16440992179221,25.587414482237577,26.10960661452814,26.631798746818703,49.0860604353129,11.488226910392381,46.99729190615065,66.84059293319204,23.498645953075325,7.310689852067879,37.07564139262996,27.67618301139983,59.0077109488336,66.31840080090147,12.010419042682944,34.98687286346771,66.84059293319204,0.04458164290711,0.043768974821130735,0.04352848261986546,0.0430486846115472,0.04306448699732473,0.04507461830495471,0.04225250155561885,0.043634486762231355,0.04425980538068895,0.04146158234064313,0.04313260140832202
1362,46.53280830695242,21.680058415739197,43.36011683147839,34.37082431763531,23.26640415347621,32.25569666731929,27.49665945410825,51.29184552016346,12.690765901896116,39.65864344342536,69.79921246042863,21.680058415739197,6.345382950948058,42.83133491889939,27.49665945410825,71.38555819816564,56.05088273337451,5.816601038369052,33.842042405056304,65.04017524721759,0.043385087149307285,0.043589843674563124,0.042629140520297724,0.04385019495564639,0.04198231883186552,0.04264988918594881,0.041567163661822816,0.042725560015558314,0.0435873290617783,0.042772552256844676,0.04247900810736223
1363,46.05247654159203,21.702891243738772,42.876443676654645,34.4070227034883,23.290907676207464,32.81900627101961,27.52561816279064,51.875203460643895,13.233470270572422,40.75908843336306,68.8140454069766,21.173552432915876,5.822726919051866,42.34710486583175,28.58429578443643,68.8140454069766,56.10991394722707,5.822726919051866,33.3483450818425,67.7553677853308,0.04346635873639918,0.043541397046229044,0.04263013887303607,0.04384670461354348,0.04177679752678163,0.04253763402561196,0.04163563329019204,0.04271167106992522,0.04327941293739351,0.04254795953837573,0.04268748151961533
1364,44.77005887628273,18.434730125528183,57.93772325166001,36.86946025105637,29.495568200845096,26.86203532576964,21.59496957561873,48.983711476403464,8.427305200241456,38.44957997610164,67.41844160193165,27.91544847579982,10.00742492528673,36.86946025105637,27.91544847579982,57.93772325166001,54.77748380156946,7.9005986252263645,41.0831128511771,55.83089695159964,0.044037706784822134,0.04389168214080712,0.04381005584950514,0.04375259315672658,0.04183773152271126,0.04352528500309334,0.04334074273843789,0.04230092321106271,0.04360517881691059,0.04110982149225505,0.04208170426857727
1365,43.78120312462538,21.117992095407534,41.7209112128783,37.08525441144738,20.602919117470766,28.84408676445907,22.66321102921784,40.175692279067995,7.726094669051537,38.630473345257684,50.992224815740144,29.87423272033261,8.756240624925075,42.23598419081507,28.84408676445907,54.59773566129753,47.90178694811953,5.66580275730446,26.268721874775224,48.931932903993065,0.044551136234038294,0.04596754673540202,0.04240423859142973,0.04393381738211338,0.044780844709458575,0.043516056447503386,0.0428301827622661,0.0445244411061226,0.04406449200128038,0.044064871479465126,0.04428939461415129
1366,43.3001714642834,21.6500857321417,39.69182384225979,35.56799798851851,19.588172805271064,32.47512859821256,22.68104219557702,38.14538914710681,6.7012170123295745,41.75373676913043,50.51686670833064,31.444172134777233,10.82504286607085,36.59895445195383,26.804868049318298,51.547823171765955,50.00138847661298,5.154782317176596,28.351302744471276,46.908519086307024,0.04564140163855393,0.046919306644790784,0.04321284777314351,0.04386327215268462,0.0438395435459428,0.0431978494670468,0.042509290641022934,0.04422292675886734,0.04428380894944838,0.04350469654770359,0.04332682416313566
1367,44.02815732346295,24.06189993259022,38.396648828601414,34.81296160459861,18.942346755443364,34.301006286883926,23.03798929716085,37.37273819317204,5.119553177146855,39.42055946403078,49.65966581832449,29.693408427451757,10.23910635429371,37.37273819317204,25.597765885734276,51.70748708918323,50.683576453753865,5.119553177146855,28.157542474307704,47.61184454746575,0.045819024572715125,0.047322026193622455,0.04313107948489854,0.044575901403835945,0.04419338145791308,0.04397653038481456,0.04296491322182119,0.0446255560559915,0.04465192211793574,0.043049063124969714,0.04373528426679661
1368,44.611401922693055,23.58763779820552,39.48365457525707,35.38145669730828,18.972665185513137,33.33035775833389,22.562088328718325,37.43255563628268,6.15329681692318,39.48365457525707,49.22637453538544,29.7409346151287,9.742719960128367,37.43255563628268,25.638736737179915,51.27747347435983,51.27747347435983,5.127747347435983,28.202610410897908,48.20082506589824,0.045688099871355435,0.04707260514591962,0.042962545601607074,0.04449103809781581,0.0441616960927896,0.04403377785070871,0.043054722972293964,0.044394562372821356,0.044518807086612,0.043250828737392395,0.0435965814270858
1369,46.82443029856827,25.72770895525729,49.91175537319914,33.44602164183448,21.09672134331098,28.815034029888167,25.213154776152145,45.79532194035798,8.232866865682333,41.67888850751681,62.77560985082779,24.698600597047,10.291083582102916,36.018792537360206,24.698600597047,52.48452626872487,57.11551388067119,8.232866865682333,34.98968417914992,57.630068059776335,0.045902592762986846,0.04590898083158747,0.04347707089491878,0.04330213736082987,0.0434797718262234,0.04599171235050217,0.04334436590985567,0.042958477971645884,0.0441411984877196,0.0444925031340345,0.04244700936455003
1370,46.67171262831311,21.214414831051414,45.08063151598425,33.94306372968226,23.335856314156555,32.882342988129686,27.578739280366836,50.91459559452339,12.728648898630848,39.7770278082214,68.94684820091709,21.744775201827697,5.833964078539139,43.48955040365539,28.109099651143122,70.53792931324594,56.218199302286244,5.833964078539139,33.41270335890597,66.82540671781194,0.04331465975292373,0.04342823717943994,0.04259749652119438,0.04363283033868059,0.04191891051292244,0.04248591738883869,0.04128865160183277,0.04262860215574362,0.043234595047865004,0.0425151288763782,0.04259459984789529
1371,50.013880659305606,23.4440065590495,49.49290273577117,31.258675412066,22.402050711980635,38.55236634154807,28.653785794393837,38.031388418013634,10.9405363942231,39.073344265082504,45.3250793474957,27.611829947324967,17.713249400170735,38.55236634154807,32.30063125913487,50.013880659305606,52.09779235344334,5.2097792353443335,36.46845464741033,48.971924812236736,0.04501608439573504,0.04489317191764653,0.042529971330918064,0.043266638719269265,0.04278888804673649,0.04434320544033933,0.04253393181556398,0.04407728250857915,0.04392862206563844,0.0427869569864364,0.042857323238703844
1372,50.013880659305606,23.4440065590495,49.49290273577117,31.258675412066,22.402050711980635,38.55236634154807,28.653785794393837,38.031388418013634,10.9405363942231,39.073344265082504,45.3250793474957,27.611829947324967,17.713249400170735,38.55236634154807,32.30063125913487,50.013880659305606,52.09779235344334,5.2097792353443335,36.46845464741033,48.971924812236736,0.04501608439573504,0.04489317191764653,0.042529971330918064,0.043266638719269265,0.04278888804673649,0.04434320544033933,0.04253393181556398,0.04407728250857915,0.04392862206563844,0.0427869569864364,0.042857323238703844
1373,47.134961701079305,22.773071383667528,49.25338694607163,34.95401654237342,23.30267769491561,30.187559741140678,26.4803155624041,50.3125995685678,10.59212622496164,40.77968596610232,72.55606464098724,21.713858761171362,6.884882046225067,39.72047334360615,27.009921873652186,68.84882046225067,53.49023743605629,5.825669423728902,33.89480391987725,65.1415762835141,0.04345511523009553,0.04351795658190381,0.042323579949121115,0.04371132029292482,0.04179356940272104,0.0431171755428562,0.04119624294577028,0.04282237306432751,0.04349672553114968,0.042344839435503955,0.042614790775543955
1374,38.441814592077485,16.851206396527115,43.70781659099221,25.276809594790674,19.484207395984477,31.06941179359687,20.53740779576742,44.761016990775154,6.845802598589141,40.0216151917519,47.39401799023251,25.276809594790674,9.478803598046502,34.229012992945705,22.11720839544184,57.92602198806196,43.70781659099221,4.739401799023251,33.17581259316276,48.44721839001546,0.04240535618341022,0.04353718608104041,0.043352828053962095,0.04451294644474408,0.04270824149588058,0.042412139595467115,0.04374888169653492,0.04297350135005694,0.0430210140217298,0.04246862017190233,0.04225908501379915
1375,46.59138149589287,21.707348196950086,43.94414391089896,33.355193570923305,23.295690747946434,32.825746053924526,27.531270883936696,51.356409148881916,13.236187924969565,40.238011291907476,68.82817720984174,21.707348196950086,5.8239226869866085,43.41469639390017,28.060718400935478,70.41651976083809,56.121436801870956,5.8239226869866085,32.825746053924526,66.71038714184661,0.043508287278460324,0.04350317256650874,0.04256310329047954,0.043758698418179164,0.04192303125303942,0.04249891220986719,0.04149184649680168,0.04261983018179354,0.04347199582790542,0.04262848916933058,0.042585116308851687
1376,46.59138149589287,21.707348196950086,43.94414391089896,33.355193570923305,23.295690747946434,32.825746053924526,27.531270883936696,51.356409148881916,13.236187924969565,40.238011291907476,68.82817720984174,21.707348196950086,5.8239226869866085,43.41469639390017,28.060718400935478,70.41651976083809,56.121436801870956,5.8239226869866085,32.825746053924526,66.71038714184661,0.043508287278460324,0.04350317256650874,0.04256310329047954,0.043758698418179164,0.04192303125303942,0.04249891220986719,0.04149184649680168,0.04261983018179354,0.04347199582790542,0.04262848916933058,0.042585116308851687
1377,35.174811919148304,19.949893327278144,42.52477261867183,24.149870869863015,19.424896134455036,28.874845605271,22.04988209857058,43.574767004318055,8.924952277992855,38.324795076086964,49.87473331819536,23.624873677039908,9.974946663639072,34.6498147263252,24.674868062686127,54.074710860780236,47.249747354079815,5.249971928231091,30.449837183740325,49.34973612537225,0.042700336956465856,0.04369184502313144,0.04331538789195759,0.04440930253617878,0.042171359499463996,0.04277810164772693,0.044296990760009695,0.04348707067647034,0.04379885136533643,0.0429656727681341,0.04138788805201578
1378,45.815408888669126,18.431486334522063,57.92752847992648,36.862972669044126,29.490378135235296,26.857308658875002,21.591169706154414,48.97509226030148,8.425822324352943,38.442814354860296,66.87996469955148,27.910536449419123,10.005664010169118,36.862972669044126,27.910536449419123,57.40091458465442,54.767845108294125,7.8992084290808835,41.075883831220594,55.821072898838246,0.04406422424742105,0.043922053142347775,0.04375744626126568,0.043738411770307385,0.04185499166088571,0.04359789004698495,0.04330890728456107,0.042347738405268766,0.04360755713651392,0.04112791108385529,0.04205897368852947
1379,47.08804593347098,21.69224587946416,43.913570926720126,33.33198757088395,23.279483382839587,32.80290840309214,26.983037557382247,51.320679275805446,13.226979194795218,40.73909591996927,68.25121264514333,21.69224587946416,5.819870845709897,43.913570926720126,27.512116725174057,70.36752931631057,56.082391785931726,5.819870845709897,33.33198757088395,66.1348959739761,0.04356160885560045,0.04348213497574481,0.042516671349951476,0.043800871537291536,0.041928971799607584,0.04264197818859197,0.0414828483123677,0.042589227826402364,0.04364521268235254,0.04269936601696048,0.04257194066332042
1380,46.59138149589287,21.707348196950086,43.94414391089896,33.355193570923305,23.295690747946434,32.825746053924526,27.531270883936696,51.356409148881916,13.236187924969565,40.238011291907476,68.82817720984174,21.707348196950086,5.8239226869866085,43.41469639390017,28.060718400935478,70.41651976083809,56.121436801870956,5.8239226869866085,32.825746053924526,66.71038714184661,0.043508287278460324,0.04350317256650874,0.04256310329047954,0.043758698418179164,0.04192303125303942,0.04249891220986719,0.04149184649680168,0.04261983018179354,0.04347199582790542,0.04262848916933058,0.042585116308851687
1381,46.57815624302589,21.701186431409788,43.93167009285396,33.34572549216626,23.289078121512944,32.81642826213187,27.523455961788024,51.34183131333535,13.232430750859626,40.226589482613264,68.27934267443567,21.701186431409788,5.822269530378236,43.93167009285396,28.052753191822408,70.39653159457322,56.105506383644816,5.822269530378236,32.81642826213187,66.69145098433252,0.04350491878027527,0.043524630462010584,0.04256014345409102,0.04375198955139298,0.041919002477322304,0.04252040542798129,0.04151959865610978,0.04264858960494578,0.043509694637277815,0.04264335819557944,0.04260043871862868
1382,45.89307597870447,22.155278058684917,43.25554287648008,36.39795681069665,23.210291299574674,32.705410467582496,26.375331022243948,49.585622321818626,11.605145649787337,39.562996533365926,71.21339376005866,22.155278058684917,6.857586065783427,42.20052963559032,26.902837642688826,70.1583805191689,54.86068852626742,5.8025728248936685,33.76042370847225,64.88331431472011,0.04356581135654535,0.043908295630878134,0.04281974478388367,0.0441865006955373,0.04202269287441623,0.04245013995018808,0.04200889873132852,0.04287987709694661,0.04350020178260836,0.04291642142117841,0.042234795231610396
1383,46.06983976134144,21.71107391051723,43.951686209095854,33.36091844786794,23.29968907470142,32.83138005980654,27.535996179192583,51.365223641955396,13.238459701534897,40.24491749266608,68.83999044798146,21.71107391051723,5.824922268675355,43.42214782103446,28.06553456725398,70.95814400022705,56.13106913450796,5.824922268675355,32.83138005980654,66.72183689573588,0.04350117646611894,0.043505740902020064,0.042583978898989856,0.04373970391584913,0.041897750622486206,0.04250135966436602,0.041484679732539685,0.0426028001370679,0.04343194056294208,0.042619777680892625,0.04259270335533171
1384,47.035717173936675,22.1966305764645,43.864769948727464,33.29494586469675,23.253612984867573,32.766454660495214,26.95305141427832,50.73515560334743,13.212280105038392,40.69382272351825,68.1753653419981,21.668139372262964,5.813403246216893,43.864769948727464,27.481542618479857,70.28933015880425,56.020067645362786,5.813403246216893,33.29494586469675,66.06140052519197,0.043441278427475444,0.04370107081983747,0.042673350665407866,0.0437214000641693,0.04183045413995719,0.042576086400087323,0.04158762740271308,0.042748109537306886,0.04386963448560118,0.04272821575339293,0.042631568102515685
1385,45.815408888669126,18.431486334522063,57.92752847992648,36.862972669044126,29.490378135235296,26.857308658875002,21.591169706154414,48.97509226030148,8.425822324352943,38.442814354860296,66.87996469955148,27.910536449419123,10.005664010169118,36.862972669044126,27.910536449419123,57.40091458465442,54.767845108294125,7.8992084290808835,41.075883831220594,55.821072898838246,0.04406422424742105,0.043922053142347775,0.04375744626126568,0.043738411770307385,0.04185499166088571,0.04359789004698495,0.04330890728456107,0.042347738405268766,0.04360755713651392,0.04112791108385529,0.04205897368852947
1386,44.8260527250066,21.12492139914104,38.64314890086776,34.005971032763625,19.06395345776143,32.97548706207382,20.609679413796137,37.61266493017795,6.698145809483744,37.61266493017795,51.524198534490345,30.914519120694205,9.274355736208262,41.73460081293718,25.24685728190027,54.10040846121486,49.97847257845563,5.152419853449034,27.823067208624785,50.49371456380054,0.0451551341563027,0.04710935972635081,0.042516697723186066,0.044765133328662776,0.043992592303088295,0.04320188277539799,0.04320137602499658,0.04378842129813367,0.04401037406113105,0.04321144657114237,0.04380559668670438
1387,44.805151447936446,21.115071372016025,38.6251305585659,33.99011489153799,19.055064408892513,32.445109669195354,21.115071372016025,37.59512707700414,6.695022630151423,37.59512707700414,51.500174078087866,30.900104446852723,9.270031334055817,41.715141003251176,25.235085298263055,54.07518278199226,49.955168855745235,5.150017407808787,27.81009400216745,50.47017059652611,0.04518221425629263,0.04708631345867954,0.04251730758360594,0.044792512014008266,0.04404555453230893,0.04326349715216369,0.04323868657814189,0.04377424335183371,0.044040478817003924,0.04322375409252711,0.04383369738255556
1388,36.7948757139468,18.3974378569734,43.62820977510835,23.653848673251517,19.448720020229025,31.01282381604088,20.50000218348465,44.679491938363974,8.410257306044985,40.47436328534148,49.41026167301428,23.128207591623706,9.987180550928418,33.11538814255213,22.602566509995896,56.24359573417583,45.20513301999179,4.730769734650304,32.58974706092431,46.78205626487522,0.04287024118143151,0.04393930692614244,0.04298003776288485,0.044726729694739266,0.043100292451346174,0.04236620767779384,0.04297068571601234,0.043122966684652875,0.043960151728865686,0.04304477355113254,0.041277524997186885
1389,36.48879238992281,17.97998465590399,41.777023171071036,25.912330827626338,19.56645389024846,32.258207765004215,20.095276968363283,46.53643087410445,8.989992327951995,41.777023171071036,48.12290010844892,21.681746202707753,9.518815406066818,32.78703084311904,23.797038515167046,54.46877704582679,46.00760779598962,4.759407703033409,33.31585392123387,48.651723186563736,0.042720826852593964,0.043694360931298686,0.04269987725276016,0.04445548537732909,0.0423718133480631,0.042167855288928975,0.04304213398275797,0.04246882042277953,0.043576848946343394,0.04301587514089512,0.04096302434142664
1390,47.030619875042504,22.19422510957062,43.86001628796098,33.81977159553618,23.251092971931126,32.762903733175676,26.42169655901264,50.20122346212402,13.21084827950632,40.16097876969921,68.69641105343287,22.19422510957062,6.341207174163034,43.33158235678073,27.478564421373147,69.75327891579337,55.485562773926546,5.812773242982781,32.762903733175676,66.58267532871186,0.04366707512148223,0.04344417952080217,0.04255902172095512,0.0438261094528629,0.04203729301180328,0.04272293630574165,0.04154148073864403,0.042860195918103965,0.043660000959515236,0.04286204994181128,0.042385726128025415
1391,47.08790921321222,21.692182895974167,43.91344342355746,33.860968422984065,23.279415790801547,32.80281315976581,26.982959212065428,51.32053026608523,13.22694079022815,40.73897763390271,68.25101447757726,21.692182895974167,5.819853947700387,43.91344342355746,27.512036843674554,70.36732500401376,56.08222895056736,5.819853947700387,32.80281315976581,66.13470395114075,0.04357283116971963,0.043550890296377986,0.04251569863534076,0.043799656930373736,0.04198468280966674,0.04261434393741163,0.04151714988637084,0.042603399313024155,0.04346457929274626,0.04271317352964512,0.042585962590196966
1392,45.89307597870447,22.155278058684917,43.25554287648008,36.39795681069665,23.210291299574674,32.705410467582496,26.375331022243948,49.585622321818626,11.605145649787337,39.562996533365926,71.21339376005866,22.155278058684917,6.857586065783427,42.20052963559032,26.902837642688826,70.1583805191689,54.86068852626742,5.8025728248936685,33.76042370847225,64.88331431472011,0.04356581135654535,0.043908295630878134,0.04281974478388367,0.0441865006955373,0.04202269287441623,0.04245013995018808,0.04200889873132852,0.04287987709694661,0.04350020178260836,0.04291642142117841,0.042234795231610396
1393,46.57815624302589,21.701186431409788,43.93167009285396,33.34572549216626,23.289078121512944,32.81642826213187,27.523455961788024,51.34183131333535,13.232430750859626,40.226589482613264,68.27934267443567,21.701186431409788,5.822269530378236,43.93167009285396,28.052753191822408,70.39653159457322,56.105506383644816,5.822269530378236,32.81642826213187,66.69145098433252,0.04350491878027527,0.043524630462010584,0.04256014345409102,0.04375198955139298,0.041919002477322304,0.04252040542798129,0.04151959865610978,0.04264858960494578,0.043509694637277815,0.04264335819557944,0.04260043871862868
1394,46.57815624302589,21.701186431409788,43.93167009285396,33.34572549216626,23.289078121512944,32.81642826213187,27.523455961788024,51.34183131333535,13.232430750859626,40.226589482613264,68.27934267443567,21.701186431409788,5.822269530378236,43.93167009285396,28.052753191822408,70.39653159457322,56.105506383644816,5.822269530378236,32.81642826213187,66.69145098433252,0.04350491878027527,0.043524630462010584,0.04256014345409102,0.04375198955139298,0.041919002477322304,0.04252040542798129,0.04151959865610978,0.04264858960494578,0.043509694637277815,0.04264335819557944,0.04260043871862868
1395,46.48512751145871,22.186083585014384,43.84392708467128,33.279125377521574,23.242563755729353,32.75088529216409,27.468484438589236,51.239288279676074,13.206002133937133,40.14624648716888,69.19945118183058,21.6578434996569,5.810640938932338,43.3156869993138,27.468484438589236,69.72769126718806,55.99344904789344,5.810640938932338,32.75088529216409,66.55825075504315,0.043510965631167596,0.04361315970165603,0.042685625635614045,0.04387980430990416,0.04207488273655847,0.0424508715346847,0.04162706318464585,0.04278939111982042,0.04359190753802639,0.042790532348364274,0.042745710902072756
1396,46.60618466371923,21.714245127414642,43.958105989644274,32.83617555852946,23.303092331859617,32.83617555852946,27.540018210379547,51.372726277054156,13.770009105189773,40.25079584593934,68.32042979113388,21.714245127414642,5.825773082964904,43.958105989644274,28.06963394519454,70.43889273039385,56.13926789038908,5.825773082964904,32.83617555852946,67.2611983215039,0.043557588283806944,0.04344978469964259,0.042557962907048545,0.04372463479398296,0.04184381663145821,0.04258561624988942,0.04166505286835556,0.04244255092823434,0.04348985765921713,0.042737074167812465,0.04233032599556046
1397,46.59138149589287,21.707348196950086,43.94414391089896,33.355193570923305,23.295690747946434,32.825746053924526,27.531270883936696,51.356409148881916,13.236187924969565,40.238011291907476,68.82817720984174,21.707348196950086,5.8239226869866085,43.41469639390017,28.060718400935478,70.41651976083809,56.121436801870956,5.8239226869866085,32.825746053924526,66.71038714184661,0.043508287278460324,0.04350317256650874,0.04256310329047954,0.043758698418179164,0.04192303125303942,0.04249891220986719,0.04149184649680168,0.04261983018179354,0.04347199582790542,0.04262848916933058,0.042585116308851687
1398,36.772003702807545,17.3353731741807,42.02514708892291,25.74040259196528,19.436630528626843,30.468231639469106,19.96194486723838,46.227661797815195,7.354400740561509,39.39857539586522,48.32891915226134,25.215088253353745,9.98097243361919,34.14543200974986,21.53788788307299,58.83520592449207,43.60109010475752,4.727829047503827,32.56948899391525,48.32891915226134,0.0425826945102332,0.0438106672488533,0.04319236711951418,0.04465552244869722,0.04267842018632564,0.04261671007590303,0.043874219474399886,0.04306844919795601,0.04275741602718335,0.04288443192603096,0.04256476317336696
1399,45.33945266446687,22.669726332233434,54.82910554772738,30.050567463658275,21.6153204563156,30.050567463658275,26.88734983590477,51.13868498201496,13.180073448972928,34.79539390528853,72.75400543833057,20.03371164243885,8.435247007342674,33.21378509141178,25.832943959986938,56.41071436160413,56.41071436160413,8.962449945301591,35.849799781206364,68.00917899670031,0.04490291377583506,0.044115018367673675,0.04262818732327393,0.04304689876941227,0.042953320568540565,0.04436995891838522,0.041861869320385096,0.041765819110021536,0.04314995639487985,0.042594434702226104,0.04140868479044961
1400,46.63658994465283,21.728411224213254,43.98678369779756,33.38755871037646,23.318294972326417,32.857597461005405,27.557984967294857,51.406241188992325,13.249031234276373,40.277054952200174,68.89496241823714,21.198449974842198,5.829573743081604,43.45682244842651,28.087946216665912,70.48484616635031,56.70585368270288,5.829573743081604,32.857597461005405,66.77511742075292,0.043464337050815434,0.04345095631538734,0.04244632634917668,0.04377888180200238,0.04182532047658273,0.04242669828908861,0.04151933799203184,0.04252473670691169,0.043504963788762084,0.04252873969405303,0.04256845216413314
1401,46.44122224991392,22.165128801095282,43.27477527832888,35.88639901129712,23.22061112495696,32.71995203971208,26.387058096542,49.60766922149896,11.61030556247848,39.580587144813,71.2450568606634,22.165128801095282,6.86063510510092,42.2192929544672,26.91479925847284,70.18957453680173,54.88508084080736,5.80515278123924,33.77543436357376,64.91216291749332,0.04347856277178543,0.043903040303054655,0.04280605670233093,0.04409400926351643,0.042036311157796526,0.04252326016782807,0.04195499798809494,0.04283248978474829,0.043427106691528244,0.042869472023030375,0.04233353121544608
1402,46.59138149589287,21.707348196950086,43.94414391089896,33.355193570923305,23.295690747946434,32.825746053924526,27.531270883936696,51.356409148881916,13.236187924969565,40.238011291907476,68.82817720984174,21.707348196950086,5.8239226869866085,43.41469639390017,28.060718400935478,70.41651976083809,56.121436801870956,5.8239226869866085,32.825746053924526,66.71038714184661,0.043508287278460324,0.04350317256650874,0.04256310329047954,0.043758698418179164,0.04192303125303942,0.04249891220986719,0.04149184649680168,0.04261983018179354,0.04347199582790542,0.04262848916933058,0.042585116308851687
1403,36.30922468438561,18.417722665992702,43.150093103182904,23.67992914199062,19.470163961192284,31.047018208387698,20.52260525639187,43.6763137507827,8.945751009196456,40.51898986518395,49.464740874380404,23.153708494390827,9.471971656796248,33.15190079878686,22.627487846791034,56.30560929317769,45.78119634118186,4.735985828398124,32.625680151187076,48.41229957918082,0.04263393448613697,0.04389222118879916,0.04301254341918423,0.044698457357143055,0.042966719221098224,0.042470812331894627,0.04293454603718784,0.0428990611098074,0.04405082607205665,0.04312229639477539,0.04109793478212494
1404,46.56323713326379,21.69423548254336,43.9175986597829,33.33504476585931,23.281618566631895,32.80591707116313,27.514640124201332,51.325386385529406,13.757320062100666,40.21370479690964,68.78660031050333,21.69423548254336,5.820404641657974,43.9175986597829,27.514640124201332,69.84485569989569,56.08753563779502,5.820404641657974,32.80591707116313,66.67008953171862,0.043400239259312454,0.04357493513001794,0.04269800092881857,0.043772966238205244,0.041991726769108194,0.042575764149982744,0.04156918889082424,0.0426489213530125,0.04344421785921587,0.04271734565694295,0.04247899906837993
1405,46.44122224991392,22.165128801095282,43.27477527832888,35.88639901129712,23.22061112495696,32.71995203971208,26.387058096542,49.60766922149896,11.61030556247848,39.580587144813,71.2450568606634,22.165128801095282,6.86063510510092,42.2192929544672,26.91479925847284,70.18957453680173,54.88508084080736,5.80515278123924,33.77543436357376,64.91216291749332,0.04347856277178543,0.043903040303054655,0.04280605670233093,0.04409400926351643,0.042036311157796526,0.04252326016782807,0.04195499798809494,0.04283248978474829,0.043427106691528244,0.042869472023030375,0.04233353121544608
1406,37.33791801753924,17.35424358561683,41.01912120236705,25.242536124533572,19.457788262661293,29.975511647883614,19.98367443192241,46.277982894978216,7.88829253891674,39.441462694583706,48.38152757202268,25.242536124533572,10.517723385222322,34.18260100197254,23.138991447489108,56.795706280200534,44.17443821793375,4.732975523350045,32.604942494189196,48.90741374128379,0.042491701042390105,0.04356730137774258,0.04300448814910729,0.04500473657471253,0.04294115014970063,0.0425134892745767,0.04345196586069414,0.04285210192533817,0.043139892548534585,0.04278075951361753,0.04236624432246969
1407,47.50019997499734,22.16675998833209,42.7501799774976,32.72235998277594,22.16675998833209,31.666799983331558,27.972339985276207,52.77799997221926,13.194499993054816,41.166839978331026,69.13917996360723,21.111199988887705,5.277799997221926,42.7501799774976,26.916779985831823,69.13917996360723,55.944679970552414,5.805579996944119,32.72235998277594,64.3891599661075,0.04370466863801727,0.043532453053056745,0.042550360143050914,0.04394398075570913,0.0420254936438869,0.04318850423682301,0.041302073351729585,0.04307812073000704,0.043717461115275025,0.04243860406265764,0.0427382805475942
1408,48.52841641671865,22.15427705980634,42.72610575819794,32.70393280257126,22.15427705980634,32.17645001543301,28.484070505465294,52.74827871382462,14.242035252732647,41.1436573967832,69.6277279022485,21.626794272668093,5.2748278713824615,43.253588545336186,26.901622144050553,68.04527954083375,55.91317543665409,5.802310658520708,32.70393280257126,64.88038281800428,0.04367864414295951,0.04358188396049714,0.04245639924964671,0.043987856702573554,0.04198102239552275,0.043089185328801786,0.04158972559519563,0.04304678008042445,0.0436351613451426,0.04267915675140367,0.042791397309586074
1409,46.625062782316405,21.723040614488326,44.50574174675657,33.37930631006743,23.312531391158203,32.84947605117747,27.551173462277877,51.393535112326035,13.245756472248978,40.26709967563689,68.87793365569469,21.193210355598367,5.828132847789551,43.44608122897665,27.551173462277877,70.99725469125453,56.16200744233567,5.828132847789551,32.84947605117747,66.75861262013485,0.04348481228375609,0.04350238505244539,0.04251570368824836,0.04366438407455061,0.041870753169563735,0.042445666620392314,0.041463266732223815,0.04259646813749754,0.04347001282424374,0.04265211174774712,0.04250417677937221
1410,46.55943961937465,21.69246618629955,43.3849323725991,33.861410632272474,23.279719809687325,32.80324155001396,26.983311597592127,51.321200489537965,13.227113528231435,40.21042512582356,68.2519058056742,22.22155072742881,5.819929952421831,43.3849323725991,28.04148067985064,70.36824397019123,56.08296135970128,5.819929952421831,32.80324155001396,66.66465218228643,0.04357479500807144,0.04354166646461027,0.04270781315297731,0.04362674594951539,0.04185620989893596,0.04270879415593735,0.04144604659605266,0.04265066520419654,0.04351247158301454,0.04258323650443463,0.04270701435299651
1411,45.523205184346786,22.24429344235127,45.00589603452467,35.69433133772646,21.72698429252915,37.76356793701495,27.417384940572497,50.17898753274589,9.82887384662033,39.31549538648132,56.90400648043348,30.00393068968311,11.380801296086696,37.76356793701495,32.59047643879372,61.55978882883259,45.523205184346786,5.1730914982212255,37.76356793701495,48.1097509334574,0.044797896511516756,0.04570151690796776,0.042712232609762174,0.041810331318180585,0.044027165172305135,0.04544944608814489,0.04318351437777686,0.043153604848134276,0.043356553841635684,0.04465229004845857,0.04384629845399476
1412,42.6749410778896,21.080392580644258,41.64662924468744,37.5333819118788,20.0520807474421,28.79273132966045,22.622860330447498,39.59000557828312,7.712338749016192,39.59000557828312,50.38727982690579,30.33519907946369,8.74065058221835,43.189096994490676,30.33519907946369,50.901435743506866,49.35896799370363,5.6557150826118745,26.73610766325613,48.33065616050147,0.04528949104701291,0.04601084634674087,0.04244046368689459,0.044286698793578605,0.04453923355504993,0.0438366098761387,0.04295249280868602,0.044184906463742346,0.044181007057139954,0.04382597680520224,0.04429635695873427
1413,42.688057193554485,21.086871625731735,41.65942930937245,37.544917772644304,20.0582437415497,28.801580757097003,22.629813452004786,39.602173541008376,7.714709131365268,39.602173541008376,49.88845238282874,30.344522583370054,8.743337015547304,43.2023711356455,30.344522583370054,51.43139420910179,49.37413844073772,5.6574533630011965,26.74432498873293,48.34551055655568,0.045271939308498585,0.0460224373765663,0.042380917413920506,0.04422927212973802,0.044574340053780435,0.04384741591045023,0.04288423424324482,0.04419592402087328,0.044169201386754224,0.04376526211956108,0.044345113945594775
1414,46.64411740187993,21.731918334966785,43.9938834585913,33.392947685436766,23.322058700939966,32.862900896779045,27.03238622154405,51.41453849979947,13.251169716443162,40.28355593798722,68.90608252550444,21.731918334966785,5.8305146752349915,42.93378988127585,27.56243301020178,71.02626968013536,56.18495959771901,5.8305146752349915,32.862900896779045,67.84598894818899,0.043482367005571794,0.04337143920485812,0.0425798836035527,0.04362280253168178,0.041932333026567084,0.042509714043278087,0.04152352422316235,0.04256519886610163,0.043342297234627035,0.04251271795916815,0.042510933643704826
1415,46.565859111181354,21.695457085891313,43.390914171782626,33.86607935358644,23.282929555590677,32.80776437378687,26.987031984889196,51.32827652027945,13.228937247494704,40.2159692323839,68.79047368697246,22.2246145757911,5.820732388897669,43.390914171782626,28.045346964688772,70.37794615667183,56.090693929377544,5.820732388897669,32.80776437378687,66.67384372737331,0.04357497142484568,0.043528700653918465,0.04262710826082793,0.04366366578900858,0.04190191487340193,0.0425906342245965,0.0415297175575794,0.042637047736834056,0.043455452394099495,0.042717314789372296,0.04261598239572749
1416,46.625512128468785,21.723249968945684,44.50617066808384,33.909463366159116,23.312756064234392,32.849792635966644,27.551438985004282,50.33435968414244,13.245884127405905,40.26748774731395,68.87859746251071,21.193414603849448,5.828189016058598,43.44649993789137,28.081274350100518,70.46810355779941,56.162548700201036,5.828189016058598,32.849792635966644,67.289091367222,0.04353203747434507,0.04344577748170753,0.04254339837414215,0.04380912303918575,0.04196490637088526,0.04239826775560793,0.0414303185275935,0.0424733591824741,0.04342805662530951,0.042595711464389556,0.04254367860812331
1417,46.597582181182936,21.710237152596594,44.47951026385644,33.35963269789233,23.298791090591468,32.83011471856071,27.53493492524446,51.36324399516755,13.237949483290606,40.24336642920344,68.30781933377953,21.710237152596594,5.824697772647867,43.42047430519319,28.593970883907712,69.89637327177441,56.12890580915217,5.824697772647867,32.83011471856071,66.71926539578466,0.04350360965142371,0.04347301653821193,0.042611914238258664,0.04373208189962106,0.04193747686732426,0.04245150458699984,0.04146516363640796,0.04259769841633811,0.04349054933619704,0.04258524027212081,0.04263376522547232
1418,46.597582181182936,21.710237152596594,44.47951026385644,33.35963269789233,23.298791090591468,32.83011471856071,27.53493492524446,51.36324399516755,13.237949483290606,40.24336642920344,68.30781933377953,21.710237152596594,5.824697772647867,43.42047430519319,28.593970883907712,69.89637327177441,56.12890580915217,5.824697772647867,32.83011471856071,66.71926539578466,0.04350360965142371,0.04347301653821193,0.042611914238258664,0.04373208189962106,0.04193747686732426,0.04245150458699984,0.04146516363640796,0.04259769841633811,0.04349054933619704,0.04258524027212081,0.04263376522547232
1419,46.89600956314454,19.279470598181646,38.55894119636329,34.390407012972666,19.279470598181646,33.348273467125004,19.800537371105474,40.6432082880586,8.337068366781251,39.08000796928712,55.75414470284962,27.616538964962896,8.85813513970508,39.08000796928712,27.095472192039068,50.02241020068751,54.190944384078136,6.252801275085939,28.137605737886727,47.41707633606837,0.045131396948857205,0.045613012170814725,0.04162950630323605,0.043479888835881955,0.04448618364184774,0.0427630220717467,0.04235668193821312,0.04401881812300207,0.04367392415402816,0.04225880857698932,0.04352198431155483
1420,35.52520812088203,18.285033591630455,42.83922155753421,25.599047028282637,18.807463122819897,30.30091280898761,20.37475171638822,43.88408061991309,7.836442967841624,41.794362495155326,48.58594640061806,24.554187965903754,9.403731561409948,32.913060464934816,23.50932890352487,51.72052358775471,46.4962282758603,4.701865780704974,32.39063093374538,45.97379874467086,0.04293516538690547,0.04397304680699474,0.04311864172346298,0.044881579645559416,0.043147981003749086,0.04304878837286008,0.04405015320798444,0.04343694230983198,0.04436379952341604,0.04306719293809923,0.04154717789169502
1421,47.59025138883118,21.680003410467535,42.83122624994806,33.841956543168834,22.73756455244156,32.2556148302078,27.49658969132468,52.349276527714295,13.219514274675326,39.65854282402598,69.27025479929871,21.680003410467535,5.816586280857144,43.88878739192209,27.49658969132468,70.85659651225976,56.050740524623386,5.816586280857144,33.313175972181824,65.0400102314026,0.04364148995608833,0.043541592091858976,0.04259542044495707,0.043779705105639485,0.04203381175337748,0.04270286925496575,0.04151584341926828,0.04278624550907868,0.043424534121883046,0.04255124110149493,0.042646676254374884
1422,46.60172945503928,21.712169405188757,42.89477370293388,33.36260176894858,23.30086472751964,32.83303666150495,27.537385587068666,51.36781542203194,13.239127686090706,39.71738305827212,68.84346396767167,21.712169405188757,6.8843463967671665,42.89477370293388,28.066950694512297,70.96172439744618,55.60433628158096,5.82521618187991,32.83303666150495,66.19563843045353,0.043551817017870816,0.04351515281913588,0.04250459246780168,0.04371051471232112,0.041851308629687556,0.04266117721321966,0.04149840843145136,0.04252605464953993,0.043546612418810075,0.04238146913066164,0.042687785065872105
1423,47.09157569599613,21.69387194984091,44.975100383816525,33.86360499487362,23.281228433975613,32.80536733878382,27.514179058334815,50.795407492310424,12.698851873077606,40.74214975945732,68.25632881779214,21.69387194984091,6.349425936538803,43.38774389968182,28.043297886379715,69.31456647388194,55.55747694471453,5.820307108493903,32.80536733878382,66.66897233365744,0.043485285739686116,0.04358346474434851,0.04268902293533548,0.04352693765313927,0.041929726045902366,0.042540521150188665,0.04167606452077723,0.04283188807065432,0.04351034125968106,0.0424616828895659,0.04264623694582088
1424,47.61452258442176,21.691060288458804,43.91117082785563,33.330165809095234,23.27821104127286,32.801115558157214,27.510613048777017,51.3178743409879,13.22625627345049,41.265919573165526,67.71843212006651,21.691060288458804,6.348603011256235,43.38212057691761,28.568713550653058,70.3636833747566,55.021226097554035,5.819552760318215,32.801115558157214,65.60223111631443,0.04354513392148175,0.04355548377320696,0.0427010878096472,0.043800028410393405,0.041934306492857475,0.04250132665988722,0.04148134317069521,0.042706363200321285,0.04352215799386272,0.04260883617799833,0.04259368145162896
1425,47.146148722817486,21.189280324861794,45.02722069033131,33.37311651165732,23.308208357347972,32.84338450353578,27.54606442232033,51.38400478778985,13.24330020303862,41.3190966334805,68.33542904767928,21.189280324861794,5.827052089336993,43.43802466596667,28.075796430441876,69.92462507204391,55.621860852762204,6.3567840974585375,32.84338450353578,66.2165010151931,0.04349876374133783,0.04346411707464113,0.04263269830671917,0.04389432123373849,0.04216082500537042,0.042385633187136125,0.04128859462317504,0.04252264328622808,0.04341813961170004,0.042612452291601495,0.04238980351680732
1426,46.57539854604713,21.699901595317414,43.929069083203544,33.87301712439792,23.287699273023566,32.81448533926048,27.521826413573304,50.80952568659687,13.231647314217936,39.694941942653806,68.27530014136455,21.699901595317414,5.821924818255892,43.929069083203544,28.051092306142024,70.39236371163942,56.631450504852765,5.821924818255892,32.81448533926048,66.68750246365839,0.04356530264892176,0.04349988245512428,0.04260695102767589,0.04370627540883915,0.04195782366384492,0.04253703899804036,0.041547174058988674,0.042642477440006404,0.04343670976642287,0.04261687290518568,0.04261759905823263
1427,47.95879610177229,25.78429897944747,46.411738163005445,36.098018571226454,21.658811142735875,40.22350640793805,24.237241040680622,44.348994244649646,12.376463510134785,38.160762489582254,59.30388765272918,25.78429897944747,10.313719591778987,35.58233259163751,31.456844754925914,56.209771775195485,51.56859795889494,5.156859795889494,40.739192387527,40.739192387527,0.04495756687197729,0.04516490009806996,0.04192157840673192,0.041710687290310855,0.04428191949091155,0.04477530733223714,0.04357783312843708,0.04389287845260356,0.04431868873020321,0.04497157479985194,0.044741085809716086
1428,47.59025138883118,21.680003410467535,42.83122624994806,33.841956543168834,22.73756455244156,32.2556148302078,27.49658969132468,52.349276527714295,13.219514274675326,39.65854282402598,69.27025479929871,21.680003410467535,5.816586280857144,43.88878739192209,27.49658969132468,70.85659651225976,56.050740524623386,5.816586280857144,33.313175972181824,65.0400102314026,0.04364148995608833,0.043541592091858976,0.04259542044495707,0.043779705105639485,0.04203381175337748,0.04270286925496575,0.04151584341926828,0.04278624550907868,0.043424534121883046,0.04255124110149493,0.042646676254374884
1429,46.57365621753981,21.699089828626505,43.92742575063414,33.34250388301146,23.286828108769907,32.81325778963032,27.520796855818983,51.33687105797002,13.231152334528357,40.22270309696621,68.80199213954745,21.699089828626505,5.821707027192477,43.39817965725301,27.520796855818983,70.38973041969085,56.10008589840023,5.821707027192477,32.81325778963032,66.68500776602292,0.04349210644261695,0.043517511596384686,0.042639649410750005,0.043762448107143546,0.0419554287888116,0.042456210600406934,0.04142257771321121,0.042572082531388,0.043687661417922796,0.04254832466092824,0.04269990534930177
1430,46.58990714024231,21.70666128124926,43.94275332545582,33.35413806630984,23.294953570121155,32.82470730335254,27.53039967377955,51.354784006858004,13.235769073932476,40.236737984754726,69.35542994740617,21.70666128124926,5.823738392530289,43.41332256249852,28.059830436736846,70.41429147332077,56.11966087347369,5.823738392530289,32.82470730335254,66.17884536966237,0.043502535851801506,0.04351533254277466,0.04256081239815815,0.043758970517011476,0.04191340981044065,0.042508915613816,0.04150030144683421,0.04261969532810116,0.04347294896402565,0.04263692944737167,0.042579385122365906
1431,46.48003652506903,22.183653796055676,43.83912535887193,35.91639186028062,23.240018262534516,32.21911622760467,26.409111661971043,49.64912992450556,12.14819136450668,39.613667492956566,71.30460148732182,21.655471562816253,6.866369032112471,42.254578659153665,26.937293895210463,70.24823702084296,54.930952256899765,5.810004565633629,33.80366292732293,64.96641468844876,0.04346424405281713,0.04384789406716969,0.04282941856513702,0.04402853836246382,0.0419970799226139,0.042476181252766074,0.04193060566355015,0.04275802523173546,0.04336590208885083,0.04283328652634005,0.04228659102713504
1432,36.28625864350905,17.354297612113022,42.07102451421339,25.768502514955703,19.457848837823693,31.027380579232375,19.983736644251362,45.226351352779396,7.362429289987343,38.91569767564739,48.3816781913454,25.768502514955703,10.517756128553348,34.18270741779838,23.139063482817367,57.847658707043415,43.64868793349639,4.732990257849006,32.60504399851538,48.3816781913454,0.0428077520367932,0.04356922936648771,0.043110883558721835,0.04479782752009491,0.04270269363917878,0.04219508670411446,0.04363333523938818,0.043232169320517475,0.042866258333702396,0.04284721404543544,0.042349743807898285
1433,37.68757234446414,18.84378617223207,41.87508038273793,26.171925239211205,19.367224677016292,30.359433277485,20.937540191368964,44.492272906659046,7.328139066979138,40.82820337316948,47.632903935364396,23.554732715290086,9.945331590900258,33.500064306190346,21.460978696153187,58.625112535833104,42.921957392306375,4.710946543058017,32.4531872966219,47.10946543058017,0.04293887841819227,0.043479224461479865,0.04399066638124553,0.045203345732542186,0.04310229692892762,0.04277043749703797,0.04380329883862769,0.04300963087911139,0.04343106944803153,0.04267550862556171,0.042157138005018094
1434,48.20284404331592,21.18806331574326,43.43552979727369,33.371199722295636,22.777168064424007,32.841498139402056,27.54448231046624,52.97015828935815,12.183136406552375,39.727618717018615,69.39090735905918,21.717764898636844,5.826717411829397,43.43552979727369,27.54448231046624,69.92060894195276,56.678069369613226,5.826717411829397,33.900901305189215,65.15329469591053,0.04355337083045246,0.043322276455224865,0.04232456685258762,0.04368618445444,0.0420647173919747,0.04273017636473894,0.04136985654487693,0.04278218455258062,0.04332693756444227,0.042510644133759025,0.04262750196134112
1435,46.60383178821371,21.713148901326843,43.95588680024702,33.364106848380274,23.301915894106855,32.83451785078694,27.538627874853557,51.37013276655375,13.239724939833442,39.719174819500324,68.8465696871339,21.713148901326843,5.825478973526714,43.426297802653686,28.068216872446897,70.4353366799139,56.66602274248713,5.825478973526714,32.83451785078694,66.72821369676055,0.04349398005737083,0.04348938364091681,0.04255450150619099,0.04374207416158756,0.041892591004958304,0.042501328093766784,0.04149468632602233,0.0426289826019263,0.04343838280109438,0.04261395866884271,0.04256113354398534
1436,41.707305642163305,22.99248900785926,45.98497801571852,26.73545233472007,18.180107587609648,34.221378988441685,20.853652821081653,32.617251848358485,9.624762840499224,40.6378875487745,65.23450369671697,16.575980447526444,10.159471887193625,27.270161381414468,21.923070914470458,49.193232295884926,62.56095846324496,4.277672373555211,26.73545233472007,42.77672373555211,0.04411252602200742,0.042696777978427275,0.041417076228687295,0.04142615399946588,0.0429145773718174,0.04305420541587244,0.04034862099942696,0.04211363729419708,0.043177396661743465,0.04133760428125538,0.042692377052698134
1437,46.59138149589287,21.707348196950086,43.94414391089896,33.355193570923305,23.295690747946434,32.825746053924526,27.531270883936696,51.356409148881916,13.236187924969565,40.238011291907476,68.82817720984174,21.707348196950086,5.8239226869866085,43.41469639390017,28.060718400935478,70.41651976083809,56.121436801870956,5.8239226869866085,32.825746053924526,66.71038714184661,0.043508287278460324,0.04350317256650874,0.04256310329047954,0.043758698418179164,0.04192303125303942,0.04249891220986719,0.04149184649680168,0.04261983018179354,0.04347199582790542,0.04262848916933058,0.042585116308851687
1438,46.59138149589287,21.707348196950086,43.94414391089896,33.355193570923305,23.295690747946434,32.825746053924526,27.531270883936696,51.356409148881916,13.236187924969565,40.238011291907476,68.82817720984174,21.707348196950086,5.8239226869866085,43.41469639390017,28.060718400935478,70.41651976083809,56.121436801870956,5.8239226869866085,32.825746053924526,66.71038714184661,0.043508287278460324,0.04350317256650874,0.04256310329047954,0.043758698418179164,0.04192303125303942,0.04249891220986719,0.04149184649680168,0.04261983018179354,0.04347199582790542,0.04262848916933058,0.042585116308851687
1439,45.38790950392241,22.166188362380712,42.74907755601995,35.88811449147354,23.2217211415417,32.72151615399058,26.38831947902466,49.61004062056636,11.61086057077085,39.58247921853699,71.24846259336658,22.166188362380712,6.860963064546411,42.22131116643945,26.91608586860515,70.72069620378608,55.41547090595178,5.805430285385425,33.77704893315156,64.91526591840066,0.04346282034876375,0.04389946971962197,0.0428484042070214,0.04404491292616937,0.042040839267465116,0.04253814514838894,0.04201027635849094,0.042738624025527,0.043486508478792006,0.04277812529160516,0.042385484647661224
1440,46.62808873523523,21.724450433461868,43.97876551164232,34.441201906707846,23.314044367617615,32.851607972552095,27.023096880647692,50.86700589298389,13.246616117964555,40.26971299861225,68.88240381341569,21.19458578874329,5.828511091904404,43.448900866923736,28.082826170084857,70.47199774757144,56.69551698488829,5.828511091904404,32.851607972552095,66.76294523454136,0.04350736632285279,0.04342336068401481,0.042473030548776054,0.043720236233772566,0.04184181224459745,0.042450212233539834,0.04156224190454952,0.04255609603971825,0.04349920238890638,0.04248678308173103,0.042615013598959285
1441,46.628068532311104,21.724441020735856,43.97874645661161,33.91132256895353,23.314034266155552,32.851593738673735,27.552949587274743,50.8669838534303,13.246610378497472,40.26969555063231,68.88237396818685,21.194576605595955,5.828508566538888,43.44888204147171,28.082814002414644,70.47196721360656,56.695492419969185,5.828508566538888,32.851593738673735,66.76291630762726,0.04351507665775223,0.04342046726144787,0.042477975277712195,0.04372097803475127,0.04184315978369916,0.04244363454957366,0.04155187379010316,0.04255651428620923,0.04350244614619213,0.042487699320975056,0.04261575975168514
1442,45.790008281723225,23.415345144063014,40.066257246507824,34.34250621129242,21.854322134458812,36.94421122729942,23.935686147264413,47.871372294528825,10.406820064028006,37.98489323370222,62.44092038416804,26.537391163271415,10.927161067229406,36.94421122729942,32.261142198486816,69.72569442898764,47.871372294528825,5.203410032014003,39.54591624330642,49.952736307334426,0.04485062167116031,0.04588668918333206,0.04123245814763748,0.04279671754560629,0.04414208102137767,0.04347673683798428,0.04211711212493472,0.04193122759926905,0.04417343568706613,0.04502630667033222,0.044025610309899516
1443,45.790008281723225,23.415345144063014,40.066257246507824,34.34250621129242,21.854322134458812,36.94421122729942,23.935686147264413,47.871372294528825,10.406820064028006,37.98489323370222,62.44092038416804,26.537391163271415,10.927161067229406,36.94421122729942,32.261142198486816,69.72569442898764,47.871372294528825,5.203410032014003,39.54591624330642,49.952736307334426,0.04485062167116031,0.04588668918333206,0.04123245814763748,0.04279671754560629,0.04414208102137767,0.04347673683798428,0.04211711212493472,0.04193122759926905,0.04417343568706613,0.04502630667033222,0.044025610309899516
1444,45.82740073358112,23.43446628421762,40.61974155931054,34.37055055018584,21.872168531936445,36.974380137321134,23.955232201644677,47.91046440328935,10.415318348541165,38.015911972175246,62.491910091246986,26.03829587135291,10.936084265968223,36.974380137321134,32.28748688047761,69.7826329352258,47.91046440328935,5.2076591742705824,39.57820972445642,49.993528072997584,0.044863479387622085,0.04584677905078165,0.04116330203323193,0.04271423813868078,0.044126857253196414,0.04345906331125523,0.042073174130843764,0.04191041166109566,0.04411853459963271,0.04501341294734153,0.04394483005926007
1445,44.81729205692113,22.929777331448022,40.127110330034036,34.394665997172034,21.88751472547311,37.00032251210931,23.97203993742293,47.94407987484586,10.422626059749101,38.04258511808422,62.5357563584946,26.577696452360208,10.943757362736555,37.00032251210931,32.31014078522221,70.87385720629388,47.94407987484586,5.2113130298745505,40.127110330034036,50.028605086795686,0.04483640948511742,0.0456798547503443,0.04125553463100446,0.042783776733234594,0.043962103136554506,0.043357338715964734,0.04210961528364906,0.04185869003061281,0.04413597037777927,0.044953573381570716,0.04393583048671308
1446,44.24577882567357,23.424235848886006,40.08147023031606,34.35554591169948,21.86262012562694,36.958238783797924,23.944774423305695,47.88954884661139,10.410771488393781,38.51985450705699,62.464628930362686,26.547467295404143,10.93131006281347,36.958238783797924,32.273391614020724,71.3137846954974,47.3690102721917,5.2053857441968905,39.56093165589637,49.97170314429015,0.044838536343516165,0.04592118559124088,0.04131976343851354,0.04275942849089968,0.044079021416447095,0.043498166528964696,0.042102547772578894,0.04183498581666199,0.04419553926968717,0.04495422559802015,0.0439580253137808
1447,46.57815624302589,21.701186431409788,43.93167009285396,33.34572549216626,23.289078121512944,32.81642826213187,27.523455961788024,51.34183131333535,13.232430750859626,40.226589482613264,68.27934267443567,21.701186431409788,5.822269530378236,43.93167009285396,28.052753191822408,70.39653159457322,56.105506383644816,5.822269530378236,32.81642826213187,66.69145098433252,0.04350491878027527,0.043524630462010584,0.04256014345409102,0.04375198955139298,0.041919002477322304,0.04252040542798129,0.04151959865610978,0.04264858960494578,0.043509694637277815,0.04264335819557944,0.04260043871862868
1448,46.57815624302589,21.701186431409788,43.93167009285396,33.34572549216626,23.289078121512944,32.81642826213187,27.523455961788024,51.34183131333535,13.232430750859626,40.226589482613264,68.27934267443567,21.701186431409788,5.822269530378236,43.93167009285396,28.052753191822408,70.39653159457322,56.105506383644816,5.822269530378236,32.81642826213187,66.69145098433252,0.04350491878027527,0.043524630462010584,0.04256014345409102,0.04375198955139298,0.041919002477322304,0.04252040542798129,0.04151959865610978,0.04264858960494578,0.043509694637277815,0.04264335819557944,0.04260043871862868
1449,46.59138149589287,21.707348196950086,43.94414391089896,33.355193570923305,23.295690747946434,32.825746053924526,27.531270883936696,51.356409148881916,13.236187924969565,40.238011291907476,68.82817720984174,21.707348196950086,5.8239226869866085,43.41469639390017,28.060718400935478,70.41651976083809,56.121436801870956,5.8239226869866085,32.825746053924526,66.71038714184661,0.043508287278460324,0.04350317256650874,0.04256310329047954,0.043758698418179164,0.04192303125303942,0.04249891220986719,0.04149184649680168,0.04261983018179354,0.04347199582790542,0.04262848916933058,0.042585116308851687
1450,46.59260729968847,21.707919310082126,43.94530006675162,33.88553258159161,23.296303649844234,32.82660968841687,27.002533775955815,51.35776031897478,13.236536164684223,40.239069940640036,68.82998805635796,21.707919310082126,5.824075912461058,43.41583862016425,28.061456669130553,70.41837239612006,56.12291333826111,5.824075912461058,32.82660968841687,66.71214227000848,0.04350348979310483,0.04350572383617748,0.04256346349582212,0.043744317749638204,0.04192505093011509,0.04250885069796975,0.04148402477023166,0.04262441336302469,0.04346939199834432,0.042628014750367614,0.04258181202783539
1451,46.61048814983737,21.716250160719685,43.9621649595057,33.36887219817903,23.305244074918686,32.83920756011269,27.542561179449354,51.37746989243438,13.241615951658344,39.72484785497503,69.38606758668972,21.716250160719685,5.826311018729672,42.902835683373034,28.07222581751569,70.44539686282239,56.14445163503138,5.826311018729672,32.83920756011269,66.20807975829172,0.04350694784120699,0.04357478135401896,0.042479871341213275,0.04378819003210669,0.04197484827567571,0.04247063834012244,0.04154754136633246,0.04264602703748075,0.04354490124173254,0.04246277378625915,0.04233884131751735
1452,46.04061293827079,21.697300350219567,43.92380314800547,33.86895664424518,23.28490769291856,32.81055174911251,27.51852727344921,51.3326374139341,13.230061189158272,39.69018356747482,69.32552063118935,21.697300350219567,5.82122692322964,43.394600700439135,27.51852727344921,70.38392552632202,56.09545944203108,5.82122692322964,32.81055174911251,67.20871084092403,0.04352721533043822,0.043592475815195264,0.04251693292162381,0.04374719789350918,0.041883560937689406,0.04254043538738378,0.041551587995386156,0.042656941256976624,0.043493867202294034,0.042663404279915024,0.0426239334132576
1453,45.91747552805148,22.16705715147313,43.27854015287611,35.88952110238507,23.222631301543277,32.72279865217462,26.389353751753728,49.611985053297005,11.611315650771639,39.58403062763059,71.25125512973506,22.16705715147313,6.8612319754559685,42.22296600280596,26.9171408267888,70.72346805469999,54.88985580364775,5.805657825385819,33.77837280224477,64.91781022931417,0.04346072407379355,0.043893230397406,0.04280514581744241,0.044092669351865565,0.04201570375588248,0.04253880490521216,0.041975885591031076,0.042853466265242716,0.04340475241473551,0.042858544554903844,0.04231399783741019
1454,48.18481250259886,21.180137363779718,43.41928159574842,33.358716347953056,22.768647666063195,32.29970947976407,27.534178572913632,52.4208399753548,12.70808241826783,39.71275755708697,69.36494986637858,21.70964079787421,5.824537775039422,43.41928159574842,27.534178572913632,69.89445330047306,56.12736401401625,5.824537775039422,33.88821978204755,65.12892239362263,0.043506392999491814,0.0433664396683974,0.0422675744307919,0.043572485940683595,0.04205693131721503,0.04284059008512053,0.04153766514523117,0.04280780728782482,0.04325178207315254,0.04254580824021652,0.04274308871738179
1455,45.85714094627387,22.928570473136936,40.12499832798964,34.3928557097054,21.886362724357983,36.99837508165278,23.97077822191589,47.94155644383178,10.943181362178992,38.04058283043174,62.5324649267371,26.576297593863266,10.943181362178992,36.99837508165278,32.3084402121475,69.82791916818977,47.94155644383178,5.2110387438947585,39.60389445360016,50.02597194138968,0.044810218902101275,0.045729267044193674,0.04125294708801407,0.04281451917800507,0.044028891677743195,0.0433438782337681,0.04206181629556819,0.041825135203439466,0.04409884466972183,0.04491375134319861,0.04401685597477086
1456,46.57577852641965,21.70007863162734,43.92942747378217,33.34402326323225,23.287889263209824,32.81475305270475,27.522050947429793,51.33921042116712,13.2317552631874,40.2245360000897,68.27585715804699,21.70007863162734,5.821972315802456,43.92942747378217,28.05132115795729,70.39293800015697,56.10264231591458,5.821972315802456,32.81475305270475,66.6880465264645,0.043519742711295474,0.043524162254949574,0.0425809212098855,0.043789921139227334,0.04192795310943929,0.04252978847742121,0.04147185713940252,0.04262555017952271,0.043489927663358276,0.0426547327420861,0.04261523284591605
1457,46.59138149589287,21.707348196950086,43.94414391089896,33.355193570923305,23.295690747946434,32.825746053924526,27.531270883936696,51.356409148881916,13.236187924969565,40.238011291907476,68.82817720984174,21.707348196950086,5.8239226869866085,43.41469639390017,28.060718400935478,70.41651976083809,56.121436801870956,5.8239226869866085,32.825746053924526,66.71038714184661,0.043508287278460324,0.04350317256650874,0.04256310329047954,0.043758698418179164,0.04192303125303942,0.04249891220986719,0.04149184649680168,0.04261983018179354,0.04347199582790542,0.04262848916933058,0.042585116308851687
1458,47.08646692589018,21.6915184714775,45.49928264748939,33.85993127255024,23.278702749878292,32.801808420283045,27.511194158947074,50.78989690882536,12.69747422720634,40.737729812287014,68.77798539736769,21.6915184714775,6.34873711360317,43.383036942955,28.04025558508067,69.30704682350128,55.02238831789415,5.819675687469573,32.801808420283045,66.1326782666997,0.04346925714814337,0.043582468017310375,0.04266414761063395,0.043557169551314716,0.041947689439456405,0.042548446949100045,0.04164981501642845,0.04285187646008055,0.043523402222122524,0.04249618901400999,0.04264811243780209
1459,46.909264786265574,22.66402680684741,43.74684244112407,33.73250501484266,23.191097197704327,31.62422345141499,27.407660324559657,51.65289830397782,13.176759771422914,40.05734970512565,68.51915081139914,21.609886025133576,5.797774299426082,43.74684244112407,27.934730715416574,68.51915081139914,55.342391039976235,5.797774299426082,32.678364233128825,66.41086924797148,0.043928441396967326,0.04370854155495587,0.04269094940038796,0.0438770016112564,0.042113160738655,0.042877070487365304,0.0416975575532571,0.04266417168985619,0.043667357829309986,0.04287971927540706,0.042825637605665344
1460,47.04007881523973,23.784309513323457,46.51153860383254,35.412194164281594,23.25576930191627,30.126792050209716,26.4270105703594,50.21132008368286,10.04226401673657,41.22613648976066,73.99562959700631,20.61306824488033,6.871022748293443,38.58343543272472,26.955550781766586,68.71022748293443,55.496722197754735,5.813942325479068,34.355113741467214,63.95336558026975,0.04351155340485292,0.04364609634967186,0.042433249365153976,0.04383484260511623,0.041985219480174904,0.04310269582000288,0.041441981239214866,0.0427962376167012,0.04354790436895147,0.042505696250336074,0.042654312092635815
1461,36.27940180183073,18.402595116870657,43.1146514166684,23.660479435976562,19.45417198069184,31.021517482724825,20.50574884451302,44.166228280489584,8.412614910569443,40.48570925711545,49.42411259959548,23.13469100406597,9.464191774390624,33.12467121036718,22.60890257215538,56.25936221443315,45.74359357622135,4.732095887195312,33.12467121036718,47.846747303863715,0.04269417386452993,0.04392128298134875,0.0430329105800201,0.04481206024716952,0.0430159649850318,0.04242728184246416,0.042991906958811,0.043016058491643513,0.0440434665942303,0.04312106039361474,0.04113540115054602
1462,46.06983976134144,21.71107391051723,43.951686209095854,33.36091844786794,23.29968907470142,32.83138005980654,27.535996179192583,51.365223641955396,13.238459701534897,40.24491749266608,68.83999044798146,21.71107391051723,5.824922268675355,43.42214782103446,28.06553456725398,70.95814400022705,56.13106913450796,5.824922268675355,32.83138005980654,66.72183689573588,0.04350117646611894,0.043505740902020064,0.042583978898989856,0.04373970391584913,0.041897750622486206,0.04250135966436602,0.041484679732539685,0.0426028001370679,0.04343194056294208,0.042619777680892625,0.04259270335533171
1463,46.09667407397927,21.72371996589828,43.9772867602331,33.38035019150223,23.31326045120791,32.85050336306569,27.552035078700257,51.39514235834471,13.776017539350129,39.73851213274075,68.88008769675064,21.72371996589828,6.358161941238521,43.44743993179656,28.0818819071368,70.99947501049681,56.1637638142736,5.8283151128019774,32.320656534629144,66.76070038300446,0.04353008105072373,0.04349835869239443,0.042535482019600675,0.04375344942498867,0.041876596699201865,0.04248919910519238,0.0414225980516622,0.04265463840232015,0.04332877805779973,0.04254635339125517,0.04251763666831762
1464,46.59138149589287,21.707348196950086,43.94414391089896,33.355193570923305,23.295690747946434,32.825746053924526,27.531270883936696,51.356409148881916,13.236187924969565,40.238011291907476,68.82817720984174,21.707348196950086,5.8239226869866085,43.41469639390017,28.060718400935478,70.41651976083809,56.121436801870956,5.8239226869866085,32.825746053924526,66.71038714184661,0.043508287278460324,0.04350317256650874,0.04256310329047954,0.043758698418179164,0.04192303125303942,0.04249891220986719,0.04149184649680168,0.04261983018179354,0.04347199582790542,0.04262848916933058,0.042585116308851687
1465,46.59138149589287,21.707348196950086,43.94414391089896,33.355193570923305,23.295690747946434,32.825746053924526,27.531270883936696,51.356409148881916,13.236187924969565,40.238011291907476,68.82817720984174,21.707348196950086,5.8239226869866085,43.41469639390017,28.060718400935478,70.41651976083809,56.121436801870956,5.8239226869866085,32.825746053924526,66.71038714184661,0.043508287278460324,0.04350317256650874,0.04256310329047954,0.043758698418179164,0.04192303125303942,0.04249891220986719,0.04149184649680168,0.04261983018179354,0.04347199582790542,0.04262848916933058,0.042585116308851687
1466,46.593867031453634,21.708506230563625,43.946488222848316,33.35697298842703,23.296933515726817,32.82749722670597,27.53273960949533,51.35914888694321,13.2368940430266,40.76963365252193,69.36132478545939,21.708506230563625,5.824233378931704,42.88753669940618,28.062215371216393,69.89080054718045,56.124430742432786,5.824233378931704,32.82749722670597,66.71394597685406,0.04346372824514332,0.04359295761413768,0.04257878524936169,0.043729523071476754,0.04191154675150183,0.04252702492945069,0.041501365389650026,0.04268088448911774,0.04336667537104109,0.04253211329699321,0.042639633871061886
1467,36.28042045628315,18.403111825650875,43.11586199152491,23.661143775836837,19.454718215688068,30.496585311078594,20.50632460572526,43.641665186543506,8.938654315316139,41.01264921145052,49.42550033174806,23.13534058081824,9.464457510334736,33.12560128617157,22.609537385799644,56.26094186698982,45.21907477159929,4.732228755167368,33.12560128617157,48.37389394171087,0.04278339800274098,0.04399982291704701,0.04296283443397936,0.04471743002776754,0.04297379170662169,0.04244474138012759,0.043018713080863066,0.04288310306699807,0.04404629800784255,0.04318768211153101,0.04117899024588476
1468,46.593867031453634,21.708506230563625,43.946488222848316,33.35697298842703,23.296933515726817,32.82749722670597,27.53273960949533,51.35914888694321,13.2368940430266,40.76963365252193,69.36132478545939,21.708506230563625,5.824233378931704,42.88753669940618,28.062215371216393,69.89080054718045,56.124430742432786,5.824233378931704,32.82749722670597,66.71394597685406,0.04346372824514332,0.04359295761413768,0.04257878524936169,0.043729523071476754,0.04191154675150183,0.04252702492945069,0.041501365389650026,0.04268088448911774,0.04336667537104109,0.04253211329699321,0.042639633871061886
1469,46.06983976134144,21.71107391051723,43.951686209095854,33.36091844786794,23.29968907470142,32.83138005980654,27.535996179192583,51.365223641955396,13.238459701534897,40.24491749266608,68.83999044798146,21.71107391051723,5.824922268675355,43.42214782103446,28.06553456725398,70.95814400022705,56.13106913450796,5.824922268675355,32.83138005980654,66.72183689573588,0.04350117646611894,0.043505740902020064,0.042583978898989856,0.04373970391584913,0.041897750622486206,0.04250135966436602,0.041484679732539685,0.0426028001370679,0.04343194056294208,0.042619777680892625,0.04259270335533171
1470,46.59138149589287,21.707348196950086,43.94414391089896,33.355193570923305,23.295690747946434,32.825746053924526,27.531270883936696,51.356409148881916,13.236187924969565,40.238011291907476,68.82817720984174,21.707348196950086,5.8239226869866085,43.41469639390017,28.060718400935478,70.41651976083809,56.121436801870956,5.8239226869866085,32.825746053924526,66.71038714184661,0.043508287278460324,0.04350317256650874,0.04256310329047954,0.043758698418179164,0.04192303125303942,0.04249891220986719,0.04149184649680168,0.04261983018179354,0.04347199582790542,0.04262848916933058,0.042585116308851687
1471,46.59138149589287,21.707348196950086,43.94414391089896,33.355193570923305,23.295690747946434,32.825746053924526,27.531270883936696,51.356409148881916,13.236187924969565,40.238011291907476,68.82817720984174,21.707348196950086,5.8239226869866085,43.41469639390017,28.060718400935478,70.41651976083809,56.121436801870956,5.8239226869866085,32.825746053924526,66.71038714184661,0.043508287278460324,0.04350317256650874,0.04256310329047954,0.043758698418179164,0.04192303125303942,0.04249891220986719,0.04149184649680168,0.04261983018179354,0.04347199582790542,0.04262848916933058,0.042585116308851687
1472,46.61051056412697,21.716260603740974,43.96218610025612,33.36888824477272,23.305255282063484,32.83922335199855,27.54257442425685,51.377494599094504,13.771287212128424,40.25453185083693,68.85643606064211,21.716260603740974,5.826313820515871,43.43252120748195,28.072239317031016,70.44543073896463,56.14447863406203,5.826313820515871,32.30955845922438,66.73777648954544,0.043440162434150276,0.043448758367663314,0.04257560288269766,0.0437826072354661,0.04193526084449981,0.04244440230858743,0.04142323226940996,0.04264723154710427,0.04342866999568829,0.04263320638287409,0.04257597295768867
1473,46.05848605052001,21.705723311164604,43.940854507967366,33.352696795204146,23.293946968079087,32.82328890956599,27.529210053184375,51.35256490690162,13.235197140954027,40.23499930850024,69.3524330185991,21.705723311164604,5.823486742019772,43.41144662232921,26.999802167546214,71.47006456115174,56.11723587764507,5.823486742019772,32.82328890956599,66.70539359040829,0.04353544555042412,0.04348201394195801,0.042626010338268225,0.04378223916037778,0.041872499942768246,0.04246292124553202,0.04152606718255424,0.04260579996161037,0.043463231908566276,0.04259942924841175,0.04263645588136784
1474,46.57086951347479,21.697791477868936,43.92479738202736,33.34050885623763,23.285434756737395,32.81129442994815,27.519150167053287,51.33379935008016,13.230360657237156,40.74951082429044,68.79787541763321,21.697791477868936,5.821358689184349,43.39558295573787,28.04836459334277,70.38551869650168,55.56751476039606,5.821358689184349,32.81129442994815,66.68101771247527,0.04349135634074795,0.04352612133037628,0.04257104634204998,0.04378598492824361,0.04191073020077602,0.04249408656149217,0.04157661363771471,0.04263628455182826,0.043536930990515525,0.042624351651952865,0.04263206717481635
1475,36.81170119063407,18.405850595317034,43.122278537599904,23.664665051121897,19.457613486478007,31.027005289248713,20.50937637763898,43.64815998318039,8.414103129287787,40.49287130969747,49.43285588456575,23.138783605541413,9.46586602044876,33.13053107157066,22.612902159960925,56.26931467711207,45.75168576550234,4.73293301022438,33.13053107157066,47.85521154782428,0.042702681811406525,0.043950316226417104,0.04296142742407834,0.04477435882889366,0.04296587064177576,0.042443397744965,0.04299348868733596,0.04295432933035888,0.04405151322421261,0.04315767380076434,0.041163496699305045
1476,36.33100665968504,18.428771494043133,43.70251525730229,23.694134778055457,19.4818441508456,31.06564337567271,20.534916807648063,43.70251525730229,8.424581254419719,40.5432972868949,49.49441486971585,22.641062121252993,9.477653911222184,33.17178868927764,22.641062121252993,56.33938713893187,45.80866057090722,4.738826955611092,33.17178868927764,48.44134221291338,0.042637590566360135,0.04387158711126857,0.042949595809758614,0.044685944551540006,0.04302311346029973,0.042400266425846815,0.04289812152215229,0.0429077336914248,0.043947436747911545,0.04302541390861646,0.0411168678035888
1477,46.58362099013072,21.703732506765448,44.4661836723975,33.87899708373143,23.29181049506536,32.820278424864824,26.997325801098484,51.34785495503045,13.763342565265893,40.23130903693107,68.81671282632946,21.703732506765448,5.82295262376634,43.407465013530896,27.526685130531785,69.87543148519607,56.11208891993018,5.82295262376634,32.820278424864824,66.69927550859626,0.04355337930024009,0.04349043112553516,0.042608834373532356,0.04373587547030895,0.041963091929879424,0.0425650599841515,0.041455131928481256,0.04262458449604603,0.04343748853662348,0.04263630986097669,0.04257048356092149
1478,46.59138149589287,21.707348196950086,43.94414391089896,33.355193570923305,23.295690747946434,32.825746053924526,27.531270883936696,51.356409148881916,13.236187924969565,40.238011291907476,68.82817720984174,21.707348196950086,5.8239226869866085,43.41469639390017,28.060718400935478,70.41651976083809,56.121436801870956,5.8239226869866085,32.825746053924526,66.71038714184661,0.043508287278460324,0.04350317256650874,0.04256310329047954,0.043758698418179164,0.04192303125303942,0.04249891220986719,0.04149184649680168,0.04261983018179354,0.04347199582790542,0.04262848916933058,0.042585116308851687
1479,46.568790978364355,21.69682306946521,43.922836945502745,33.3390208140563,23.284395489182177,32.809830007483974,27.517921941760754,51.33150823751525,12.700579357735734,40.21850129949649,68.79480485440189,21.69682306946521,5.821098872295544,43.39364613893042,28.047112748333078,70.38237727411885,56.094225496666155,5.821098872295544,33.3390208140563,66.6780416281126,0.043536595854667334,0.04349657469369465,0.04256676049694844,0.04379233027906063,0.04192666626343894,0.042545119618482785,0.041530014391007904,0.04265481658087547,0.04352746507963567,0.0426144821507274,0.04261836801913865
1480,46.06983976134144,21.71107391051723,43.951686209095854,33.36091844786794,23.29968907470142,32.83138005980654,27.535996179192583,51.365223641955396,13.238459701534897,40.24491749266608,68.83999044798146,21.71107391051723,5.824922268675355,43.42214782103446,28.06553456725398,70.95814400022705,56.13106913450796,5.824922268675355,32.83138005980654,66.72183689573588,0.04350117646611894,0.043505740902020064,0.042583978898989856,0.04373970391584913,0.041897750622486206,0.04250135966436602,0.041484679732539685,0.0426028001370679,0.04343194056294208,0.042619777680892625,0.04259270335533171
1481,46.58244761710598,21.703185821606194,43.93571763886132,33.34879772588269,23.29122380855299,32.81945173023376,27.52599177374444,51.34656157794636,13.233649891223289,40.2302956693188,68.8149794343611,21.703185821606194,6.352151947787179,43.40637164321239,28.055337769393372,70.4030174213079,55.58132954313781,5.822805952138247,32.81945173023376,66.69759545176538,0.04350969335644518,0.04352291764550141,0.04256899852059597,0.043788280172613964,0.04190085584322521,0.04252019163688011,0.04149798791355002,0.04264415166145788,0.04348371764677474,0.042655113443252186,0.04256209651077179
1482,45.24723902469436,23.40374432311777,40.04640695289041,34.325491673906065,21.843494701576585,36.92590770980804,23.923827530298166,48.36773826777672,10.401664143607897,38.486157331349226,61.88990165446699,26.52424356620014,10.921747350788293,37.445990916988436,32.245158845184484,69.69114976217291,47.84765506059633,5.200832071803949,39.52632374571001,49.40790468213751,0.04484357323424306,0.045943331600084965,0.04129006816631461,0.042806676577674764,0.044147828040985264,0.043516284904594395,0.04212686693681184,0.041961310376631214,0.044221496625043905,0.04502491280314313,0.04403444355407818
1483,46.58146341649831,21.7027272735958,44.46412417029384,33.34809312772038,23.290731708249155,32.818758316169266,27.52541020065809,51.345476720458365,13.762705100329045,40.229445677884904,68.81352550164523,21.7027272735958,5.822682927062289,43.4054545471916,27.52541020065809,69.87219512474746,56.10949002441842,5.822682927062289,32.818758316169266,66.69618625544076,0.04354763946986332,0.04349580015072678,0.042612459368684,0.043734779453158436,0.04196514165399732,0.042561616855453295,0.04146877389868076,0.04261852125753142,0.04344494184041914,0.04264542080057894,0.042570093699789445
1484,46.61336812001932,21.187894600008782,43.96488129501822,33.90063136001405,23.30668406000966,32.84123663001361,27.014565615011197,51.38064440502129,13.242434125005488,40.25699974001668,68.33096008502832,21.717591965009,5.826671015002415,43.435183930018,28.603657710011856,70.44974954502919,56.14792069002327,6.3563683800026345,32.84123663001361,66.74186799002766,0.04341332795418915,0.04343927645212643,0.04261540618797319,0.04384543378583453,0.04217440989049365,0.042415444580391946,0.04125768048467882,0.04252575960194087,0.04348458827557776,0.04269027089099334,0.042441036895580854
1485,46.56854761656599,21.696709684990974,43.92260741107929,33.33884658913247,23.284273808282997,32.80965854803513,27.517778137061725,51.331239986442064,12.70051298633618,40.218291123397904,69.32363338375166,21.696709684990974,5.821068452070749,42.86423132888461,28.046966178159064,70.38200946594634,55.56474431522079,5.821068452070749,33.33884658913247,66.67769317826495,0.043520379283050324,0.04353853619623475,0.042507916203756324,0.04375794935776807,0.04196639716063052,0.04243397679114284,0.04150944157426236,0.04269123371928232,0.04349669266202484,0.04270908363738426,0.0426803523171224
1486,40.04701180152705,18.154645350025596,36.84325085740488,29.901768811806864,20.290485979440373,28.833848497099474,24.562167238269925,41.114932116234435,9.611282832366491,34.70741022799011,65.67709935450436,18.154645350025596,4.271681258829552,37.37721101475858,22.960286766208842,63.541258725089584,49.12433447653985,4.271681258829552,26.164047710331005,59.26957746626003,0.043468758982257126,0.0433005599862038,0.041906474125761296,0.0433179836165775,0.04173123214812776,0.04178183545637616,0.04083900320859411,0.04265726662088426,0.043321054105882426,0.04204346638402698,0.041672208011614614
1487,46.58420219870413,21.704003297123517,43.937372528323216,33.350053846799554,22.762735165275885,32.820687912723365,27.527028571961534,51.348495605389786,13.234148351904583,40.231810989789935,69.34693736398002,21.704003297123517,5.823025274838017,43.408006594247034,28.056394506037716,70.40566923213238,56.11278901207543,5.823025274838017,32.820687912723365,66.70010769359911,0.04352908094651308,0.04347223403630642,0.04261520535555157,0.04373046069865805,0.041955099329188304,0.04249906530489605,0.04151565309348961,0.042592500269665316,0.04354108366150283,0.042647047630913225,0.04253663559713225
1488,46.59678112119374,21.709863931465264,43.949236739307736,33.3590592117637,23.29839056059687,32.8295503353865,27.534461571614482,51.36236100858856,13.23772190943004,40.77218348104452,69.36566280541341,21.709863931465264,5.824597640149218,42.89021898655333,28.063970447991686,70.42468055816781,55.59843201960617,5.824597640149218,32.8295503353865,66.7181184235274,0.04355792933547098,0.04349583730625235,0.04249851260056041,0.04374064230374143,0.04188075308583783,0.04256304236952667,0.041464818474456565,0.04263424747843671,0.043495035651653684,0.042603705700196934,0.042556599316664855
1489,45.90414510333481,22.160621774023703,43.265975844522465,36.40673577161037,23.21588947754864,32.713298809273084,25.854058736360987,49.59758206567209,11.60794473877432,39.572538882185185,71.23056998793332,22.160621774023703,6.859240072912098,42.210708140997525,26.909326439885923,70.17530228440839,54.87392058329679,5.80397236938716,33.768566512798024,64.8989637667837,0.043510168380752404,0.043841585791100326,0.042915552233523224,0.04426600218013142,0.041893214664271455,0.042355491900877736,0.04204783302710562,0.04281707425915866,0.04350129564448901,0.04289568194703312,0.042322248209087886
1490,40.04701180152705,18.154645350025596,36.84325085740488,29.901768811806864,20.290485979440373,28.833848497099474,24.562167238269925,41.114932116234435,9.611282832366491,34.70741022799011,65.67709935450436,18.154645350025596,4.271681258829552,37.37721101475858,22.960286766208842,63.541258725089584,49.12433447653985,4.271681258829552,26.164047710331005,59.26957746626003,0.043468758982257126,0.0433005599862038,0.041906474125761296,0.0433179836165775,0.04173123214812776,0.04178183545637616,0.04083900320859411,0.04265726662088426,0.043321054105882426,0.04204346638402698,0.041672208011614614
1491,46.567752027626284,21.696339012871338,43.92185702605661,33.338277019777905,23.283876013813142,32.809098019463974,27.517308016324623,51.3303630304517,13.229475007848375,40.21760402385906,68.26409104049762,21.696339012871338,6.35014800376722,43.92185702605661,28.046487016638558,70.38080704175336,55.56379503296318,5.8209690034532855,32.809098019463974,66.67655403955581,0.04355929021349028,0.04351024710568733,0.042552873149977105,0.0437867172343958,0.04196480031389019,0.04252653694278989,0.041546015913101524,0.04265306887503669,0.043483919206896864,0.04260355587460012,0.04263397485619921
1492,46.06983976134144,21.71107391051723,43.951686209095854,33.36091844786794,23.29968907470142,32.83138005980654,27.535996179192583,51.365223641955396,13.238459701534897,40.24491749266608,68.83999044798146,21.71107391051723,5.824922268675355,43.42214782103446,28.06553456725398,70.95814400022705,56.13106913450796,5.824922268675355,32.83138005980654,66.72183689573588,0.04350117646611894,0.043505740902020064,0.042583978898989856,0.04373970391584913,0.041897750622486206,0.04250135966436602,0.041484679732539685,0.0426028001370679,0.04343194056294208,0.042619777680892625,0.04259270335533171
1493,46.59138149589287,21.707348196950086,43.94414391089896,33.355193570923305,23.295690747946434,32.825746053924526,27.531270883936696,51.356409148881916,13.236187924969565,40.238011291907476,68.82817720984174,21.707348196950086,5.8239226869866085,43.41469639390017,28.060718400935478,70.41651976083809,56.121436801870956,5.8239226869866085,32.825746053924526,66.71038714184661,0.043508287278460324,0.04350317256650874,0.04256310329047954,0.043758698418179164,0.04192303125303942,0.04249891220986719,0.04149184649680168,0.04261983018179354,0.04347199582790542,0.04262848916933058,0.042585116308851687
1494,46.58146341649831,21.7027272735958,44.46412417029384,33.34809312772038,23.290731708249155,32.818758316169266,27.52541020065809,51.345476720458365,13.762705100329045,40.229445677884904,68.81352550164523,21.7027272735958,5.822682927062289,43.4054545471916,27.52541020065809,69.87219512474746,56.10949002441842,5.822682927062289,32.818758316169266,66.69618625544076,0.04354763946986332,0.04349580015072678,0.042612459368684,0.043734779453158436,0.04196514165399732,0.042561616855453295,0.04146877389868076,0.04261852125753142,0.04344494184041914,0.04264542080057894,0.042570093699789445
1495,46.57303861199937,21.698802080590617,43.926843236317595,33.34206173359046,23.286519305999686,33.34206173359046,27.52043190709054,51.33619028822658,13.230976878408914,40.75140878549945,68.27184069258999,21.698802080590617,5.821629826499922,43.397604161181235,28.049670982226896,70.38879699313541,55.57010288931743,5.821629826499922,32.8128226584541,66.68412346718092,0.043518458635437504,0.043480780510346116,0.04241918847965804,0.04374644777934616,0.041903786674226284,0.042579326574835194,0.04156964164776984,0.042678864485588934,0.043608448276099526,0.04264086572106575,0.042615116079270196
1496,46.57845324195789,21.7013248059122,43.931950216846644,32.816637511379426,23.289226620978944,32.816637511379426,27.523631461156935,51.871459292180376,13.232515125556219,40.75614658671316,68.2797780478701,21.7013248059122,5.822306655244736,43.4026496118244,28.052932066179185,69.86767986293684,56.10586413235837,5.822306655244736,32.816637511379426,66.69187623280334,0.043454730618231255,0.043565867262102896,0.042656068564706134,0.04372822055396217,0.04188345891572114,0.04264494134924806,0.0414698683829759,0.04268214594294435,0.043358216697726756,0.04237073895486176,0.042885137735270806
1497,46.587275414774126,21.705435136428854,43.94027112984378,32.82285313313631,23.293637707387063,32.82285313313631,27.52884456327562,51.35188312764875,13.76442228163781,40.23446513094129,68.82211140818904,21.705435136428854,5.823409426846766,43.94027112984378,28.058245420261688,69.88091312216119,56.116490840523376,5.823409426846766,32.82285313313631,66.70450798024477,0.043545488985481634,0.04346852402709815,0.04257483182714326,0.04365577538936674,0.04194336727004308,0.042479001944423916,0.04153666404308595,0.042693499581720765,0.04349902393115548,0.04263249453330743,0.04257047148110405
1498,46.06651440016048,21.709506786282525,43.94851373808414,33.35851042770241,23.298007282839784,32.82901026218333,27.53400860699247,51.36151605535134,13.23750413797715,40.77151274496962,68.30552135196208,21.709506786282525,5.824501820709946,43.41901357256505,28.063508772511558,70.95302217955752,56.127017545023115,5.824501820709946,32.82901026218333,66.71702085540483,0.043505594928281766,0.043507371018968455,0.04258950667920575,0.043740420234706284,0.04190635528727202,0.042506351792272815,0.04149100192949261,0.042599163901785905,0.043435457644054265,0.04262288272818968,0.042595728336684464
1499,46.06983976134144,21.71107391051723,43.951686209095854,33.36091844786794,23.29968907470142,32.83138005980654,27.535996179192583,51.365223641955396,13.238459701534897,40.24491749266608,68.83999044798146,21.71107391051723,5.824922268675355,43.42214782103446,28.06553456725398,70.95814400022705,56.13106913450796,5.824922268675355,32.83138005980654,66.72183689573588,0.04350117646611894,0.043505740902020064,0.042583978898989856,0.04373970391584913,0.041897750622486206,0.04250135966436602,0.041484679732539685,0.0426028001370679,0.04343194056294208,0.042619777680892625,0.04259270335533171
1500,46.57879630893001,21.701484643933302,43.93227379137717,33.3461837211658,23.289398154465005,32.816879217655234,27.523834182549553,51.34253684052513,13.232612587764208,40.75644677031376,69.33888995988445,21.701484643933302,5.822349538616251,43.402969287866604,27.523834182549553,70.39749896690559,56.10627737212024,5.822349538616251,32.816879217655234,66.16306293882104,0.04346980180953229,0.043558930348675154,0.042563594658524974,0.043762007949095225,0.04195003380513277,0.04253495711344029,0.04146182988427063,0.04266699311374767,0.043507522804027775,0.04263768611990592,0.04258213888307913
1501,48.844563138751475,21.767685746617506,45.12812898688995,32.38606903765044,23.360443240272446,32.91698820220208,28.13871572123726,53.09191645516464,14.334817442894455,38.22617984771855,69.55041055626569,21.236766582065858,6.371029974619757,43.004452328683364,28.13871572123726,67.95765306261075,57.870188936129466,5.840110810068111,32.38606903765044,65.30305723985252,0.04386902813542279,0.04303388492804921,0.04246077623490925,0.04338572525405256,0.041747824543065006,0.0425099054963792,0.041264234488791164,0.0427178107783321,0.04317963906012036,0.042419766070480903,0.04249224045875101
1502,46.62224033999501,21.72172561295222,44.503047597267965,33.90708388363274,23.311120169997505,32.84748751226921,27.549505655451597,50.8606258254491,13.244954642044037,40.26466211181387,68.87376413862899,21.19192742727046,5.827780042499376,42.91365304022268,28.07930384113336,70.46315869567428,56.15860768226672,5.827780042499376,32.84748751226921,67.2843695815837,0.04340070316420158,0.04350105771045467,0.04259731161182816,0.04384044477453208,0.04185478398095183,0.042457013551182934,0.04146082520677815,0.04266612551661487,0.04335623154757473,0.04250848781064254,0.04255882944347698
1503,46.597685576245325,21.710285325296116,43.42057065059223,33.35970671935745,23.298842788122663,32.830187565081935,27.534996022326784,51.36335796472496,13.237978856887876,40.243455724939146,68.83749005581696,21.710285325296116,5.824710697030666,43.42057065059223,27.534996022326784,70.4260475186435,57.18806866175563,5.824710697030666,32.830187565081935,66.7194134387149,0.043505206015187085,0.043502686728257335,0.0425402815095217,0.043731440510581504,0.04192795449153476,0.04249483507321878,0.04148509725131373,0.04264483446667171,0.043454770398370195,0.042632308302080237,0.04256143097774785
1504,46.54726274839966,21.686792871413477,44.431478078017854,33.32360855851339,23.27363137419983,32.79466239091794,27.505200714963433,51.307778256758716,13.223654189886267,40.7288549048497,69.29194795500403,21.686792871413477,5.8184078435499575,43.902531910422404,27.505200714963433,69.82089412259948,55.010401429926866,5.8184078435499575,32.79466239091794,66.64721711702678,0.04359743472470999,0.04362670137035914,0.04252413088992646,0.04371079741983024,0.04190029902411034,0.04242837461040478,0.04160934516018382,0.04274603109552473,0.043509960095359644,0.04263590331673121,0.04276485469740898
1505,46.57879630893001,21.701484643933302,43.93227379137717,33.3461837211658,23.289398154465005,32.816879217655234,27.523834182549553,51.34253684052513,13.232612587764208,40.75644677031376,69.33888995988445,21.701484643933302,5.822349538616251,43.402969287866604,27.523834182549553,70.39749896690559,56.10627737212024,5.822349538616251,32.816879217655234,66.16306293882104,0.04346980180953229,0.043558930348675154,0.042563594658524974,0.043762007949095225,0.04195003380513277,0.04253495711344029,0.04146182988427063,0.04266699311374767,0.043507522804027775,0.04263768611990592,0.04258213888307913
1506,46.60031387536253,21.711509873748454,43.95256876880784,33.36158834258909,23.300156937681265,32.832039321278145,27.53654910816877,51.36625506716097,13.238725532773447,39.71617659832034,69.37092179173287,21.711509873748454,5.825039234420316,43.42301974749691,27.53654910816877,70.43001983435474,56.66174528027035,5.825039234420316,32.832039321278145,66.72317668517817,0.043505877148770265,0.04356697707389036,0.04256011086314597,0.04369995853072949,0.04195003052816271,0.0424878284947658,0.041560872027746304,0.04266012133392081,0.04334661608059649,0.042579134964225336,0.04253345164310842
1507,46.06983976134144,21.71107391051723,43.951686209095854,33.36091844786794,23.29968907470142,32.83138005980654,27.535996179192583,51.365223641955396,13.238459701534897,40.24491749266608,68.83999044798146,21.71107391051723,5.824922268675355,43.42214782103446,28.06553456725398,70.95814400022705,56.13106913450796,5.824922268675355,32.83138005980654,66.72183689573588,0.04350117646611894,0.043505740902020064,0.042583978898989856,0.04373970391584913,0.041897750622486206,0.04250135966436602,0.041484679732539685,0.0426028001370679,0.04343194056294208,0.042619777680892625,0.04259270335533171
1508,46.06983976134144,21.71107391051723,43.951686209095854,33.36091844786794,23.29968907470142,32.83138005980654,27.535996179192583,51.365223641955396,13.238459701534897,40.24491749266608,68.83999044798146,21.71107391051723,5.824922268675355,43.42214782103446,28.06553456725398,70.95814400022705,56.13106913450796,5.824922268675355,32.83138005980654,66.72183689573588,0.04350117646611894,0.043505740902020064,0.042583978898989856,0.04373970391584913,0.041897750622486206,0.04250135966436602,0.041484679732539685,0.0426028001370679,0.04343194056294208,0.042619777680892625,0.04259270335533171
1509,46.59138149589287,21.707348196950086,43.94414391089896,33.355193570923305,23.295690747946434,32.825746053924526,27.531270883936696,51.356409148881916,13.236187924969565,40.238011291907476,68.82817720984174,21.707348196950086,5.8239226869866085,43.41469639390017,28.060718400935478,70.41651976083809,56.121436801870956,5.8239226869866085,32.825746053924526,66.71038714184661,0.043508287278460324,0.04350317256650874,0.04256310329047954,0.043758698418179164,0.04192303125303942,0.04249891220986719,0.04149184649680168,0.04261983018179354,0.04347199582790542,0.04262848916933058,0.042585116308851687
1510,46.587275414774126,21.705435136428854,43.94027112984378,32.82285313313631,23.293637707387063,32.82285313313631,27.52884456327562,51.35188312764875,13.76442228163781,40.23446513094129,68.82211140818904,21.705435136428854,5.823409426846766,43.94027112984378,28.058245420261688,69.88091312216119,56.116490840523376,5.823409426846766,32.82285313313631,66.70450798024477,0.043545488985481634,0.04346852402709815,0.04257483182714326,0.04365577538936674,0.04194336727004308,0.042479001944423916,0.04153666404308595,0.042693499581720765,0.04349902393115548,0.04263249453330743,0.04257047148110405
1511,46.58146341649831,21.7027272735958,44.46412417029384,33.34809312772038,23.290731708249155,32.818758316169266,27.52541020065809,51.345476720458365,13.762705100329045,40.229445677884904,68.81352550164523,21.7027272735958,5.822682927062289,43.4054545471916,27.52541020065809,69.87219512474746,56.10949002441842,5.822682927062289,32.818758316169266,66.69618625544076,0.04354763946986332,0.04349580015072678,0.042612459368684,0.043734779453158436,0.04196514165399732,0.042561616855453295,0.04146877389868076,0.04261852125753142,0.04344494184041914,0.04264542080057894,0.042570093699789445
1512,46.57086951347479,21.697791477868936,43.92479738202736,33.34050885623763,23.285434756737395,32.81129442994815,27.519150167053287,51.33379935008016,13.230360657237156,40.74951082429044,68.79787541763321,21.697791477868936,5.821358689184349,43.39558295573787,28.04836459334277,70.38551869650168,55.56751476039606,5.821358689184349,32.81129442994815,66.68101771247527,0.04349135634074795,0.04352612133037628,0.04257104634204998,0.04378598492824361,0.04191073020077602,0.04249408656149217,0.04157661363771471,0.04263628455182826,0.043536930990515525,0.042624351651952865,0.04263206717481635
1513,46.58146341649831,21.7027272735958,44.46412417029384,33.34809312772038,23.290731708249155,32.818758316169266,27.52541020065809,51.345476720458365,13.762705100329045,40.229445677884904,68.81352550164523,21.7027272735958,5.822682927062289,43.4054545471916,27.52541020065809,69.87219512474746,56.10949002441842,5.822682927062289,32.818758316169266,66.69618625544076,0.04354763946986332,0.04349580015072678,0.042612459368684,0.043734779453158436,0.04196514165399732,0.042561616855453295,0.04146877389868076,0.04261852125753142,0.04344494184041914,0.04264542080057894,0.042570093699789445
1514,46.06983976134144,21.71107391051723,43.951686209095854,33.36091844786794,23.29968907470142,32.83138005980654,27.535996179192583,51.365223641955396,13.238459701534897,40.24491749266608,68.83999044798146,21.71107391051723,5.824922268675355,43.42214782103446,28.06553456725398,70.95814400022705,56.13106913450796,5.824922268675355,32.83138005980654,66.72183689573588,0.04350117646611894,0.043505740902020064,0.042583978898989856,0.04373970391584913,0.041897750622486206,0.04250135966436602,0.041484679732539685,0.0426028001370679,0.04343194056294208,0.042619777680892625,0.04259270335533171
1515,46.57975039994503,21.701929163610753,43.93317367267542,33.346866763597006,23.289875199972514,32.81755141814309,27.52439796360388,51.34358850903032,13.232883636348019,40.7572815999519,68.81099490900971,21.701929163610753,5.822468799993128,43.403858327221506,28.0537133090578,70.39894094537146,55.57811127266168,5.822468799993128,32.81755141814309,66.69373352719401,0.043506329773349874,0.04358355769455135,0.042584403050051185,0.04372080306740115,0.0419138980815339,0.042457784826295274,0.04147583460760203,0.042726973371535436,0.04344556525583446,0.04262681158082369,0.042642693237100945
1516,46.568790978364355,21.69682306946521,43.922836945502745,33.3390208140563,23.284395489182177,32.809830007483974,27.517921941760754,51.33150823751525,12.700579357735734,40.21850129949649,68.79480485440189,21.69682306946521,5.821098872295544,43.39364613893042,28.047112748333078,70.38237727411885,56.094225496666155,5.821098872295544,33.3390208140563,66.6780416281126,0.043536595854667334,0.04349657469369465,0.04256676049694844,0.04379233027906063,0.04192666626343894,0.042545119618482785,0.041530014391007904,0.04265481658087547,0.04352746507963567,0.0426144821507274,0.04261836801913865
1517,36.81170119063407,18.405850595317034,43.122278537599904,23.664665051121897,19.457613486478007,31.027005289248713,20.50937637763898,43.64815998318039,8.414103129287787,40.49287130969747,49.43285588456575,23.138783605541413,9.46586602044876,33.13053107157066,22.612902159960925,56.26931467711207,45.75168576550234,4.73293301022438,33.13053107157066,47.85521154782428,0.042702681811406525,0.043950316226417104,0.04296142742407834,0.04477435882889366,0.04296587064177576,0.042443397744965,0.04299348868733596,0.04295432933035888,0.04405151322421261,0.04315767380076434,0.041163496699305045
1518,45.89307597870447,22.155278058684917,43.25554287648008,36.39795681069665,23.210291299574674,32.705410467582496,26.375331022243948,49.585622321818626,11.605145649787337,39.562996533365926,71.21339376005866,22.155278058684917,6.857586065783427,42.20052963559032,26.902837642688826,70.1583805191689,54.86068852626742,5.8025728248936685,33.76042370847225,64.88331431472011,0.04356581135654535,0.043908295630878134,0.04281974478388367,0.0441865006955373,0.04202269287441623,0.04245013995018808,0.04200889873132852,0.04287987709694661,0.04350020178260836,0.04291642142117841,0.042234795231610396
1519,45.89307597870447,22.155278058684917,43.25554287648008,36.39795681069665,23.210291299574674,32.705410467582496,26.375331022243948,49.585622321818626,11.605145649787337,39.562996533365926,71.21339376005866,22.155278058684917,6.857586065783427,42.20052963559032,26.902837642688826,70.1583805191689,54.86068852626742,5.8025728248936685,33.76042370847225,64.88331431472011,0.04356581135654535,0.043908295630878134,0.04281974478388367,0.0441865006955373,0.04202269287441623,0.04245013995018808,0.04200889873132852,0.04287987709694661,0.04350020178260836,0.04291642142117841,0.042234795231610396
1520,45.24723902469436,23.40374432311777,40.04640695289041,34.325491673906065,21.843494701576585,36.92590770980804,23.923827530298166,48.36773826777672,10.401664143607897,38.486157331349226,61.88990165446699,26.52424356620014,10.921747350788293,37.445990916988436,32.245158845184484,69.69114976217291,47.84765506059633,5.200832071803949,39.52632374571001,49.40790468213751,0.04484357323424306,0.045943331600084965,0.04129006816631461,0.042806676577674764,0.044147828040985264,0.043516284904594395,0.04212686693681184,0.041961310376631214,0.044221496625043905,0.04502491280314313,0.04403444355407818
1521,45.24723902469436,23.40374432311777,40.04640695289041,34.325491673906065,21.843494701576585,36.92590770980804,23.923827530298166,48.36773826777672,10.401664143607897,38.486157331349226,61.88990165446699,26.52424356620014,10.921747350788293,37.445990916988436,32.245158845184484,69.69114976217291,47.84765506059633,5.200832071803949,39.52632374571001,49.40790468213751,0.04484357323424306,0.045943331600084965,0.04129006816631461,0.042806676577674764,0.044147828040985264,0.043516284904594395,0.04212686693681184,0.041961310376631214,0.044221496625043905,0.04502491280314313,0.04403444355407818
1522,46.983135197791576,22.171816610193776,43.28783242942595,35.89722689269468,23.227617401155385,32.72982451980986,26.39501977404021,49.62263717519559,11.613808700577692,40.12043005654112,71.26655338990857,22.171816610193776,6.862705141250455,41.70413124298353,26.922920169521014,70.73865299442777,54.37374073452283,5.806904350288846,33.78562531077147,64.40384824865811,0.04349368224106818,0.04388540994273857,0.04278524567030344,0.04397323256436811,0.042104044623098504,0.04243188005523124,0.04195628098986755,0.04276285967423214,0.04350312822851636,0.042852751452133214,0.042351089077638585
1523,46.46760236932825,22.177719312633936,43.29935675323769,35.90678364902637,23.233801184664124,32.738538032935814,26.402046800754686,49.63584798541881,11.616900592332062,39.603070201132034,71.81356729805275,22.177719312633936,6.864532168196218,41.71523394519241,27.458128672784873,70.22944449000747,54.91625734556975,5.808450296166031,33.794619904966,64.42099419384144,0.04346569451407002,0.04388228502153931,0.042794547584678315,0.04401490740717217,0.042047311802280024,0.042471895616784654,0.04190242678244982,0.042797220658435345,0.04342764872689892,0.042802791346114116,0.042352334524483615
1524,45.89307597870447,22.155278058684917,43.25554287648008,36.39795681069665,23.210291299574674,32.705410467582496,26.375331022243948,49.585622321818626,11.605145649787337,39.562996533365926,71.21339376005866,22.155278058684917,6.857586065783427,42.20052963559032,26.902837642688826,70.1583805191689,54.86068852626742,5.8025728248936685,33.76042370847225,64.88331431472011,0.04356581135654535,0.043908295630878134,0.04281974478388367,0.0441865006955373,0.04202269287441623,0.04245013995018808,0.04200889873132852,0.04287987709694661,0.04350020178260836,0.04291642142117841,0.042234795231610396
1525,35.88886701305204,17.416656050451724,41.16664157379499,26.388872803714737,18.472210962600315,34.30553464482916,18.472210962600315,45.388861222389345,7.388884385040126,40.63886411772069,48.55552595883511,22.694430611194672,9.499994209337304,32.19442482053198,24.805540435491853,52.77774560742947,47.499971046686525,4.749997104668652,33.77775718875486,48.027748502760815,0.04286767542278108,0.04379849293820448,0.043004941306119523,0.044745945991783595,0.042345109929664615,0.041493701909193687,0.043312533112986516,0.04307916352574675,0.04332186711011846,0.04287328001394329,0.04137983266516323
1526,45.46215533846534,21.67381824275673,43.87626619875143,33.83230164723002,23.259707382470637,32.77504222075408,27.48874508837439,51.277082184083,13.215742830949226,40.17585820608565,68.72186272093597,21.67381824275673,6.343556558855629,44.93352562522737,28.546004514850328,69.25049243417395,55.50611988998675,5.814926845617659,33.30367193399205,65.55008444150816,0.04356608560412795,0.043686061754559184,0.04246656344634983,0.04375972418145612,0.04201415632819575,0.042536776731275996,0.04173312183881814,0.042513838667380476,0.043824095344865296,0.04261307686437394,0.04265678600062828
1527,45.450467795023165,22.196740085941546,44.92197398345313,32.76661631734228,22.725233897511583,33.82360394048236,26.95318439007188,51.26389972229357,12.683851477680884,40.69402349089283,68.70419550410479,23.782221520651657,6.341925738840442,42.80799873717298,30.652641071062135,67.64720788096471,57.60582546113401,5.813431927270405,32.238122505772246,63.41925738840442,0.04382757930487791,0.0437586166171723,0.04265796643487932,0.04389380736105823,0.04207436414748287,0.04248954634870408,0.04166671115237142,0.04270091837560048,0.04350540938592948,0.04258550160918072,0.04234576769270643
1528,46.59138149589287,21.707348196950086,43.94414391089896,33.355193570923305,23.295690747946434,32.825746053924526,27.531270883936696,51.356409148881916,13.236187924969565,40.238011291907476,68.82817720984174,21.707348196950086,5.8239226869866085,43.41469639390017,28.060718400935478,70.41651976083809,56.121436801870956,5.8239226869866085,32.825746053924526,66.71038714184661,0.043508287278460324,0.04350317256650874,0.04256310329047954,0.043758698418179164,0.04192303125303942,0.04249891220986719,0.04149184649680168,0.04261983018179354,0.04347199582790542,0.04262848916933058,0.042585116308851687
1529,46.05709912134611,21.70506970086426,42.880747457805,34.410476355028706,23.293245532634817,32.82230052325815,27.528381084022964,51.880410504504816,13.764190542011482,40.23378773818741,69.35034465398093,21.70506970086426,6.352703327082223,42.880747457805,28.58716497187,69.35034465398093,56.644937999816484,5.823311383158704,32.29290857933463,66.17399299043981,0.04355868350232223,0.043539908895742246,0.04261723649812785,0.043692076982547796,0.041876596620116203,0.0425959291331424,0.04144284831555232,0.04269074706289101,0.04347787202118679,0.04256667701789641,0.04254948002695629
1530,46.604663162887846,21.713536246345473,43.956670937723764,32.83510359203462,23.302331581443923,32.83510359203462,27.539119141706454,51.3710491681832,13.769559570853227,40.24948182249405,68.84779785426613,21.713536246345473,5.825582895360981,43.42707249269095,27.539119141706454,70.9661916343974,56.13743517347854,5.825582895360981,32.83510359203462,66.72940407413488,0.04346536818419665,0.043460470779057105,0.042579272799095194,0.04374553303201708,0.04196110626478542,0.04242420066043516,0.04143030577792885,0.04262746139423205,0.04351428760592161,0.04259744242463552,0.042596106044878915
1531,46.05709912134611,21.70506970086426,42.880747457805,34.410476355028706,23.293245532634817,32.82230052325815,27.528381084022964,51.880410504504816,13.764190542011482,40.23378773818741,69.35034465398093,21.70506970086426,6.352703327082223,42.880747457805,28.58716497187,69.35034465398093,56.644937999816484,5.823311383158704,32.29290857933463,66.17399299043981,0.04355868350232223,0.043539908895742246,0.04261723649812785,0.043692076982547796,0.041876596620116203,0.0425959291331424,0.04144284831555232,0.04269074706289101,0.04347787202118679,0.04256667701789641,0.04254948002695629
1532,41.74548180037186,23.013534838666537,46.027069677333074,26.759924231007602,18.19674847708517,34.25270301568973,20.87274090018593,32.64710756182927,10.16877120778289,41.21028331575171,64.75901663903839,16.591153023224713,10.16877120778289,26.759924231007602,22.478336354046387,49.238260585053986,62.618222700557794,4.281587876961217,26.224725746387453,42.81587876961216,0.0442294914928879,0.04253359974899641,0.041378459202987446,0.04131971835145113,0.04286074360714671,0.042960953959735884,0.04041463337592715,0.04201239209940908,0.04301563790536217,0.04132604493134363,0.04274984070460034
1533,46.05709912134611,21.70506970086426,42.880747457805,34.410476355028706,23.293245532634817,32.82230052325815,27.528381084022964,51.880410504504816,13.764190542011482,40.23378773818741,69.35034465398093,21.70506970086426,6.352703327082223,42.880747457805,28.58716497187,69.35034465398093,56.644937999816484,5.823311383158704,32.29290857933463,66.17399299043981,0.04355868350232223,0.043539908895742246,0.04261723649812785,0.043692076982547796,0.041876596620116203,0.0425959291331424,0.04144284831555232,0.04269074706289101,0.04347787202118679,0.04256667701789641,0.04254948002695629
1534,46.079885398634346,21.71580806142538,44.490923833164196,32.83853901971643,23.30476962689553,32.83853901971643,27.54200046814926,51.376423950201506,13.241346378917914,40.25369299191046,69.38465502552987,21.71580806142538,5.826192406723883,43.43161612285076,27.54200046814926,70.97361659100002,56.143308646611956,5.826192406723883,32.83853901971643,66.73638574974629,0.04347969612300667,0.043450591905477495,0.042576608265949174,0.043845593320556604,0.04190228406189673,0.042404810028434006,0.04148278382034543,0.042586211483191125,0.04338346956573757,0.04259094666785854,0.04264314960083017
1535,41.742996162096915,23.01216455089958,46.02432910179916,27.293497490601826,18.195664993734553,34.25066351761798,20.336331463585676,32.64516366522964,10.168165731792838,41.20782954463413,64.7551607129965,16.59016514134621,10.168165731792838,26.758330873139048,21.941831315974017,49.77049542403863,62.61449424314537,4.2813329397022475,26.223164255676267,42.81332939702248,0.04421796306904903,0.042549519226573816,0.04136983131722287,0.041348119158100285,0.04287794337356642,0.04296378455825996,0.040393330611438266,0.041996834386205065,0.04301718494973671,0.041337979867729975,0.04276089201933671
1536,41.742996162096915,23.01216455089958,46.02432910179916,27.293497490601826,18.195664993734553,34.25066351761798,20.336331463585676,32.64516366522964,10.168165731792838,41.20782954463413,64.7551607129965,16.59016514134621,10.168165731792838,26.758330873139048,21.941831315974017,49.77049542403863,62.61449424314537,4.2813329397022475,26.223164255676267,42.81332939702248,0.04421796306904903,0.042549519226573816,0.04136983131722287,0.041348119158100285,0.04287794337356642,0.04296378455825996,0.040393330611438266,0.041996834386205065,0.04301718494973671,0.041337979867729975,0.04276089201933671
1537,46.568790978364355,21.69682306946521,43.922836945502745,33.3390208140563,23.284395489182177,32.809830007483974,27.517921941760754,51.33150823751525,12.700579357735734,40.21850129949649,68.79480485440189,21.69682306946521,5.821098872295544,43.39364613893042,28.047112748333078,70.38237727411885,56.094225496666155,5.821098872295544,33.3390208140563,66.6780416281126,0.043536595854667334,0.04349657469369465,0.04256676049694844,0.04379233027906063,0.04192666626343894,0.042545119618482785,0.041530014391007904,0.04265481658087547,0.04352746507963567,0.0426144821507274,0.04261836801913865
1538,46.03847628180192,21.696293420159527,42.3342310637259,33.86738485098072,23.283827085049246,32.809029074387574,28.04642807971841,51.33025516476766,13.229447207414346,40.21751951053961,70.38065914344432,22.2254713084561,5.820956771262312,42.863408952022475,28.04642807971841,69.85148125514775,56.6220340477334,5.820956771262312,32.279851186091,66.6764139253683,0.043614766110530334,0.043590894906872256,0.042476624209258886,0.04384896402626821,0.04182873301859565,0.042577813523892075,0.04149887444127481,0.04265005523087217,0.043505582953517044,0.04267342304230234,0.04255638024004237
1539,41.74548180037186,23.013534838666537,46.027069677333074,26.759924231007602,18.19674847708517,34.25270301568973,20.87274090018593,32.64710756182927,10.16877120778289,41.21028331575171,64.75901663903839,16.591153023224713,10.16877120778289,26.759924231007602,22.478336354046387,49.238260585053986,62.618222700557794,4.281587876961217,26.224725746387453,42.81587876961216,0.0442294914928879,0.04253359974899641,0.041378459202987446,0.04131971835145113,0.04286074360714671,0.042960953959735884,0.04041463337592715,0.04201239209940908,0.04301563790536217,0.04132604493134363,0.04274984070460034
1540,45.89307597870447,22.155278058684917,43.25554287648008,36.39795681069665,23.210291299574674,32.705410467582496,26.375331022243948,49.585622321818626,11.605145649787337,39.562996533365926,71.21339376005866,22.155278058684917,6.857586065783427,42.20052963559032,26.902837642688826,70.1583805191689,54.86068852626742,5.8025728248936685,33.76042370847225,64.88331431472011,0.04356581135654535,0.043908295630878134,0.04281974478388367,0.0441865006955373,0.04202269287441623,0.04245013995018808,0.04200889873132852,0.04287987709694661,0.04350020178260836,0.04291642142117841,0.042234795231610396
1541,47.16720342570135,21.728711690491632,43.98739195880014,34.977926135913364,23.31861742394224,32.858051824645884,25.968460313026586,50.87698347041943,13.249214445421728,40.27761191408205,69.42588369400985,21.198743112674766,5.82965435598556,43.457423380983265,28.088334624294063,70.48582084964359,56.70663782640499,5.82965435598556,32.858051824645884,65.71610364929177,0.04349738299804928,0.043362322669852425,0.04247762121724244,0.043681728674531656,0.04179998764980206,0.042437288390288846,0.04152779103237474,0.04250904423107705,0.04345687936353007,0.042576229850018237,0.042705146106364056
1542,45.89383619272035,22.15564505855465,43.25625940003527,36.39855973905407,23.210675775628683,32.705952229294965,26.375767926850777,49.58644370247946,11.605337887814342,39.56365189027616,71.74208876103411,22.15564505855465,6.8576996609812015,42.20122868296124,26.90328328538779,70.15954268542306,54.86159728784961,5.802668943907171,33.76098294636899,64.3568737415159,0.04356782470721958,0.04391523691100582,0.04282166176890019,0.0441722584979476,0.042024684412949674,0.04244763964094195,0.04201318640461105,0.042878978493871685,0.043500695994445025,0.042920731975550096,0.04222174265554185
1543,45.549522731270145,22.774761365635072,53.31364592410028,32.60931740988658,27.433235281333154,27.433235281333154,24.84519421705644,48.13756379554685,9.316947831396165,39.33822417700603,59.52494447836439,27.950843494188497,7.246514979974795,33.12692562274192,31.056492771320553,55.901686988376994,45.549522731270145,7.246514979974795,35.197358474163295,51.760821285534256,0.04436866781588277,0.04481611096506933,0.04419524842561683,0.04428539342760203,0.04268701579805479,0.044784412590063515,0.04365526464398882,0.04289809735600862,0.04464610138503276,0.042340336099059704,0.04371513863827822
1544,45.71709867809393,21.819524369090285,54.548810922725714,32.729286553635426,27.53416170385203,28.053674188830367,24.417086793981987,47.79514861800729,9.351224729610122,38.96343637337551,60.263448257487454,27.53416170385203,7.273174789696762,34.287824008570446,31.690261583678748,56.62686086263908,44.15856122315891,7.273174789696762,35.32684897852713,52.47076098281235,0.0438809743595127,0.044621478056784916,0.04376554412947905,0.04423838512750653,0.042806554152016174,0.04467685615109055,0.04340185916521228,0.04284253159626786,0.044595361027163626,0.042081987370510984,0.04357598388611514
1545,46.06879825928153,24.60492634302536,60.727052250871104,42.40423476138413,25.65194448528176,26.698962627538158,23.034399129640764,47.63932547266613,9.946672351435785,48.68634361492253,70.15021553117869,23.034399129640764,7.329126995794788,35.075107765589344,27.745980769794556,60.727052250871104,64.9151248198967,12.040708635948581,36.12212590784574,65.9621429621531,0.04477352528200987,0.04379346053134781,0.043262070209825844,0.04247345360534376,0.042847130455932046,0.04484880989410417,0.042514094141467514,0.043312001904292186,0.04401273241070088,0.041434431244326324,0.043219219192450455
1546,46.568790978364355,21.69682306946521,43.922836945502745,33.3390208140563,23.284395489182177,32.809830007483974,27.517921941760754,51.33150823751525,12.700579357735734,40.21850129949649,68.79480485440189,21.69682306946521,5.821098872295544,43.39364613893042,28.047112748333078,70.38237727411885,56.094225496666155,5.821098872295544,33.3390208140563,66.6780416281126,0.043536595854667334,0.04349657469369465,0.04256676049694844,0.04379233027906063,0.04192666626343894,0.042545119618482785,0.041530014391007904,0.04265481658087547,0.04352746507963567,0.0426144821507274,0.04261836801913865
1547,45.37445021484324,22.159615221202515,43.264010669966815,36.405082149118414,23.21483499364073,32.71181294558466,26.380494310955374,49.595329304596106,11.607417496820364,39.57074146643306,71.22733463957951,22.159615221202515,6.858928520848397,42.2087908975286,26.380494310955374,71.22733463957951,54.871428166787176,5.803708748410182,33.76703271802288,64.89601600495023,0.04355738422415287,0.04396192323679084,0.04274445885881285,0.04415179109758128,0.042057518765580226,0.04242974372038339,0.041949908959998526,0.04287333441150491,0.043535433180666,0.04289236793110665,0.042236249394315015
1548,46.492114940241244,22.18941849420605,43.32219801249752,33.28412774130908,23.246057470120622,32.227488765394504,27.47261337377892,50.718670843899545,13.73630668688946,40.1522810847538,68.6815334344473,21.66109900624876,6.339833855487443,43.32219801249752,28.000932861736207,70.26649189831916,55.47354623551512,5.8115143675301555,32.75580825335179,66.03993599466087,0.04356109737832445,0.04361523268392999,0.042669687185642485,0.043875841310588914,0.04203188414418452,0.042752568641959254,0.041626389616672956,0.0426950350543268,0.043607376761912515,0.04275616812395512,0.04248923114121594
1549,46.60618466371923,21.714245127414642,43.958105989644274,32.83617555852946,23.303092331859617,32.83617555852946,27.540018210379547,51.372726277054156,13.770009105189773,40.25079584593934,68.32042979113388,21.714245127414642,5.825773082964904,43.958105989644274,28.06963394519454,70.43889273039385,56.13926789038908,5.825773082964904,32.83617555852946,67.2611983215039,0.043557588283806944,0.04344978469964259,0.042557962907048545,0.04372463479398296,0.04184381663145821,0.04258561624988942,0.04166505286835556,0.04244255092823434,0.04348985765921713,0.042737074167812465,0.04233032599556046
1550,46.03351761914587,21.69395657913771,43.91703405044951,33.334616206967695,23.28131925565998,32.80549531479361,27.514286393052704,51.32472654088677,12.69890141217817,40.21318780523087,68.25659509045767,21.69395657913771,5.820329813914995,43.91703405044951,28.04340728522679,70.90219955132812,56.08681457045358,5.820329813914995,33.334616206967695,66.66923241393539,0.04358264376196344,0.043515017460828025,0.042565111401064074,0.04381763467027607,0.04198372726708687,0.042528775468299154,0.04155188319429364,0.042642006094822764,0.04349010148065917,0.04256891131421061,0.04263329571240581
1551,46.59138149589287,21.707348196950086,43.94414391089896,33.355193570923305,23.295690747946434,32.825746053924526,27.531270883936696,51.356409148881916,13.236187924969565,40.238011291907476,68.82817720984174,21.707348196950086,5.8239226869866085,43.41469639390017,28.060718400935478,70.41651976083809,56.121436801870956,5.8239226869866085,32.825746053924526,66.71038714184661,0.043508287278460324,0.04350317256650874,0.04256310329047954,0.043758698418179164,0.04192303125303942,0.04249891220986719,0.04149184649680168,0.04261983018179354,0.04347199582790542,0.04262848916933058,0.042585116308851687
1552,42.27028930190091,23.007878987110622,46.015757974221245,26.753347659430958,18.19227640841305,34.24428500407162,20.867611174356146,32.639084144505766,10.166272110583764,40.665088442335055,64.74310133582291,16.587075548847192,10.166272110583764,26.753347659430958,21.937745080733382,49.76122664654158,62.067766569879815,4.280535625508953,26.218280706242336,43.340423208278146,0.044263785062370546,0.042556719594508075,0.04137323107440744,0.041350995271068516,0.042862354775516,0.04299820170039151,0.04036700669582047,0.042012175616186184,0.04306665432099034,0.041306431186448334,0.04277549151367349
1553,46.644132694643694,21.731925460004447,43.99389788244803,32.332864708787106,23.322066347321847,32.862911671226236,27.032395084395777,51.41455535659589,13.251174060978322,40.283569145374095,68.90610511708728,21.731925460004447,6.360563549269594,43.463850920008895,28.092489009274043,70.49624600440467,56.18497801854809,5.830516586830462,33.39295863366537,67.31596422976988,0.04357973069745413,0.04341391581923552,0.04256040133517178,0.04386727568938668,0.04172433644449584,0.04233368981190997,0.041252596550683265,0.04266223376717277,0.04329008425165808,0.04256201970689356,0.04270675348680549
1554,46.065446791752265,21.709003660480953,43.94749521511998,32.828249437800466,23.29746734295517,32.828249437800466,27.533370496219746,51.360325733332985,13.237197353951801,40.24107995601347,68.83342624054936,21.709003660480953,5.824366835738792,43.418007320961905,27.533370496219746,70.42188992302358,56.12571678075563,5.824366835738792,32.29876154364239,66.71547466391708,0.04349926331495681,0.043438829653026374,0.04271049430540531,0.04368554388544693,0.042187440991662495,0.042293215096314854,0.04112918810799879,0.042706456881315406,0.043691473142327374,0.04247541379102183,0.04269478667245191
1555,46.44122224991392,22.165128801095282,43.27477527832888,35.88639901129712,23.22061112495696,32.71995203971208,26.387058096542,49.60766922149896,11.61030556247848,39.580587144813,71.2450568606634,22.165128801095282,6.86063510510092,42.2192929544672,26.91479925847284,70.18957453680173,54.88508084080736,5.80515278123924,33.77543436357376,64.91216291749332,0.04347856277178543,0.043903040303054655,0.04280605670233093,0.04409400926351643,0.042036311157796526,0.04252326016782807,0.04195499798809494,0.04283248978474829,0.043427106691528244,0.042869472023030375,0.04233353121544608
1556,46.71169174901363,24.143121578141876,60.88265441444473,43.03773846538335,25.717672985411998,26.767373923592082,23.093420639961796,46.71169174901363,10.497009381800815,48.81109362537379,70.85481332715551,23.093420639961796,7.347906567260571,35.164981429032736,27.817074861772163,60.88265441444473,65.08145816716505,11.546710319980898,36.214682367212816,66.13115910534513,0.04447194489806822,0.04362824704368422,0.04314099358467931,0.04244875764925092,0.042868412749168645,0.044738501215190345,0.042458087994733065,0.04315707743241238,0.04385862419869725,0.041267058397049076,0.0431118257470257
1557,41.742544142400504,23.011915360554124,46.02383072110825,26.7580411169234,18.195467959507912,34.25029262966195,20.871272071200252,32.64481016264655,10.168055624430892,41.207383320062036,64.75445950295463,16.58998549249251,10.168055624430892,26.7580411169234,21.941593715877186,49.76995647747752,62.61381621360076,4.281286578707744,26.222880294584932,42.81286578707744,0.044220569379513734,0.042550975296058134,0.0413696365156606,0.041332354929984376,0.04287157294053035,0.04295901074574092,0.04041171038772034,0.04200576497039081,0.043028167418174536,0.04132663423074541,0.042762780847012745
1558,46.59138149589287,21.707348196950086,43.94414391089896,33.355193570923305,23.295690747946434,32.825746053924526,27.531270883936696,51.356409148881916,13.236187924969565,40.238011291907476,68.82817720984174,21.707348196950086,5.8239226869866085,43.41469639390017,28.060718400935478,70.41651976083809,56.121436801870956,5.8239226869866085,32.825746053924526,66.71038714184661,0.043508287278460324,0.04350317256650874,0.04256310329047954,0.043758698418179164,0.04192303125303942,0.04249891220986719,0.04149184649680168,0.04261983018179354,0.04347199582790542,0.04262848916933058,0.042585116308851687
1559,46.59138149589287,21.707348196950086,43.94414391089896,33.355193570923305,23.295690747946434,32.825746053924526,27.531270883936696,51.356409148881916,13.236187924969565,40.238011291907476,68.82817720984174,21.707348196950086,5.8239226869866085,43.41469639390017,28.060718400935478,70.41651976083809,56.121436801870956,5.8239226869866085,32.825746053924526,66.71038714184661,0.043508287278460324,0.04350317256650874,0.04256310329047954,0.043758698418179164,0.04192303125303942,0.04249891220986719,0.04149184649680168,0.04261983018179354,0.04347199582790542,0.04262848916933058,0.042585116308851687
1560,46.59138149589287,21.707348196950086,43.94414391089896,33.355193570923305,23.295690747946434,32.825746053924526,27.531270883936696,51.356409148881916,13.236187924969565,40.238011291907476,68.82817720984174,21.707348196950086,5.8239226869866085,43.41469639390017,28.060718400935478,70.41651976083809,56.121436801870956,5.8239226869866085,32.825746053924526,66.71038714184661,0.043508287278460324,0.04350317256650874,0.04256310329047954,0.043758698418179164,0.04192303125303942,0.04249891220986719,0.04149184649680168,0.04261983018179354,0.04347199582790542,0.04262848916933058,0.042585116308851687
1561,46.06983976134144,21.71107391051723,43.951686209095854,33.36091844786794,23.29968907470142,32.83138005980654,27.535996179192583,51.365223641955396,13.238459701534897,40.24491749266608,68.83999044798146,21.71107391051723,5.824922268675355,43.42214782103446,28.06553456725398,70.95814400022705,56.13106913450796,5.824922268675355,32.83138005980654,66.72183689573588,0.04350117646611894,0.043505740902020064,0.042583978898989856,0.04373970391584913,0.041897750622486206,0.04250135966436602,0.041484679732539685,0.0426028001370679,0.04343194056294208,0.042619777680892625,0.04259270335533171
1562,46.568790978364355,21.69682306946521,43.922836945502745,33.3390208140563,23.284395489182177,32.809830007483974,27.517921941760754,51.33150823751525,12.700579357735734,40.21850129949649,68.79480485440189,21.69682306946521,5.821098872295544,43.39364613893042,28.047112748333078,70.38237727411885,56.094225496666155,5.821098872295544,33.3390208140563,66.6780416281126,0.043536595854667334,0.04349657469369465,0.04256676049694844,0.04379233027906063,0.04192666626343894,0.042545119618482785,0.041530014391007904,0.04265481658087547,0.04352746507963567,0.0426144821507274,0.04261836801913865
1563,46.06879825928153,24.60492634302536,60.727052250871104,42.40423476138413,25.65194448528176,26.698962627538158,23.034399129640764,47.63932547266613,9.946672351435785,48.68634361492253,70.15021553117869,23.034399129640764,7.329126995794788,35.075107765589344,27.745980769794556,60.727052250871104,64.9151248198967,12.040708635948581,36.12212590784574,65.9621429621531,0.04477352528200987,0.04379346053134781,0.043262070209825844,0.04247345360534376,0.042847130455932046,0.04484880989410417,0.042514094141467514,0.043312001904292186,0.04401273241070088,0.041434431244326324,0.043219219192450455
1564,46.59138149589287,21.707348196950086,43.94414391089896,33.355193570923305,23.295690747946434,32.825746053924526,27.531270883936696,51.356409148881916,13.236187924969565,40.238011291907476,68.82817720984174,21.707348196950086,5.8239226869866085,43.41469639390017,28.060718400935478,70.41651976083809,56.121436801870956,5.8239226869866085,32.825746053924526,66.71038714184661,0.043508287278460324,0.04350317256650874,0.04256310329047954,0.043758698418179164,0.04192303125303942,0.04249891220986719,0.04149184649680168,0.04261983018179354,0.04347199582790542,0.04262848916933058,0.042585116308851687
1565,45.454836587461,25.07853053101297,59.5615100111558,41.27508149895884,25.60099991707574,26.64593868920128,23.51112237282466,48.06718351777486,9.404448949129863,48.06718351777486,69.48842834634843,23.51112237282466,7.314571404878783,35.52791825226837,27.69087746132682,59.5615100111558,65.83114264390905,11.494326493380944,36.57285702439391,67.39855080209735,0.044703841639756194,0.0437716713004197,0.04341657221067065,0.04263435038396467,0.04291799988408993,0.04484390414813131,0.04244996136766703,0.04367877570727038,0.04425679400346811,0.04164902754231131,0.04320771574948054
1566,41.75774995216661,23.02029805055339,46.04059610110678,26.767788430876035,18.202096132995703,34.79812496013884,20.343519207465786,32.65670188566876,10.171759603732893,41.22239418354909,64.77804800272,16.59602882714314,10.171759603732893,26.767788430876035,21.949586513318348,49.788086481429424,62.63662492824992,4.282846148940165,26.232432662258514,42.828461489401654,0.04417740472969653,0.042566362757811824,0.04138470648410345,0.041291437932516425,0.04286653800438641,0.0429740212115161,0.04039551963335419,0.04194400922328434,0.04302240708437691,0.041300497208853225,0.04272132711257995
1567,41.75774995216661,23.02029805055339,46.04059610110678,26.767788430876035,18.202096132995703,34.79812496013884,20.343519207465786,32.65670188566876,10.171759603732893,41.22239418354909,64.77804800272,16.59602882714314,10.171759603732893,26.767788430876035,21.949586513318348,49.788086481429424,62.63662492824992,4.282846148940165,26.232432662258514,42.828461489401654,0.04417740472969653,0.042566362757811824,0.04138470648410345,0.041291437932516425,0.04286653800438641,0.0429740212115161,0.04039551963335419,0.04194400922328434,0.04302240708437691,0.041300497208853225,0.04272132711257995
1568,48.72282278312341,21.183835992662353,43.426863784957824,33.364541688443204,22.77262369211203,32.30534988881009,27.53898679046106,51.90039818202277,12.710301595597413,39.71969248624191,69.3770628759692,21.713431892478912,5.825554897982148,43.426863784957824,27.53898679046106,69.90665877578577,56.13716538055524,5.825554897982148,33.89413758825977,65.14029567743674,0.04349430432225964,0.043354316671052565,0.042261966659100175,0.04356847804806078,0.04205639020883378,0.04283643751087298,0.04153273642640574,0.042811675929373766,0.043247802902215235,0.042517930756883614,0.042722060748382855
1569,41.742544142400504,23.011915360554124,46.02383072110825,26.7580411169234,18.195467959507912,34.25029262966195,20.871272071200252,32.64481016264655,10.168055624430892,41.207383320062036,64.75445950295463,16.58998549249251,10.168055624430892,26.7580411169234,21.941593715877186,49.76995647747752,62.61381621360076,4.281286578707744,26.222880294584932,42.81286578707744,0.044220569379513734,0.042550975296058134,0.0413696365156606,0.041332354929984376,0.04287157294053035,0.04295901074574092,0.04041171038772034,0.04200576497039081,0.043028167418174536,0.04132663423074541,0.042762780847012745
1570,46.5778226999141,21.701031030641797,43.93135550105535,33.345486705620324,23.28891134995705,32.816193265848575,27.523258868131062,51.34146365785986,12.703042554522028,40.22630142265309,68.27885373055591,21.701031030641797,5.822227837489263,43.402062061283594,28.05255230790281,70.3960274896429,56.10510461580562,5.822227837489263,32.816193265848575,66.69097341124065,0.0434588608735585,0.04354731256561266,0.04271140593670894,0.04374585302958413,0.04165807952933076,0.042719843161818746,0.04148822740223699,0.042730308821532094,0.04345123587523794,0.04250279919431379,0.042692633838314245
1571,46.04558653932403,21.699644231175693,43.928548077745916,33.34335576985533,23.28742307735928,32.8140961544608,27.521500000515513,51.33818269326932,13.231490384863227,40.75299038537874,68.80375000128878,21.699644231175693,5.82185576933982,43.399288462351386,28.05075961591004,70.39152884747237,55.572259616425555,5.82185576933982,32.8140961544608,66.68671153971066,0.04352236811624168,0.04356940981329435,0.04261245485877193,0.043669046534160476,0.04199290574074816,0.042471981174991125,0.04137805347010799,0.042803823918800964,0.04337201588145658,0.0426647377803305,0.04268358731656727
1572,45.89307597870447,22.155278058684917,43.25554287648008,36.39795681069665,23.210291299574674,32.705410467582496,26.375331022243948,49.585622321818626,11.605145649787337,39.562996533365926,71.21339376005866,22.155278058684917,6.857586065783427,42.20052963559032,26.902837642688826,70.1583805191689,54.86068852626742,5.8025728248936685,33.76042370847225,64.88331431472011,0.04356581135654535,0.043908295630878134,0.04281974478388367,0.0441865006955373,0.04202269287441623,0.04245013995018808,0.04200889873132852,0.04287987709694661,0.04350020178260836,0.04291642142117841,0.042234795231610396
1573,41.742544142400504,23.011915360554124,46.02383072110825,26.7580411169234,18.195467959507912,34.25029262966195,20.871272071200252,32.64481016264655,10.168055624430892,41.207383320062036,64.75445950295463,16.58998549249251,10.168055624430892,26.7580411169234,21.941593715877186,49.76995647747752,62.61381621360076,4.281286578707744,26.222880294584932,42.81286578707744,0.044220569379513734,0.042550975296058134,0.0413696365156606,0.041332354929984376,0.04287157294053035,0.04295901074574092,0.04041171038772034,0.04200576497039081,0.043028167418174536,0.04132663423074541,0.042762780847012745
1574,46.04384646822555,21.698824197669513,43.92688800991633,33.87133533294753,23.28654304140143,32.28361648921562,27.52045995801987,51.33624261399861,13.23099036443263,40.2222107078752,68.80114989504968,21.698824197669513,5.8216357603503575,43.397648395339026,28.049699572597177,70.9181083533589,56.099399145194354,5.8216357603503575,32.812856103792925,66.68419143674046,0.0435034996641792,0.04355069972536177,0.042599012854885356,0.04377699754673928,0.04194002069727461,0.04253168063395387,0.041510588402634975,0.04265220006575203,0.04350235939943439,0.04263569080341907,0.04255763562906022
1575,41.684350152363514,23.514248803897367,45.95966811670849,26.7207372771561,18.170101348466147,33.66812896921669,20.842175076181757,32.59929947813044,10.153880165319318,40.08110591573415,64.66418421071776,16.566857111836782,10.153880165319318,26.7207372771561,21.911004567268,49.70057133551035,63.0609399740884,4.275317964344976,26.18632253161298,43.28759438899288,0.044304823963818935,0.04266130768050564,0.04145695055014462,0.04137389989881009,0.04298187173113815,0.04301573830090026,0.04029854873487263,0.04213602824793681,0.04308368146574137,0.041432779488512816,0.04283962439449681
1576,46.596334875965006,21.709656021756423,43.419312043512846,33.35873974074767,23.298167437982503,32.829235935338986,27.53419788125205,51.36186912464325,13.237595135217331,40.24228921106069,68.83549470313012,21.709656021756423,5.824541859495626,43.419312043512846,28.063701686660742,70.9535099247649,56.127403373321485,5.824541859495626,32.829235935338986,66.71747948149535,0.04351878617009012,0.04348959819835065,0.04254818515980194,0.04377448382545698,0.041890747453071045,0.04252491130312129,0.04147888548044279,0.0426104551219308,0.04346660413230689,0.042605514399676435,0.04258802334705778
1577,45.81437484395904,23.427805317933597,40.087577988464155,34.36078113296928,21.865951630071358,36.963870612739676,23.94842321388768,47.89684642777536,10.932975815035679,38.00510640464783,62.474147514489594,26.551512693658076,10.932975815035679,36.963870612739676,32.27830954915296,69.76279805784671,47.89684642777536,5.206178959540799,39.046342196556,49.97931801159167,0.04481600162100434,0.04584672143105728,0.0412342402378989,0.042763630206390096,0.04411547126884173,0.043496918506306825,0.04211286474863349,0.041899628037309206,0.04413315444436762,0.04498738404625729,0.043976089497853275
1578,46.568790978364355,21.69682306946521,43.922836945502745,33.3390208140563,23.284395489182177,32.809830007483974,27.517921941760754,51.33150823751525,12.700579357735734,40.21850129949649,68.79480485440189,21.69682306946521,5.821098872295544,43.39364613893042,28.047112748333078,70.38237727411885,56.094225496666155,5.821098872295544,33.3390208140563,66.6780416281126,0.043536595854667334,0.04349657469369465,0.04256676049694844,0.04379233027906063,0.04192666626343894,0.042545119618482785,0.041530014391007904,0.04265481658087547,0.04352746507963567,0.0426144821507274,0.04261836801913865
1579,46.59138149589287,21.707348196950086,43.94414391089896,33.355193570923305,23.295690747946434,32.825746053924526,27.531270883936696,51.356409148881916,13.236187924969565,40.238011291907476,68.82817720984174,21.707348196950086,5.8239226869866085,43.41469639390017,28.060718400935478,70.41651976083809,56.121436801870956,5.8239226869866085,32.825746053924526,66.71038714184661,0.043508287278460324,0.04350317256650874,0.04256310329047954,0.043758698418179164,0.04192303125303942,0.04249891220986719,0.04149184649680168,0.04261983018179354,0.04347199582790542,0.04262848916933058,0.042585116308851687
1580,46.568790978364355,21.69682306946521,43.922836945502745,33.3390208140563,23.284395489182177,32.809830007483974,27.517921941760754,51.33150823751525,12.700579357735734,40.21850129949649,68.79480485440189,21.69682306946521,5.821098872295544,43.39364613893042,28.047112748333078,70.38237727411885,56.094225496666155,5.821098872295544,33.3390208140563,66.6780416281126,0.043536595854667334,0.04349657469369465,0.04256676049694844,0.04379233027906063,0.04192666626343894,0.042545119618482785,0.041530014391007904,0.04265481658087547,0.04352746507963567,0.0426144821507274,0.04261836801913865
1581,46.58809809259951,21.70581842950659,43.9410470646109,33.35284295265647,23.294049046299754,32.823432747058746,27.52933069108153,51.35278994297901,13.764665345540765,40.23517562542685,68.82332672770382,21.70581842950659,5.823512261574939,43.9410470646109,28.05874089667925,70.41155734449698,56.1174817933585,5.823512261574939,32.294022541461025,66.17627569971522,0.04349734538738496,0.04352290948411342,0.042568745501882894,0.04374941365795929,0.04192347988727139,0.04248867324017252,0.04151489672067725,0.042669233245044944,0.0434349761326542,0.04262008227034826,0.04260003887476909
1582,46.04088275279044,21.697427504188596,43.39485500837719,33.339949579606866,23.28504415083654,32.810744030724216,27.51868854189773,51.33293824161692,13.230138722066217,40.2196217150813,68.79672135474434,21.697427504188596,5.821261037709135,43.39485500837719,28.047894090780378,70.91354355027492,55.56658263267811,5.821261037709135,32.810744030724216,66.67989915921373,0.043558587029636796,0.04353368483407078,0.04251978977329366,0.04380457266848006,0.04197507535900696,0.04251124233259102,0.04150816092371057,0.04258187560296256,0.0433912794492415,0.042701790252646345,0.04270839289171101
1583,41.742544142400504,23.011915360554124,46.02383072110825,26.7580411169234,18.195467959507912,34.25029262966195,20.871272071200252,32.64481016264655,10.168055624430892,41.207383320062036,64.75445950295463,16.58998549249251,10.168055624430892,26.7580411169234,21.941593715877186,49.76995647747752,62.61381621360076,4.281286578707744,26.222880294584932,42.81286578707744,0.044220569379513734,0.042550975296058134,0.0413696365156606,0.041332354929984376,0.04287157294053035,0.04295901074574092,0.04041171038772034,0.04200576497039081,0.043028167418174536,0.04132663423074541,0.042762780847012745
1584,45.259481724188085,23.41007675389039,40.057242445545775,34.334779239039236,21.849404970297698,36.93589887836039,23.93030068175462,47.86060136350924,10.404478557284618,37.97634673408886,62.4268713437077,26.531420321075775,10.924702485148849,37.45612280622462,32.25388352758232,70.23023026167117,47.86060136350924,5.202239278642309,39.537018517681545,49.421273147101935,0.044875519488550314,0.04590919134548322,0.04127756751441292,0.04286126804646571,0.04415803999161989,0.0434963372210953,0.04213833259460464,0.041894485727804257,0.044190335331478175,0.04497072390682937,0.044004270967425305
1585,45.259481724188085,23.41007675389039,40.057242445545775,34.334779239039236,21.849404970297698,36.93589887836039,23.93030068175462,47.86060136350924,10.404478557284618,37.97634673408886,62.4268713437077,26.531420321075775,10.924702485148849,37.45612280622462,32.25388352758232,70.23023026167117,47.86060136350924,5.202239278642309,39.537018517681545,49.421273147101935,0.044875519488550314,0.04590919134548322,0.04127756751441292,0.04286126804646571,0.04415803999161989,0.0434963372210953,0.04213833259460464,0.041894485727804257,0.044190335331478175,0.04497072390682937,0.044004270967425305
1586,46.596334875965006,21.709656021756423,43.419312043512846,33.35873974074767,23.298167437982503,32.829235935338986,27.53419788125205,51.36186912464325,13.237595135217331,40.24228921106069,68.83549470313012,21.709656021756423,5.824541859495626,43.419312043512846,28.063701686660742,70.9535099247649,56.127403373321485,5.824541859495626,32.829235935338986,66.71747948149535,0.04351878617009012,0.04348959819835065,0.04254818515980194,0.04377448382545698,0.041890747453071045,0.04252491130312129,0.04147888548044279,0.0426104551219308,0.04346660413230689,0.042605514399676435,0.04258802334705778
1587,41.15222287133795,22.98111147360431,45.96222294720862,27.25666709660046,18.17111139773364,33.670000531094686,20.843333662106236,32.60111162534565,10.154444604615858,41.15222287133795,64.66777879781678,17.1022224919846,10.154444604615858,26.722222643725942,21.912222567855274,49.70333411733025,62.530000986318704,4.27555562299615,26.18777819085142,42.755556229961506,0.04427890480129648,0.04261860321080672,0.04144050152920219,0.041363027414622076,0.0429978437810027,0.04302605553121174,0.04028032744777661,0.04208629233775701,0.043091964553059046,0.041488622499414714,0.0428834040193319
1588,41.73236982704882,23.00630644311666,46.01261288623332,26.751519119903094,18.1910330015341,34.24194447347596,21.401215295922473,32.10182294388371,10.165577265563176,40.6623090622527,65.27370665256355,16.585941854339918,10.165577265563176,26.751519119903094,21.936245678320535,49.75782556301975,62.598554740573235,4.280243059184495,26.21648873750503,42.802430591844946,0.04427859836390436,0.04259741351143695,0.04142672366222436,0.04142608147665769,0.042747636869543706,0.04294759788675883,0.04042959680462039,0.04189603977809126,0.04304615806922487,0.04136441124504807,0.04280935993442766
1589,41.75774995216661,23.02029805055339,46.04059610110678,26.767788430876035,18.202096132995703,34.79812496013884,20.343519207465786,32.65670188566876,10.171759603732893,41.22239418354909,64.77804800272,16.59602882714314,10.171759603732893,26.767788430876035,21.949586513318348,49.788086481429424,62.63662492824992,4.282846148940165,26.232432662258514,42.828461489401654,0.04417740472969653,0.042566362757811824,0.04138470648410345,0.041291437932516425,0.04286653800438641,0.0429740212115161,0.04039551963335419,0.04194400922328434,0.04302240708437691,0.041300497208853225,0.04272132711257995
1590,35.0593069523527,20.40765628569784,43.43167876186976,24.070568952361555,19.361109809508207,28.256754857120086,21.97747599998229,42.38513228568013,8.895645047611879,38.1989463809216,49.71095761900756,23.54729571426674,9.942191523801512,34.53603371425788,25.117115428551188,53.37387028567127,46.048044952343844,5.232732380948164,30.873121047594168,49.71095761900756,0.04269640969900457,0.04367839485687505,0.04339083935817048,0.04476814990297318,0.04194281669527981,0.042885282018855046,0.04478623641458492,0.04356495515417803,0.04426313162280879,0.04295149870120174,0.04179904748125189
1591,41.20988085140056,23.013310085847067,46.026620171694134,26.759662890519845,18.196570765553496,34.252368499865405,20.87253705460548,32.64678872643421,10.168671898397541,41.20988085140056,64.75838419505803,16.590990992122304,10.168671898397541,26.759662890519845,21.942923570226274,49.772972976366916,62.61761116381644,4.281546062483176,26.224469632709447,43.35065388264215,0.044233156803815205,0.042547597640171915,0.04137475957918886,0.04132889310936988,0.04289327314875971,0.04298068678376397,0.04040178404949333,0.04196655805780847,0.043038072140576034,0.04131988211763912,0.04272207875901665
1592,41.20988085140056,23.013310085847067,46.026620171694134,26.759662890519845,18.196570765553496,34.252368499865405,20.87253705460548,32.64678872643421,10.168671898397541,41.20988085140056,64.75838419505803,16.590990992122304,10.168671898397541,26.759662890519845,21.942923570226274,49.772972976366916,62.61761116381644,4.281546062483176,26.224469632709447,43.35065388264215,0.044233156803815205,0.042547597640171915,0.04137475957918886,0.04132889310936988,0.04289327314875971,0.04298068678376397,0.04040178404949333,0.04196655805780847,0.043038072140576034,0.04131988211763912,0.04272207875901665
1593,46.08407225632651,21.71778117826881,43.9652643364954,32.84152275738211,23.30688711814214,32.84152275738211,27.544502957804347,51.38109205590426,13.242549498944397,40.25735047679097,68.86125739451087,21.71778117826881,5.826721779535535,43.43556235653762,28.074204937762122,70.98006531434197,56.148409875524244,5.826721779535535,32.84152275738211,66.74244947467976,0.04354605661229049,0.04355064849375729,0.04248839546953288,0.04366801314217458,0.04188308350478149,0.04247319780987802,0.04140756050860522,0.04269846858627504,0.043509652807308195,0.04247026244736834,0.04260268066025257
1594,46.03911082922343,21.69659245974897,43.92237010144304,33.338666462541106,23.284148005584264,32.809481280596,27.517629461145038,51.3309626486744,13.229629548627422,40.21807382782736,68.7940736528626,21.69659245974897,5.821037001396066,43.92237010144304,27.517629461145038,70.91081438064298,56.09362928618027,5.821037001396066,32.809481280596,66.67733292508221,0.04354677623527293,0.043504230651518455,0.04257713220788644,0.043731413736534136,0.04195992704634022,0.04258142964955656,0.041518666517568935,0.04264786670547295,0.043491079791444634,0.042638954080310536,0.04261734143299727
1595,47.15253702707538,21.72195525966394,45.033321879791096,33.377638569727516,23.311366620127153,32.847834782906446,27.54979691469573,51.390967321643956,13.774898457347865,40.265087798401446,68.87449228673933,21.192151472842866,5.827841655031788,43.44391051932788,27.54979691469573,69.40429607356039,56.68900518985467,5.827841655031788,32.847834782906446,66.22547335263395,0.04351897345947733,0.04341066249104525,0.042483499704834324,0.04379691445095836,0.04190143387559588,0.04243393415707702,0.04151009058228755,0.04251488285711946,0.04347174837955775,0.04254493736221048,0.04260913585876489
1596,46.57879630893001,21.701484643933302,43.93227379137717,33.3461837211658,23.289398154465005,32.816879217655234,27.523834182549553,51.34253684052513,13.232612587764208,40.75644677031376,69.33888995988445,21.701484643933302,5.822349538616251,43.402969287866604,27.523834182549553,70.39749896690559,56.10627737212024,5.822349538616251,32.816879217655234,66.16306293882104,0.04346980180953229,0.043558930348675154,0.042563594658524974,0.043762007949095225,0.04195003380513277,0.04253495711344029,0.04146182988427063,0.04266699311374767,0.043507522804027775,0.04263768611990592,0.04258213888307913
1597,43.78378505280988,22.413128062747916,53.16602470698343,33.35907432595039,29.189190035206586,29.189190035206586,22.413128062747916,46.38996273452476,9.90347519051652,41.698842907437985,64.63320650652888,23.97683467177684,8.861004117830571,38.57142968938013,27.625483426177663,60.46332221578508,51.08108256161153,8.339768581487597,38.05019415303716,50.038611488925575,0.04475505275892907,0.04496363456742197,0.043929620751996176,0.044511993550732126,0.04340559564037843,0.043665785073561926,0.04335990792099504,0.042095530492872284,0.04382287206915018,0.04161675133143923,0.04263771949954887
1598,45.505353375295726,21.694412655664244,43.38882531132849,34.393581039467705,23.281808703639676,32.80618499149227,27.51486483157416,51.85493756719746,13.75743241578708,39.68490119938581,69.84542611091902,21.694412655664244,6.349584191901729,43.917957327320295,28.04399684756597,69.31629409492722,56.617125711123755,5.820452175909919,32.27705297550046,65.61236998298455,0.043680089490835954,0.04353648506229765,0.04251857523708937,0.043788964296580746,0.04201905957189505,0.042634545275026775,0.041477176080487295,0.04269340766751666,0.04340124716747897,0.04261400893791458,0.04250442522106615
1599,45.523188869971264,21.702915624056068,43.405831248112136,34.93640076067562,23.290933840450414,32.81904313881649,26.996309678703888,51.87526173554865,13.762824542084335,40.229794815323444,68.81412271042167,21.173576218591286,6.3520728655773855,43.93517065357692,28.054988489633452,70.40214092681602,56.109976979266904,5.8227334601126035,32.28970373335171,66.16742568309776,0.043549710740835045,0.04352960613970949,0.04271859219797515,0.043721227451784805,0.04192812831357593,0.042543950863571496,0.04149027601220691,0.042569401131442905,0.043512581533868354,0.04260395079432641,0.0424931693559214
1600,41.69428383232095,22.98531031781796,45.97062063563592,26.727105020718557,18.17443141408862,33.67615232610538,20.847141916160474,32.60706812527664,10.156299907873052,41.69428383232095,64.67959415013891,17.105347213259876,10.156299907873052,26.727105020718557,21.916226116989215,49.712415338536516,62.00688364806705,4.276336803314969,26.192562920304184,42.76336803314969,0.04433425543689861,0.042595062424854814,0.041343419932785695,0.0414249699787922,0.04297948203453693,0.043044446935331285,0.04047529696268241,0.04208164267828064,0.04303209668097597,0.04137661262905504,0.04277061389143534
1601,46.117165116920106,21.733376664295683,43.996835686257114,33.39518853294215,23.323623737292927,32.8651061752764,27.564282598618917,51.94807105124334,12.72197658397796,39.226094467265376,70.50095356954454,22.26345902196143,5.300823576657484,41.87650625559412,27.564282598618917,69.97087121187879,58.30905934323232,5.830905934323232,32.8651061752764,67.32045942355005,0.04342929924870854,0.043554185527564133,0.04235959376757312,0.043715246321685254,0.0420428768530824,0.04248988779411556,0.04124270154537548,0.04257911670195104,0.04333899256028526,0.042563349054881044,0.04260239295902975
1602,45.890979651072755,22.68174856317389,43.25356702744788,35.86881168129825,23.209231087898864,32.7039165329484,26.37412623624871,49.58335732414757,12.132098068674406,39.56118935437306,71.21014083787152,21.62678351372394,6.857272821424664,42.19860197799793,26.901608760973684,70.15517578842156,54.858182571397315,5.802307771974716,33.758881582398345,64.88035054117182,0.043663339057923335,0.0439871172710455,0.04278115626126043,0.044204685948239106,0.04204588406390017,0.04233718028293126,0.04196486223855951,0.04285599153008873,0.04348789543279754,0.04291134081626165,0.04227802237201858
1603,46.59796089184755,21.71041359733806,43.950349477538026,33.35990382029995,23.298980445923775,32.83038153743804,27.535158708819004,51.363661437604684,13.2380570715476,40.2436934975047,68.30837448918561,21.71041359733806,5.824745111480944,43.42082719467612,28.594203274542814,70.42646362063323,56.12936198336182,5.824745111480944,32.83038153743804,66.7198076405999,0.043488778899901624,0.04349659784670387,0.042622665394433455,0.043720693743736994,0.041904086857971895,0.04248321504649568,0.041455501371382195,0.042615298328190034,0.043478610873561065,0.04259013222951084,0.04262213654620843
1604,42.51340392513304,18.89484618894802,57.734252244007834,37.26483553931415,29.391982960585807,27.81741244484014,20.469416704693685,49.3365428266976,7.347995740146452,39.8891197322236,64.5573911455724,29.391982960585807,10.497136771637788,38.31454921647793,28.342269283422027,57.209395405425944,54.06025437393461,7.872852578728342,39.8891197322236,54.5851112125165,0.04434559938899474,0.04388097542182025,0.04385156959400095,0.04386433278392964,0.0423919197135299,0.04346579229533124,0.04337107059330601,0.04270963556578765,0.044039778867528315,0.0413293853165331,0.041893101877348835
1605,45.2801249774296,23.420754298670484,40.07551291105838,34.35043963805004,21.85937067875912,36.952745671235654,23.941215505307607,47.882431010615214,10.409224132742438,37.9936680845099,62.455344796454625,26.543521538493216,10.92968533937956,36.952745671235654,32.26859481150156,70.26226289601145,47.882431010615214,5.204612066371219,39.55505170442126,49.9642758371637,0.04484314711245483,0.04586863222961151,0.04122899090902495,0.04280911092241531,0.04415275459644989,0.04347240349346888,0.042120995210189825,0.04191386748995432,0.04416831117158212,0.04496656381674978,0.043994016410976736
1606,46.57879630893001,21.701484643933302,43.93227379137717,33.3461837211658,23.289398154465005,32.816879217655234,27.523834182549553,51.34253684052513,13.232612587764208,40.75644677031376,69.33888995988445,21.701484643933302,5.822349538616251,43.402969287866604,27.523834182549553,70.39749896690559,56.10627737212024,5.822349538616251,32.816879217655234,66.16306293882104,0.04346980180953229,0.043558930348675154,0.042563594658524974,0.043762007949095225,0.04195003380513277,0.04253495711344029,0.04146182988427063,0.04266699311374767,0.043507522804027775,0.04263768611990592,0.04258213888307913
1607,46.08604929189589,21.718712884686568,45.026599882886785,32.842931679282124,23.30788699820022,32.842931679282124,27.545684634236622,51.38329633694139,13.24311761261376,40.259077542345835,68.86421158559156,21.718712884686568,5.826971749550055,43.437425769373135,27.545684634236622,70.98311040360976,56.15081867748235,5.826971749550055,32.842931679282124,66.74531276757335,0.043540995534266935,0.043430013058611446,0.0425504978404191,0.04379290612050573,0.041879804355214864,0.0424737993170139,0.04147990048433566,0.04255248907733288,0.043372991678473694,0.04260736159581001,0.04259453643346529
1608,47.124194913523816,21.708898780387376,43.94728289688176,32.828090838634566,23.297354788708404,32.828090838634566,27.533237477564477,51.36007760237989,13.766618738782238,40.240885544132695,68.8330936939112,21.708898780387376,5.824338697177101,43.41779756077475,27.533237477564477,70.95103503833923,55.59596029123596,5.824338697177101,32.828090838634566,66.71515234948315,0.04348120849110944,0.043454660299930524,0.0425670313113788,0.04375568266288804,0.04198032048046291,0.04243531987654356,0.041459748151726226,0.042629943354549914,0.04351803735260687,0.04259860140681167,0.04263411050498287
1609,46.54745920983079,21.686884404580255,43.902717209272225,34.38164600726138,23.273729604915395,32.79480080692624,26.976368405697393,50.779046410724504,13.223710002792838,40.20007840849023,68.76329201452276,21.686884404580255,6.347380801340563,43.902717209272225,27.505316805809105,70.35013721485791,55.53958201172993,5.818432401228849,32.79480080692624,66.64749841407591,0.04352843649284273,0.04365022846892261,0.04252386495723142,0.043776643618454854,0.04196812136500178,0.04261135399715067,0.04161607581257672,0.04255983624002896,0.043509378479012775,0.04278237292376458,0.0425252875332992
1610,43.74243788969734,21.080692958890285,43.21542056572508,36.891212678058,22.661744930807057,32.14805676230769,25.8238488746406,52.17471507325346,10.540346479445143,41.63436859380831,71.67435606022697,23.188762254779313,6.851225211639343,42.68840324175283,27.40490084655737,65.87716549653214,56.390853665031514,6.324207887667086,33.2020914102522,64.82313084858762,0.04389953935999128,0.043787730348663415,0.04258463061653867,0.04396558061293549,0.04218558798988899,0.04242690973820558,0.04184481120941753,0.042749610139653914,0.04375574777360976,0.04318774103553276,0.04259478720330563
1611,46.568790978364355,21.69682306946521,43.922836945502745,33.3390208140563,23.284395489182177,32.809830007483974,27.517921941760754,51.33150823751525,12.700579357735734,40.21850129949649,68.79480485440189,21.69682306946521,5.821098872295544,43.39364613893042,28.047112748333078,70.38237727411885,56.094225496666155,5.821098872295544,33.3390208140563,66.6780416281126,0.043536595854667334,0.04349657469369465,0.04256676049694844,0.04379233027906063,0.04192666626343894,0.042545119618482785,0.041530014391007904,0.04265481658087547,0.04352746507963567,0.0426144821507274,0.04261836801913865
1612,41.22384189725628,23.021106514052207,46.04221302810441,26.76872850471187,18.20273538320407,34.26397248603119,20.879608233675256,32.65784877574848,10.17211683179051,41.22384189725628,65.31569755149695,16.59661167292136,10.17211683179051,26.233353934617632,21.95035737386373,49.78983501876407,62.638824701025776,4.282996560753899,26.233353934617632,43.36534017763323,0.04421221875945497,0.042483341697082726,0.041311251079791875,0.041331336225211415,0.04284485270068739,0.04294209610537041,0.04044450804890235,0.04198161332237677,0.04305203334805015,0.041277912313943586,0.04274426630489093
1613,46.577649169421655,21.70095018120782,43.93119183024997,33.345362473563235,23.288824584710827,32.816071005728894,27.523156327385525,51.34127237993069,13.232286695858425,40.75544302324395,68.80789081846382,21.70095018120782,5.822206146177707,43.40190036241564,27.523156327385525,70.92505668980117,55.575604122605384,5.822206146177707,32.816071005728894,66.69072494712647,0.04349511937100066,0.04355583269804022,0.04258153666788433,0.043723914569424135,0.04195789190882528,0.04257302202773645,0.04151821213499901,0.04265792940197451,0.043442481270385545,0.042580469058847416,0.042622123056545363
1614,42.309630701316415,23.0292926602102,46.0585853204204,26.242682333727902,18.209208149933648,34.27615651752216,20.887032877865067,32.669461680763305,10.175733966139392,41.23850081014385,64.80335841594034,16.602513313174796,10.175733966139392,26.778247279314186,21.958162769037635,49.80753993952439,62.661098633595195,4.28451956469027,26.242682333727902,42.8451956469027,0.04416139761055761,0.04258234170805761,0.041301155227806016,0.04130449617419547,0.04288340006985811,0.04292135587485553,0.04034597060981814,0.041904688085006796,0.04296457112632996,0.04132667348806514,0.04273900443916586
1615,46.60484701503134,21.71362190473051,44.48644487798446,33.364833658488344,23.30242350751567,32.835233124226626,27.539227781609426,51.371251823386814,13.769613890804713,40.249640603890704,68.84806945402357,21.71362190473051,5.825605876878917,43.42724380946102,28.068828315871148,69.90727052254701,56.137656631742296,5.825605876878917,32.3056325899649,66.72966731697669,0.04357832014945069,0.04356351625038853,0.04254852200509535,0.04363697405435755,0.04187345142126439,0.04251208578667299,0.04153999936295997,0.042586447978389064,0.04342013106992917,0.042616923588060726,0.04252309407171175
1616,46.57879630893001,21.701484643933302,43.93227379137717,33.3461837211658,23.289398154465005,32.816879217655234,27.523834182549553,51.34253684052513,13.232612587764208,40.75644677031376,69.33888995988445,21.701484643933302,5.822349538616251,43.402969287866604,27.523834182549553,70.39749896690559,56.10627737212024,5.822349538616251,32.816879217655234,66.16306293882104,0.04346980180953229,0.043558930348675154,0.042563594658524974,0.043762007949095225,0.04195003380513277,0.04253495711344029,0.04146182988427063,0.04266699311374767,0.043507522804027775,0.04263768611990592,0.04258213888307913
1617,46.547905704288034,21.687092430406924,43.903138334726215,33.32406885647893,23.273952852144017,32.266161908654205,27.50558064344293,51.30848696949931,13.223836847809102,40.20046401733967,68.23499813469496,21.687092430406924,5.818488213036004,43.903138334726215,28.034534117355292,70.35081203034441,56.069068234710585,5.818488213036004,32.79511538256657,66.11918423904551,0.043547013493917326,0.04366295475532162,0.042514125670143545,0.043511861750106906,0.04211432224090379,0.04260290964119716,0.04156452836192983,0.042363460388511985,0.043560767576936374,0.04265099829453448,0.0429535839141329
1618,46.07437398352086,21.71321072786615,43.95601196129001,33.36420185013579,23.301982244539282,32.83461134457808,27.00911578344326,51.89986954465567,13.239762638942775,40.248878422386035,68.84676572250243,21.71321072786615,5.8254955611348205,43.4264214557323,28.06829679455868,70.96512774473327,56.13659358911736,5.8254955611348205,32.83461134457808,66.19881319471388,0.04331010053955788,0.04358270707343128,0.04265226410452905,0.04359762759501459,0.04195411865854656,0.04259044779788394,0.04157113519850543,0.04257722899667679,0.04322649936058615,0.04275712678410983,0.042590238333447536
1619,45.51259399626208,21.697864579613316,43.924945368485496,33.340621183308265,22.75629699813104,32.81140497404941,27.519242881460794,51.33397229810956,13.230405231471535,40.220431903673465,68.79810720365198,21.697864579613316,5.821378301847475,43.39572915922663,28.048459090719653,70.38575583142857,56.62613439069817,5.821378301847475,33.340621183308265,67.21045857587539,0.0435768423815767,0.04353252707451342,0.04251910180513846,0.04380917739033688,0.04196339133502632,0.042552920403443585,0.04150143775708222,0.0426480557492931,0.04352567205331605,0.042599162058560396,0.04255550273285155
1620,45.2801249774296,23.420754298670484,40.07551291105838,34.35043963805004,21.85937067875912,36.952745671235654,23.941215505307607,47.882431010615214,10.409224132742438,37.9936680845099,62.455344796454625,26.543521538493216,10.92968533937956,36.952745671235654,32.26859481150156,70.26226289601145,47.882431010615214,5.204612066371219,39.55505170442126,49.9642758371637,0.04484314711245483,0.04586863222961151,0.04122899090902495,0.04280911092241531,0.04415275459644989,0.04347240349346888,0.042120995210189825,0.04191386748995432,0.04416831117158212,0.04496656381674978,0.043994016410976736
1621,46.62493626885715,21.722981670717534,43.975792162672086,33.37921573793182,23.312468134428574,32.84938691669481,27.551098704324676,51.39339565999026,13.245720530925325,40.796819235250005,68.87774676081169,21.193152849480523,5.8281170336071435,43.44596334143507,28.08092752556169,70.46723322452273,56.16185505112338,5.8281170336071435,32.84938691669481,66.75843147586365,0.043462388629177874,0.04353143247099975,0.04246767595165495,0.043740944646399764,0.041816202861442504,0.042385549053862194,0.041503303700444416,0.04263200759583549,0.043478499338921756,0.04252708540382443,0.04262608911042378
1622,45.259481724188085,23.41007675389039,40.057242445545775,34.334779239039236,21.849404970297698,36.93589887836039,23.93030068175462,47.86060136350924,10.404478557284618,37.97634673408886,62.4268713437077,26.531420321075775,10.924702485148849,37.45612280622462,32.25388352758232,70.23023026167117,47.86060136350924,5.202239278642309,39.537018517681545,49.421273147101935,0.044875519488550314,0.04590919134548322,0.04127756751441292,0.04286126804646571,0.04415803999161989,0.0434963372210953,0.04213833259460464,0.041894485727804257,0.044190335331478175,0.04497072390682937,0.044004270967425305
1623,46.04541902880328,21.69956528943603,43.928388268858306,33.343234469133414,23.287338359394763,32.81397677914717,27.521399879284722,51.86725361865197,12.70218455966987,40.752842128940834,69.86201507818429,22.228822979422276,5.292576899862446,42.869872888885816,27.521399879284722,68.80349969821181,57.15983051851442,5.821834589848691,32.81397677914717,67.21572662825307,0.04356380957130101,0.04360101754591875,0.042378136745372864,0.04388064072937579,0.041914173157743616,0.042580022480121014,0.04141832291373138,0.042539929025107885,0.043399003837263486,0.04273050398052071,0.04273675002729894
1624,46.59842299326568,21.710628894589693,43.421257789179386,33.360234642906114,23.29921149663284,32.83070710889173,27.5354317687479,51.364170799395126,13.238188350359568,40.244092585093085,68.83857942186975,21.710628894589693,5.82480287415821,43.421257789179386,28.064959302762286,70.4271620239129,56.65944613953895,5.82480287415821,32.83070710889173,66.72046928581223,0.0434874058566133,0.04347280666343808,0.04253403670732379,0.04375891151990767,0.04191771683097656,0.04253652609963533,0.04148906059119572,0.04262491982210667,0.04347868538923414,0.0426119304823696,0.042560466022816525
1625,46.07718420378698,21.714535084543286,44.48831578296674,33.36623683722505,23.303403505363526,32.83661403028497,27.54038596088417,51.373412273187775,13.240570173502004,40.25133332744609,69.3805877091505,21.714535084543286,5.825850876340882,42.899447362146496,27.54038596088417,70.96945612997074,56.1400175356485,5.825850876340882,32.83661403028497,66.7324736744501,0.04352545814629213,0.043510361329386696,0.04258043586692722,0.0437161701599269,0.04186042969486377,0.04250764548764024,0.041487616747653014,0.04258740647916512,0.04342840075582136,0.04259703047405916,0.042576237918184295
1626,46.568790978364355,21.69682306946521,43.922836945502745,33.3390208140563,23.284395489182177,32.809830007483974,27.517921941760754,51.33150823751525,12.700579357735734,40.21850129949649,68.79480485440189,21.69682306946521,5.821098872295544,43.39364613893042,28.047112748333078,70.38237727411885,56.094225496666155,5.821098872295544,33.3390208140563,66.6780416281126,0.043536595854667334,0.04349657469369465,0.04256676049694844,0.04379233027906063,0.04192666626343894,0.042545119618482785,0.041530014391007904,0.04265481658087547,0.04352746507963567,0.0426144821507274,0.04261836801913865
1627,45.50338431157595,21.693473915983883,43.91605695186981,33.86298367373094,23.28080127569002,32.804765433926846,27.51367423490639,51.32358463049845,13.227727997551149,40.21229311255549,69.31329470716801,21.693473915983883,5.820200318922505,43.38694783196777,27.51367423490639,70.3715129469721,56.08556670961687,5.820200318922505,32.804765433926846,67.19685822755983,0.04361567455784598,0.04356869660737271,0.04256050073849927,0.04382415461831304,0.04195528231350348,0.042407103817803445,0.04160705892455938,0.04271622062461204,0.04352219334018947,0.04264569335192947,0.042468301203325766
1628,46.01043756485951,21.683079771945287,43.89501514808436,34.37561427259619,23.269646584526647,32.78904746001482,27.500491418076948,50.770138002603595,13.221390104844687,40.19302591872785,69.28008414938616,21.683079771945287,5.817411646131662,43.366159543890575,27.500491418076948,70.33779535777373,56.05869404454147,5.817411646131662,32.78904746001482,66.63580612841722,0.04362818544253988,0.04357532520275524,0.04263797494879229,0.04389014129335502,0.04190823652683149,0.04246679851543781,0.041648433487564446,0.04277291345321422,0.043483061055126136,0.042659095409650696,0.042474230470945354
1629,41.189108645505854,23.001710022814954,46.00342004562991,26.74617444513367,18.187398622690896,34.2351032897711,20.862016067204262,32.63033282306308,10.163546289150794,41.189108645505854,64.72574215722348,16.582628155982874,10.163546289150794,26.74617444513367,21.93186304500961,49.74788446794862,62.05112471271011,4.279387911221387,26.211250956230995,43.32880260111654,0.044274089827635636,0.04248164841537396,0.04144024393862553,0.04135264256403028,0.042874514177311,0.042990303225475666,0.040440059716055826,0.041958387213685736,0.043114339992734174,0.04137084555714037,0.042779436469258476
1630,41.24963480137285,22.499800800748826,46.0710206872476,26.785477143748604,18.21412445774905,34.28541074399821,20.35696262924894,32.6782821153733,10.17848131462447,41.24963480137285,64.82085468787162,17.142705371999106,10.17848131462447,26.785477143748604,21.964091257873857,49.820987487372406,62.678016516371734,4.285676342999777,26.249767600873632,42.85676342999777,0.0442346478780508,0.042717013614420034,0.04112663174065717,0.04139949811773363,0.04276171810302229,0.04285184387558249,0.04051273966443774,0.04192455799815377,0.042719130998308714,0.04145017807420071,0.04259249706046053
1631,46.088170926357144,21.719712735409686,43.96917456192693,33.374192739775864,23.30896000873235,32.84444364866831,27.546952737592775,51.38566183743268,13.243727277688834,39.7311818330665,68.86738184398193,21.719712735409686,5.827240002183087,43.43942547081937,28.07670182870033,70.98637820841215,56.683152748508206,5.827240002183087,32.84444364866831,66.74838547955173,0.043474233991381284,0.04351483137629658,0.0425654689495979,0.04372047819320517,0.04189983016566797,0.042512837735675525,0.04148657375252284,0.042610473467056285,0.04334175133422493,0.042560061602033225,0.04256436832478494
1632,43.79110438543978,21.104146691778208,43.79110438543978,36.93225671061186,22.686957693661572,31.65622003766731,25.852579697428304,52.232763062151065,11.607280680478015,42.208293383556416,71.22649508475145,22.686957693661572,6.858847674827917,42.208293383556416,27.435390699311668,65.95045841180689,56.45359240050671,6.331244007533462,33.239031039550675,64.89525107721799,0.043864164460679665,0.043637707887756325,0.04259596968928973,0.044062839040583515,0.042112398455063704,0.04229219772243743,0.041773265474410064,0.042656672937082536,0.04362477532662982,0.04322152768973373,0.042554814021878225
1633,46.081077149938544,21.71636969135035,43.96240693614827,33.36905586719688,23.30537235169306,32.83938831374931,27.542712779273614,51.37775268441424,13.241688836189237,39.725066508567714,68.85678194818404,21.71636969135035,5.826343087923265,43.4327393827007,28.072380332721185,70.97545216197432,56.674428218889936,5.826343087923265,32.83938831374931,66.73811173439375,0.04348425726416339,0.04355243999989687,0.04255847140321723,0.04373037988896899,0.041901809405172595,0.04246115295677646,0.04148585008867641,0.04256223044917924,0.04342348414842636,0.04261110931827811,0.04256126162967483
1634,41.6837824740372,22.979521107482046,44.89022727973237,26.185965913177217,18.169853898939294,34.20207792741514,20.8418912370186,32.598855524567554,10.15374188470137,41.14937500642134,64.12889611390338,17.63544643132343,10.15374188470137,26.720373380793077,21.910706172250322,50.234301955890984,63.060081178671666,4.275259740926892,26.185965913177217,42.75259740926892,0.04423572457477274,0.04264126290770638,0.04142148508610132,0.04136335388350887,0.042943481331270246,0.04323930888780894,0.040416629764092486,0.042179926863368467,0.042980398967145776,0.04133464957911546,0.042836310539247795
1635,46.06687314608358,21.70967585045318,43.948855989941805,33.35877020923294,23.298188717559512,32.82926592019749,27.53422302984306,51.36191603643801,13.76711151492153,40.2423259666937,68.83555757460765,21.70967585045318,5.824547179389878,43.41935170090636,27.53422302984306,70.95357473074942,56.127454637757005,5.824547179389878,32.82926592019749,66.71754041846587,0.043482785385367095,0.04350999453329311,0.04263850639499604,0.04370637317898554,0.04189591332775313,0.042515441526198794,0.041492696453047456,0.04260714263120809,0.043447001924316976,0.042629555406684616,0.04257030020270574
1636,41.742544142400504,23.011915360554124,46.02383072110825,26.7580411169234,18.195467959507912,34.25029262966195,20.871272071200252,32.64481016264655,10.168055624430892,41.207383320062036,64.75445950295463,16.58998549249251,10.168055624430892,26.7580411169234,21.941593715877186,49.76995647747752,62.61381621360076,4.281286578707744,26.222880294584932,42.81286578707744,0.044220569379513734,0.042550975296058134,0.0413696365156606,0.041332354929984376,0.04287157294053035,0.04295901074574092,0.04041171038772034,0.04200576497039081,0.043028167418174536,0.04132663423074541,0.042762780847012745
1637,46.61910337084418,21.720264070506946,45.029815755929036,33.37503991321799,23.30955168542209,32.845277374912946,27.54765199186247,51.38696621558961,13.244063457626188,40.26195291118361,68.86912997965618,21.1905015322019,5.827387921355522,43.44052814101389,27.54765199186247,70.45841759457132,56.15482906033503,5.827387921355522,32.845277374912946,66.75007982643598,0.04351551778671004,0.04348032177827753,0.04255203675980283,0.04370302761388729,0.041898434428721765,0.042485138755839966,0.04145741358275869,0.04256612718434355,0.04342735548207706,0.04258135314554728,0.04257073517698652
1638,45.89307597870447,22.155278058684917,43.25554287648008,36.39795681069665,23.210291299574674,32.705410467582496,26.375331022243948,49.585622321818626,11.605145649787337,39.562996533365926,71.21339376005866,22.155278058684917,6.857586065783427,42.20052963559032,26.902837642688826,70.1583805191689,54.86068852626742,5.8025728248936685,33.76042370847225,64.88331431472011,0.04356581135654535,0.043908295630878134,0.04281974478388367,0.0441865006955373,0.04202269287441623,0.04245013995018808,0.04200889873132852,0.04287987709694661,0.04350020178260836,0.04291642142117841,0.042234795231610396
1639,47.14937108929157,21.72049679394331,43.44099358788662,33.3753975126446,23.309801437402577,32.84562929815817,27.547947153293954,52.447053234155796,13.244205362160555,39.20284787199524,69.3996360977213,21.72049679394331,6.357218573837066,42.91122537340019,28.6074835822668,69.92940431220772,56.15543073556075,5.827450359350644,32.84562929815817,66.22102681080277,0.04352158104826643,0.043586024912682486,0.04253957423983125,0.04366788017456108,0.04191384288588467,0.042597992645223126,0.041529063111513116,0.04263412807853439,0.04330288867602765,0.04251381107431209,0.04242499866674152
1640,46.68400718082525,21.220003264011478,44.5620068544241,32.89100505921779,23.342003590412624,32.89100505921779,27.58600424321492,51.45850791522783,13.262502040007172,40.84850628322209,68.43451052643701,21.75050334561176,5.835500897603156,43.50100669122352,28.647004406415494,70.55651085283816,56.23300864963041,5.835500897603156,32.89100505921779,66.84301028163615,0.04348035085089248,0.04334922128819478,0.04240519801808055,0.04359073299682798,0.04180179765417349,0.04243941087315166,0.041403854343429414,0.042629572088949234,0.04335738730534277,0.04243446511753046,0.04260792786314036
1641,46.568291172190136,21.696590205224947,43.922365537406606,33.33866299827248,23.284145586095068,32.80947787131578,27.517626601748717,51.330957314800486,13.229628173917652,40.21806964870966,68.79406650437178,21.696590205224947,5.821036396523767,43.922365537406606,27.517626601748717,70.91080701219862,56.09362345741084,5.821036396523767,32.80947787131578,66.14814086958826,0.04353831751818127,0.043510695444085985,0.04256709494434008,0.043747178962415215,0.04196054670357673,0.042566538957749006,0.04154768330540549,0.04264339496613216,0.04347196374688441,0.042644483555771565,0.04261697493875197
1642,41.659868555582754,23.500438672380014,45.932675586924574,26.70504394588638,18.159429883202737,33.64835537181684,20.829934277791377,32.58015361398139,10.147916699436825,41.12576767666503,64.62620634904503,16.557127246449557,10.147916699436825,26.70504394588638,21.89813603562683,49.67138173934867,62.48980283337413,4.272807031341821,26.170943066968654,42.19396943450048,0.04439325415406557,0.04266664996045275,0.04144380640505619,0.041427518198409355,0.043084849231364644,0.04300289488993197,0.040361361296604545,0.04203962370613215,0.043105313276379675,0.04144227204386983,0.0429315779200057
1643,46.09062185850637,21.72086777239955,43.971512807540556,33.37596755271151,23.310199560623907,32.84619028997005,27.54841766255553,51.38839448592089,13.244431568536312,40.79284923109184,68.87104415638882,21.1910905096581,5.827549890155977,43.4417355447991,27.54841766255553,70.46037594461318,56.686167113335415,5.827549890155977,32.84619028997005,67.28171236816446,0.043472663128867814,0.0434470623346758,0.04247631401567858,0.043786894534899576,0.04184212200963971,0.04245502503622853,0.04157345728541139,0.042512178042111576,0.04354299350781757,0.04254075963113474,0.042573267732082296
1644,41.70010817367226,22.988521172665475,45.97704234533095,27.800072115781507,18.176970229549447,33.68085660181221,20.315437315378794,32.611623058897536,10.157718657689397,41.165491402214926,64.68862934633773,17.107736686634773,10.157718657689397,26.730838572866833,22.45390440120814,49.18474297407497,62.55016226050839,4.276934171658693,26.196221801409497,42.2347249451296,0.044381898914051934,0.04261752480610974,0.04143115059245263,0.04150729745792834,0.043081803371029626,0.042849345636614765,0.04033088306750104,0.0420268683119136,0.042890433181682126,0.04145406757760623,0.042811955625773425
1645,46.600547579456006,21.711618758610186,43.952789194259644,33.36175565347419,23.300273789728003,32.83220397643491,27.536687206042185,51.36651267280946,13.23879192598182,40.24592745498473,69.37126969214474,21.711618758610186,5.825068447432001,42.8936858401811,27.536687206042185,70.95992472326256,56.13247776616292,5.825068447432001,32.83220397643491,66.72351130694838,0.04354063216220769,0.04348050129003518,0.04251715487255928,0.043721121411788876,0.041901455565696355,0.04252112893196775,0.041498757131475474,0.04261561106850585,0.043455043810773815,0.042620411872999926,0.042576504842717085
1646,41.742544142400504,23.011915360554124,46.02383072110825,26.7580411169234,18.195467959507912,34.25029262966195,20.871272071200252,32.64481016264655,10.168055624430892,41.207383320062036,64.75445950295463,16.58998549249251,10.168055624430892,26.7580411169234,21.941593715877186,49.76995647747752,62.61381621360076,4.281286578707744,26.222880294584932,42.81286578707744,0.044220569379513734,0.042550975296058134,0.0413696365156606,0.041332354929984376,0.04287157294053035,0.04295901074574092,0.04041171038772034,0.04200576497039081,0.043028167418174536,0.04132663423074541,0.042762780847012745
1647,46.57879630893001,21.701484643933302,43.93227379137717,33.3461837211658,23.289398154465005,32.816879217655234,27.523834182549553,51.34253684052513,13.232612587764208,40.75644677031376,69.33888995988445,21.701484643933302,5.822349538616251,43.402969287866604,27.523834182549553,70.39749896690559,56.10627737212024,5.822349538616251,32.816879217655234,66.16306293882104,0.04346980180953229,0.043558930348675154,0.042563594658524974,0.043762007949095225,0.04195003380513277,0.04253495711344029,0.04146182988427063,0.04266699311374767,0.043507522804027775,0.04263768611990592,0.04258213888307913
1648,46.61051056412697,21.716260603740974,43.96218610025612,33.36888824477272,23.305255282063484,32.83922335199855,27.54257442425685,51.377494599094504,13.771287212128424,40.25453185083693,68.85643606064211,21.716260603740974,5.826313820515871,43.43252120748195,28.072239317031016,70.44543073896463,56.14447863406203,5.826313820515871,32.30955845922438,66.73777648954544,0.043440162434150276,0.043448758367663314,0.04257560288269766,0.0437826072354661,0.04193526084449981,0.04244440230858743,0.04142323226940996,0.04264723154710427,0.04342866999568829,0.04263320638287409,0.04257597295768867
1649,46.56287492914696,21.69406672835256,43.917257035445424,33.86390903937961,23.28143746457348,32.80566188189899,26.985302515755624,51.324987137809714,13.228089468507658,40.742515563003586,68.25694165749951,21.69406672835256,5.82035936614337,43.917257035445424,27.514426094495928,70.90255955120105,56.08709934647247,5.82035936614337,32.80566188189899,66.1404473425383,0.04356033644076836,0.04351603212821059,0.042553251726890236,0.043754964740690176,0.04196722109705585,0.04257166664222724,0.041559219540600975,0.04264674600558741,0.04346139248559452,0.04264329270152207,0.04264229775054632
1650,41.79694152501221,23.041903661224676,46.619665547129,26.792911233982185,18.219179639107885,34.2949263794972,20.898470762506104,32.68735170545826,10.18130626891323,41.261083300332565,64.30298696155724,16.07574674038931,10.18130626891323,26.792911233982185,21.97018721186539,50.370673119886504,62.69541228751831,4.28686579743715,26.257053009302542,42.868657974371494,0.04415408884688648,0.04241586469723781,0.0413534386939872,0.041300755591735495,0.042761795089341206,0.042874858820347736,0.04036135691094136,0.042020861081385426,0.042927613133169125,0.0412662282498712,0.042704914205453304
1651,41.79694152501221,23.041903661224676,46.619665547129,26.792911233982185,18.219179639107885,34.2949263794972,20.898470762506104,32.68735170545826,10.18130626891323,41.261083300332565,64.30298696155724,16.07574674038931,10.18130626891323,26.792911233982185,21.97018721186539,50.370673119886504,62.69541228751831,4.28686579743715,26.257053009302542,42.868657974371494,0.04415408884688648,0.04241586469723781,0.0413534386939872,0.041300755591735495,0.042761795089341206,0.042874858820347736,0.04036135691094136,0.042020861081385426,0.042927613133169125,0.0412662282498712,0.042704914205453304
1652,46.64516163319034,21.2023461969047,43.99486835857725,33.3936952601249,23.32258081659517,32.86363660520228,27.56305005597611,51.415689527493896,13.251466373065437,40.28445777411893,69.43768379486289,21.73240485182732,5.830645204148793,43.99486835857725,27.56305005597611,71.02785975963074,56.18621742179745,5.830645204148793,32.86363660520228,66.25733186532719,0.04347511584701501,0.04341387545698953,0.042423668338014406,0.04353311535065685,0.04204940900261708,0.042694152004261465,0.04147379312778703,0.04243092525937797,0.04339684866236612,0.0425149373763526,0.042535504651944576
1653,46.61051056412697,21.716260603740974,43.96218610025612,33.36888824477272,23.305255282063484,32.83922335199855,27.54257442425685,51.377494599094504,13.771287212128424,40.25453185083693,68.85643606064211,21.716260603740974,5.826313820515871,43.43252120748195,28.072239317031016,70.44543073896463,56.14447863406203,5.826313820515871,32.30955845922438,66.73777648954544,0.043440162434150276,0.043448758367663314,0.04257560288269766,0.0437826072354661,0.04193526084449981,0.04244440230858743,0.04142323226940996,0.04264723154710427,0.04342866999568829,0.04263320638287409,0.04257597295768867
1654,46.063194173272606,21.707942081657205,43.94534616530605,33.35610612547327,23.296328087632123,32.82664412348163,27.532024103565238,51.357814193189,13.23655004979098,40.23911215136458,68.8300602589131,21.707942081657205,5.824082021908031,43.41588416331441,27.532024103565238,71.47737026887128,56.122972211113755,5.824082021908031,32.82664412348163,66.71221225094654,0.043499912236979625,0.043505279612242924,0.04259917947847897,0.04376175942246926,0.04192375920886415,0.04251350249372371,0.04147605012111752,0.04261628014505792,0.04345556880856072,0.042613315278301284,0.04257339120256476
1655,46.568790978364355,21.69682306946521,43.922836945502745,33.3390208140563,23.284395489182177,32.809830007483974,27.517921941760754,51.33150823751525,12.700579357735734,40.21850129949649,68.79480485440189,21.69682306946521,5.821098872295544,43.39364613893042,28.047112748333078,70.38237727411885,56.094225496666155,5.821098872295544,33.3390208140563,66.6780416281126,0.043536595854667334,0.04349657469369465,0.04256676049694844,0.04379233027906063,0.04192666626343894,0.042545119618482785,0.041530014391007904,0.04265481658087547,0.04352746507963567,0.0426144821507274,0.04261836801913865
1656,46.59138149589287,21.707348196950086,43.94414391089896,33.355193570923305,23.295690747946434,32.825746053924526,27.531270883936696,51.356409148881916,13.236187924969565,40.238011291907476,68.82817720984174,21.707348196950086,5.8239226869866085,43.41469639390017,28.060718400935478,70.41651976083809,56.121436801870956,5.8239226869866085,32.825746053924526,66.71038714184661,0.043508287278460324,0.04350317256650874,0.04256310329047954,0.043758698418179164,0.04192303125303942,0.04249891220986719,0.04149184649680168,0.04261983018179354,0.04347199582790542,0.04262848916933058,0.042585116308851687
1657,47.08138569679034,21.689177680543867,44.436364028431335,33.3272730213235,23.27619068155927,32.7982686876517,27.508225350933685,51.313420366164756,12.696104008123239,40.20432935905692,68.77056337733421,21.689177680543867,5.819047670389818,43.378355361087735,28.037229684605485,69.82857204467781,55.54545503553917,5.819047670389818,33.3272730213235,66.654546042647,0.04356837804602723,0.04348577147912086,0.04255413269567771,0.04376101818269354,0.04198536328740563,0.04255452237614854,0.04155245374660595,0.04266648972641858,0.043548275059192565,0.04264292181796292,0.04267633991094481
1658,46.6525757010004,21.735859133420643,44.00186117253447,34.459288870057115,23.3262878505002,32.868860152977554,27.037288190352506,50.893718946545896,13.25357264232966,40.290860832682164,68.91857774011423,20.675573322034268,5.83157196262505,43.471718266841286,28.097574001738877,70.50900645719379,56.725290909170944,5.83157196262505,32.868860152977554,66.79800611734149,0.04349323689382626,0.04333790236941882,0.04248466812903685,0.04365562421424393,0.041847517713921076,0.04249592505657604,0.04140107546275689,0.04261272743553875,0.043442076904877155,0.04250345026348731,0.04258288986313042
1659,46.62808873523523,21.724450433461868,43.97876551164232,34.441201906707846,23.314044367617615,32.851607972552095,27.023096880647692,50.86700589298389,13.246616117964555,40.26971299861225,68.88240381341569,21.19458578874329,5.828511091904404,43.448900866923736,28.082826170084857,70.47199774757144,56.69551698488829,5.828511091904404,32.851607972552095,66.76294523454136,0.04350736632285279,0.04342336068401481,0.042473030548776054,0.043720236233772566,0.04184181224459745,0.042450212233539834,0.04156224190454952,0.04255609603971825,0.04349920238890638,0.04248678308173103,0.042615013598959285
1660,46.60931564934467,21.71570388208104,43.43140776416208,33.36803279441721,23.304657824672336,32.838381480220114,27.012217024052028,51.90582879131566,13.241282854927464,39.723848564782394,68.85467084562282,21.71570388208104,5.826164456168084,43.43140776416208,28.071519652446224,71.5029274166083,56.14303930489245,5.826164456168084,32.838381480220114,66.73606558883442,0.04351928080894774,0.04342617086102312,0.042538203673686555,0.04362599154431816,0.04183145238752271,0.042739316691188106,0.0415649114919044,0.04264389651909676,0.04331265504424389,0.0426222094004098,0.04252459738056016
1661,41.72891504899091,23.00440188598217,46.00880377196434,26.74930451858392,18.189527072637066,34.23910978378741,20.864457524495457,32.63415151267238,10.16473571706189,41.72891504899091,64.73331693497309,16.58456880152203,10.16473571706189,26.74930451858392,21.934429705238813,49.75370640456609,62.05838648311469,4.279888722973427,26.21431842821224,42.79888722973427,0.04423935982187488,0.04254450340541038,0.04141743423148571,0.04139997469065022,0.04287434554889769,0.042889165703108315,0.04051856924437736,0.042013961616428466,0.0430249499265304,0.041313140933443904,0.04277850450611439
1662,47.10758772783743,21.701248279116122,43.93179529674727,33.34582052644672,23.289144494661205,32.8165217879317,27.523534402781422,51.341977635957655,13.232468462875683,40.75600286565711,68.80883600695356,21.701248279116122,5.822286123665301,43.402496558232244,28.05283314129645,69.33813474546858,56.1056662825929,5.822286123665301,32.8165217879317,66.69164105289344,0.04351360836348715,0.04353595312910571,0.04252122870153181,0.04377657165398008,0.041926902850233594,0.042552534495750145,0.04150872699973359,0.04265071769178983,0.04348211003925499,0.04264446115442039,0.04258844640568539
1663,46.584837419297855,21.704299252172866,43.93797165683775,33.35050860699733,23.292418709648928,32.82113545450531,27.5274039295851,51.349195791726046,12.704955659808506,40.2323595893936,68.81850982396274,21.704299252172866,5.823104677412232,43.40859850434573,28.05677708207712,70.40662928143881,56.11355416415424,5.823104677412232,32.82113545450531,66.70101721399466,0.04356848479121677,0.043485792565050904,0.04262577412846365,0.04370662376150405,0.04198115477562056,0.042573974530563975,0.04133427986530716,0.04271309135773581,0.04339239194076473,0.04273606494077542,0.042509214850976
1664,46.57257566458676,21.698586389182466,43.92640659273523,33.34173030532916,23.28628783229338,32.81249649095885,27.520158347255812,51.33567999391949,13.230845359257602,40.75100370651341,68.27116205376922,21.698586389182466,5.821571958073345,43.92640659273523,28.049392161626116,70.38809731125043,56.09878432325223,5.821571958073345,32.81249649095885,66.154226796288,0.0435212060913469,0.043535958142546786,0.0425829887297109,0.04371087374292309,0.04198919883774392,0.04242763512005881,0.04157192047788723,0.04264473253543885,0.043485222360299024,0.04268373802140979,0.04261271157033064
1665,46.54233134154175,22.21338541300856,42.84010043937366,33.32007811951284,23.271165670770873,32.791187990631684,27.502286701820122,50.773452372590995,13.222253222028906,40.72453992384903,68.7557167545503,21.684495284127404,5.817791417692718,43.36899056825481,28.03117683070128,69.81349701231262,56.59124379028371,5.817791417692718,32.791187990631684,66.64015623902569,0.04342901141267993,0.04373276138280378,0.04262313114610034,0.043594159051008004,0.041749237837337715,0.04249781708273717,0.04157358351382321,0.04284688763678454,0.04378371737771881,0.0425561550835429,0.042723409594307475
1666,37.72537938304776,18.33872608898155,42.44105180592873,25.15025292203184,19.38665329406621,30.38988894745514,20.9585441016932,45.06086981864038,7.33549043559262,39.82123379321708,48.20465143389436,24.62628931948951,9.43134484576194,33.53367056270912,21.48250770423553,57.6359962796563,43.48897901101339,4.71567242288097,33.00970696016679,47.68068783135203,0.042918555123628126,0.04328105899284647,0.0434750782754891,0.04491593134447122,0.043060163768445306,0.04272796878321709,0.0438059294054997,0.04291709531411504,0.04349896271983524,0.04291804802061226,0.04251760570951054
1667,37.191274829891015,18.333727028819514,43.47712409691485,26.71485938485129,19.381368573323485,31.429246335119167,20.42901011782746,43.47712409691485,7.857311583779792,40.85802023565492,46.62004873042677,24.09575552359136,9.952594672787736,35.09599174088307,22.00047243458342,55.001181086458544,43.47712409691485,4.714386950267875,32.47688787962314,47.667690274930735,0.04293489336651683,0.04374016380681105,0.04379406752863167,0.04548188985563859,0.04278828613998028,0.042768641982207645,0.04363154889919733,0.04291362211950123,0.043177389703598267,0.0428941298556052,0.04205459449032578
1668,45.76939958288321,23.40480660488346,40.048224635022805,34.32704968716241,21.844486164557896,36.92758375437168,23.924913418325314,47.84982683665063,10.402136268837094,38.487904194697244,62.93292442646441,26.52544748553459,10.922243082278948,36.92758375437168,31.726515619953133,69.69431300120853,47.32972002320877,5.201068134418547,39.528117821580956,49.930254090418046,0.044847880419366895,0.04600222066467598,0.04128379357889366,0.042735726101258316,0.04417685135695849,0.04346866474268259,0.04213652367309059,0.04194176629241902,0.04416614587988185,0.045007411234219544,0.044126202614698455
1669,37.72537938304776,18.33872608898155,42.44105180592873,25.15025292203184,19.38665329406621,30.38988894745514,20.9585441016932,45.06086981864038,7.33549043559262,39.82123379321708,48.20465143389436,24.62628931948951,9.43134484576194,33.53367056270912,21.48250770423553,57.6359962796563,43.48897901101339,4.71567242288097,33.00970696016679,47.68068783135203,0.042918555123628126,0.04328105899284647,0.0434750782754891,0.04491593134447122,0.043060163768445306,0.04272796878321709,0.0438059294054997,0.04291709531411504,0.04349896271983524,0.04291804802061226,0.04251760570951054
1670,46.58752498034263,21.705551411295996,43.41110282259199,33.35243265638165,23.293762490171314,32.82302896342321,27.528992033838826,51.352158216968576,13.235092323960973,40.234680664841356,68.82248008459706,21.705551411295996,5.823440622542829,42.88169912963355,28.058395726797265,70.94009485643082,56.11679145359453,5.823440622542829,33.35243265638165,66.7048653127633,0.04347718920693695,0.04360254206752394,0.04257755056504526,0.04366129921721511,0.04200105202053873,0.042336278609504965,0.041521257798317446,0.0426750318437434,0.04359502811219142,0.042492326404221126,0.042656751196322736
1671,41.20519640561274,23.01069409664088,46.02138819328176,26.756621042605676,18.19450230897186,34.24847493453527,20.870164413232427,32.64307767197892,10.167515996190156,41.740328826464854,64.21589050225361,16.58910504641552,10.167515996190156,26.756621042605676,21.940429254936653,49.767315139246556,62.61049323969728,4.281059366816908,26.22148862175356,43.34572608902119,0.04424687633622597,0.042507975661103786,0.04133703526206301,0.04139378166373391,0.04276748082325172,0.042972119779999554,0.040407101177546124,0.042098266777654915,0.04305295977135498,0.04134296317096881,0.04274101872398366
1672,41.742544142400504,23.011915360554124,46.02383072110825,26.7580411169234,18.195467959507912,34.25029262966195,20.871272071200252,32.64481016264655,10.168055624430892,41.207383320062036,64.75445950295463,16.58998549249251,10.168055624430892,26.7580411169234,21.941593715877186,49.76995647747752,62.61381621360076,4.281286578707744,26.222880294584932,42.81286578707744,0.044220569379513734,0.042550975296058134,0.0413696365156606,0.041332354929984376,0.04287157294053035,0.04295901074574092,0.04041171038772034,0.04200576497039081,0.043028167418174536,0.04132663423074541,0.042762780847012745
1673,46.62808873523523,21.724450433461868,43.97876551164232,34.441201906707846,23.314044367617615,32.851607972552095,27.023096880647692,50.86700589298389,13.246616117964555,40.26971299861225,68.88240381341569,21.19458578874329,5.828511091904404,43.448900866923736,28.082826170084857,70.47199774757144,56.69551698488829,5.828511091904404,32.851607972552095,66.76294523454136,0.04350736632285279,0.04342336068401481,0.042473030548776054,0.043720236233772566,0.04184181224459745,0.042450212233539834,0.04156224190454952,0.04255609603971825,0.04349920238890638,0.04248678308173103,0.042615013598959285
1674,47.4696631414285,24.766780769440956,43.85784094588502,38.18212035288814,21.670933173260835,41.277967949068255,22.702882371987542,44.88979014461173,11.867415785357124,38.18212035288814,60.36902812551233,27.34665376625772,10.319491987267064,35.08627275670802,30.95847596180119,57.78915512869556,51.59745993633532,5.159745993633532,40.7619933497049,40.24601875034155,0.0451813424302719,0.045362888853359484,0.041682978807821264,0.04166333162883725,0.0441454910443844,0.04483802318044581,0.04366731653112844,0.0434659376935053,0.04464179985049535,0.04518783718523997,0.04418845343115755
1675,46.06439964865436,21.708510179250904,42.8875445004713,34.41593077198314,23.296937753342434,32.82750319789161,27.532744617586513,51.88863408698997,13.766372308793256,39.71068935228824,69.36133740199679,21.708510179250904,6.353710296366119,42.8875445004713,28.591696333647533,69.8908132600273,56.65391680926456,5.824234438335608,32.2980273398611,66.18448225381373,0.04356225950001921,0.04350696396305675,0.04266710613958835,0.04368335482331314,0.04188184278050885,0.042583555502954736,0.04144268909160203,0.04264082099386861,0.04345924945988666,0.0425281713291423,0.04256812838554955
1676,41.932947517931204,20.44231191499146,48.22288964562088,34.594681702293244,22.538959290888023,36.6913290781898,22.538959290888023,51.367860709465724,10.483236879482801,37.215490922163944,61.85109758894853,28.8289014185777,13.104046099353502,38.78797645408636,30.925548794474263,68.1410397166382,47.69872780164674,4.717456595767261,38.26381461011222,48.74705148959502,0.044493427767131506,0.04528198900300606,0.04188368665671207,0.0413416689457483,0.04356437114888464,0.043518874069373215,0.042412725242520107,0.04326749326078816,0.04283697546730856,0.04422537626689476,0.04301156819749269
1677,48.72501031663649,21.18478709418978,43.958433220443794,32.836419995994156,22.77364612625401,32.30680031863941,27.540223222446713,52.4323480581197,12.710872256513868,39.721475801605834,69.38017773347153,21.714406771544525,5.825816450902189,43.42881354308905,27.540223222446713,69.90979741082627,55.61006612224817,5.825816450902189,33.895659350703646,65.14322031463357,0.043434558296479,0.04338188311295556,0.04232045013881597,0.04360130791251296,0.042002559600514834,0.042757817374446526,0.041462801331053754,0.0428738797053831,0.043361899722707715,0.04250838950165234,0.04267477594873377
1678,47.74291852938977,21.749551774499782,44.56005729409712,33.42004297057284,22.810505519597335,32.88956609802406,28.115274245085086,53.04768725487752,13.26192181371938,40.316242313706915,68.96199343134077,20.158121156853458,6.365722470585302,42.96862667645079,27.58479737253631,68.96199343134077,56.23054849017017,5.835245598036527,32.88956609802406,66.84008594114567,0.04349124838033885,0.04347349294497762,0.042264984075430376,0.04354736602488795,0.04191445045871159,0.04278026039985832,0.041445329786246904,0.04254253313450499,0.043136315927172056,0.0424857577308904,0.042441388588205946
1679,44.47541126292274,24.53815793816427,37.82966015466992,34.762390412399384,18.91483007733496,34.251178788687625,23.004523067029005,37.318448530958165,5.112116237117556,37.82966015466992,49.587527500040295,29.650274175281826,9.713020850523357,37.318448530958165,25.560581185587782,50.609950747463806,51.121162371175565,5.112116237117556,28.11663930414656,49.587527500040295,0.045884870053762995,0.047305820363199566,0.04322764680575749,0.044684343532157965,0.044337096929641974,0.04391282403107321,0.043064966064373496,0.04459434841089857,0.04460462399043659,0.04327073506979166,0.04390110103715095
1680,41.723404638433685,23.001364095546773,45.46781274701107,26.745772204124155,18.187125098804426,34.23458842127892,20.861702319216842,32.62984208903147,10.16339343756718,41.723404638433685,64.72476873398045,16.582378766556978,10.16339343756718,26.745772204124155,21.931533207381808,49.74713629967093,62.585106957650524,4.279323552659865,26.210856760041672,42.79323552659865,0.04432240394944353,0.04244951052912651,0.041496004647540705,0.041432802792844434,0.042771438226306746,0.043035550716785526,0.04039944731204779,0.04205944652147027,0.043011144173346096,0.041347928415117176,0.04275887863348821
1681,46.59138149589287,21.707348196950086,43.94414391089896,33.355193570923305,23.295690747946434,32.825746053924526,27.531270883936696,51.356409148881916,13.236187924969565,40.238011291907476,68.82817720984174,21.707348196950086,5.8239226869866085,43.41469639390017,28.060718400935478,70.41651976083809,56.121436801870956,5.8239226869866085,32.825746053924526,66.71038714184661,0.043508287278460324,0.04350317256650874,0.04256310329047954,0.043758698418179164,0.04192303125303942,0.04249891220986719,0.04149184649680168,0.04261983018179354,0.04347199582790542,0.04262848916933058,0.042585116308851687
1682,47.09390626697899,21.694945583664477,43.91903618156467,33.336135896850294,23.282380626371634,32.80699088261458,27.515540740257386,51.32706638086474,13.228625355892975,40.74416609615036,68.25970683640774,21.694945583664477,5.820595156592908,43.389891167328955,28.044685754493106,69.8471418791149,56.08937150898621,5.820595156592908,32.80699088261458,66.14312677946486,0.04346000857629717,0.04352331329833081,0.042623143573180367,0.04365168796968743,0.04189820517628334,0.04251509214203341,0.041606236474206006,0.04257132056623132,0.043575496978227775,0.04281287128831898,0.042617609721484324
1683,46.509219100079356,22.197581843219695,43.86664983302939,33.29637276482954,23.254609550039678,32.767858911419545,27.48272037731962,51.265843780769295,12.155818628429833,40.16705285915945,68.70680094329906,21.140554136399707,5.8136523875099195,43.3381359796194,28.011234230729613,69.76382865011904,56.550982314869216,5.8136523875099195,33.82488661823953,66.59274552965908,0.04361443103234505,0.0435377152312863,0.04267299052263358,0.043820627386210384,0.04206576079005607,0.04262782385235765,0.041741359831749494,0.04265813792948968,0.043578359590750425,0.04251295745165873,0.04265598297146996
1684,41.78300638831467,23.034221470481164,46.60412251004328,26.783978454047865,18.21310534875255,34.283492421181265,20.891503194157334,32.67645371393839,10.177911812538188,41.24732681923371,64.81722785879583,16.07038707242872,10.177911812538188,26.783978454047865,21.427182763238292,50.35387949360999,62.674509582472005,4.285436552647658,26.248298884966907,42.854365526476585,0.04417902304680828,0.042478295149314955,0.04132530295714597,0.04130938779074746,0.042814439013872774,0.0429050831675676,0.04034733011422273,0.041980855268543435,0.04299550701998265,0.04127434200097292,0.04271086538986391
1685,41.24069190184144,23.030516256872488,46.5966259150676,26.7796700661308,18.210175644968945,34.277977684647425,20.888142651582026,32.67119748067958,9.64068122380709,40.70509850051882,65.34239496135916,16.067802039678483,10.176274625129706,26.7796700661308,21.42373605290464,50.34577972432591,62.664427954746074,4.284747210580928,26.7796700661308,43.3830655071319,0.044196921830030544,0.04255968460624663,0.04132426160033695,0.041371124277086335,0.04286519766407496,0.04285864900655612,0.04035254689029677,0.042031481793112585,0.04302254574532191,0.041230714452969296,0.042593470811351945
1686,46.04023253386325,21.69712107917693,44.45263830855762,33.868676806520085,23.28471530448256,32.281082581214456,27.51829990529757,51.33221328488201,13.22995187754691,40.2190537077426,68.79574976324393,21.69712107917693,5.82117882612064,43.39424215835386,28.04749798039945,70.38334398854956,56.0949959607989,5.82117882612064,32.81028065631634,66.67895746283642,0.04351518398972367,0.043557238514141915,0.04259804177441037,0.04377356153502766,0.04195381688240788,0.042543924494117105,0.04149447934545519,0.042649444951528635,0.04351544343443165,0.04263013436136123,0.042570655615518316
1687,57.38440536949155,20.37950844897831,48.26725685284337,25.74253698818313,24.669931280342166,28.960354111706017,22.524719864660238,44.513136875399994,10.726057078409637,27.35144554994457,62.74743390869637,18.770599887216864,15.552782763693973,31.105565527387945,38.07750262835421,55.77549680773011,53.63028539204818,8.044542808807227,32.71447408914939,64.89264532437831,0.04338030704898277,0.04335814767453681,0.04093906040562504,0.04209741171937851,0.04180534501435652,0.04350697721596132,0.04092939219973065,0.04108984127937449,0.042221742396537136,0.04210454898281064,0.04226437214222415
1688,57.38440536949155,20.37950844897831,48.26725685284337,25.74253698818313,24.669931280342166,28.960354111706017,22.524719864660238,44.513136875399994,10.726057078409637,27.35144554994457,62.74743390869637,18.770599887216864,15.552782763693973,31.105565527387945,38.07750262835421,55.77549680773011,53.63028539204818,8.044542808807227,32.71447408914939,64.89264532437831,0.04338030704898277,0.04335814767453681,0.04093906040562504,0.04209741171937851,0.04180534501435652,0.04350697721596132,0.04092939219973065,0.04108984127937449,0.042221742396537136,0.04210454898281064,0.04226437214222415
1689,46.54724471261745,21.686784468378583,44.960406824687304,33.85254160917633,23.273622356308724,32.26570372124618,26.976244094812383,51.30775837640787,13.223649066084501,40.72883912354027,67.70508321835266,21.686784468378583,5.818405589077181,43.37356893675717,28.034136020099144,69.82086706892618,55.53932607755491,5.818405589077181,32.79464968388957,67.17613725570926,0.04348607860564576,0.04353011329238458,0.04283698805430118,0.044012961867216094,0.04179686743612956,0.042471593173347165,0.04157799005184746,0.042637261175890014,0.04362151703540595,0.04245065663413629,0.04263201003031589
1690,45.25965183117534,23.410164740263106,40.05739300000576,34.33490828571922,21.849487090912234,36.41581181818706,23.930390623380067,47.86078124676013,10.924743545456117,37.97648946753793,62.42710597403495,26.531520038964857,10.924743545456117,37.456263584420974,32.254004753251394,70.23049422078932,47.86078124676013,5.20225883116958,39.5371671168888,49.421458896111005,0.04487060062301766,0.045910287280839214,0.041291559860133664,0.042860907195819975,0.04413752447669792,0.04346967770298125,0.042157761105099244,0.04191797568328819,0.04417180073726094,0.04498766278760384,0.04399835943030014
1691,45.275163471939095,23.418188002727117,40.07112169355529,34.34667573733311,21.856975469211974,36.948696626525006,23.938592180565497,47.87718436113099,10.408083556767608,38.509909160040145,62.448501340605645,26.5406130697574,10.928487734605987,36.948696626525006,32.78546320381796,70.25456400818135,47.356780183292614,5.204041778383804,39.55071751571691,49.43839689464613,0.04483506936102304,0.045878300971862324,0.04125065279161754,0.04280245486763602,0.044164683641531276,0.04348146795839978,0.042130654738694505,0.04191996635172442,0.04418129363488632,0.044965584426502635,0.04398569341774192
1692,45.19846837459967,23.898040749788333,40.00324212464569,34.2884932496963,21.819950249806737,36.36658374967789,23.898040749788333,47.796081499576665,10.39045249990797,38.44467424965949,62.34271499944782,26.495653874765324,10.909975124903369,36.8861063746733,32.729925374710106,70.1355543743788,47.27655887458126,5.195226249953985,39.483719499650284,49.35464937456286,0.04483022669628725,0.045984272980793287,0.04136074926516566,0.04294305545637689,0.044267933782352824,0.04355792726645095,0.04218783979534061,0.04202050367986399,0.04424954065956408,0.04497506952158151,0.04410025590082452
1693,45.243631240270815,23.401878227726286,40.04321385633164,34.32275473399855,21.841753012544533,36.40292168757422,23.921919966120203,47.84383993224041,10.400834767878349,38.48308864114989,62.40500860727009,27.04217039648371,10.920876506272267,36.92296342596814,32.7626295188168,70.20563468317886,47.323798193846486,5.2004173839391745,39.523172117937726,49.403965147422156,0.04488372385949809,0.04585726079514648,0.04116870786155321,0.04281290845466171,0.04419465420675678,0.043547202974286395,0.04216769293800306,0.04198655060837769,0.04427083812299729,0.04500920810324149,0.04405951368156031
1694,45.275163471939095,23.418188002727117,40.07112169355529,34.34667573733311,21.856975469211974,36.948696626525006,23.938592180565497,47.87718436113099,10.408083556767608,38.509909160040145,62.448501340605645,26.5406130697574,10.928487734605987,36.948696626525006,32.78546320381796,70.25456400818135,47.356780183292614,5.204041778383804,39.55071751571691,49.43839689464613,0.04483506936102304,0.045878300971862324,0.04125065279161754,0.04280245486763602,0.044164683641531276,0.04348146795839978,0.042130654738694505,0.04191996635172442,0.04418129363488632,0.044965584426502635,0.04398569341774192
1695,45.26589766940422,23.413395346243558,40.062920925794536,34.339646507823886,21.852502323160657,36.94113487962873,23.933693020604526,47.86738604120905,10.40595348721936,38.50202790271163,62.43572092331616,26.535181392409367,10.40595348721936,36.94113487962873,31.73815813601905,70.76048371309165,47.86738604120905,5.20297674360968,39.54262325143357,49.948576738652925,0.04485636214546319,0.04588600200477761,0.041248746973764266,0.04280717802911454,0.044224675359497194,0.043513639808290205,0.04212457440248662,0.04194478827360293,0.04415760222412133,0.04497537736229974,0.043963379055614434
1696,45.26589766940422,23.413395346243558,40.062920925794536,34.339646507823886,21.852502323160657,36.94113487962873,23.933693020604526,47.86738604120905,10.40595348721936,38.50202790271163,62.43572092331616,26.535181392409367,10.40595348721936,36.94113487962873,31.73815813601905,70.76048371309165,47.86738604120905,5.20297674360968,39.54262325143357,49.948576738652925,0.04485636214546319,0.04588600200477761,0.041248746973764266,0.04280717802911454,0.044224675359497194,0.043513639808290205,0.04212457440248662,0.04194478827360293,0.04415760222412133,0.04497537736229974,0.043963379055614434
1697,39.64649405896113,19.030317148301343,47.57579287075336,25.373756197735126,20.61617691065979,23.78789643537668,20.61617691065979,41.23235382131958,5.814819128647633,40.17511397974728,53.91923192018714,19.030317148301343,6.343439049433782,32.24581516795505,19.55893706908749,56.56233152411788,50.218892474684104,5.814819128647633,29.074095643238163,61.31991081119322,0.04488675201577323,0.044542494600003785,0.04086011121892135,0.04315741955949451,0.04340700972510944,0.043692973583592865,0.0411157868495032,0.04211346357830082,0.04251638509043743,0.04200953365026822,0.04307814934244662
1698,39.64649405896113,19.030317148301343,47.57579287075336,25.373756197735126,20.61617691065979,23.78789643537668,20.61617691065979,41.23235382131958,5.814819128647633,40.17511397974728,53.91923192018714,19.030317148301343,6.343439049433782,32.24581516795505,19.55893706908749,56.56233152411788,50.218892474684104,5.814819128647633,29.074095643238163,61.31991081119322,0.04488675201577323,0.044542494600003785,0.04086011121892135,0.04315741955949451,0.04340700972510944,0.043692973583592865,0.0411157868495032,0.04211346357830082,0.04251638509043743,0.04200953365026822,0.04307814934244662
1699,39.64649405896113,19.030317148301343,47.57579287075336,25.373756197735126,20.61617691065979,23.78789643537668,20.61617691065979,41.23235382131958,5.814819128647633,40.17511397974728,53.91923192018714,19.030317148301343,6.343439049433782,32.24581516795505,19.55893706908749,56.56233152411788,50.218892474684104,5.814819128647633,29.074095643238163,61.31991081119322,0.04488675201577323,0.044542494600003785,0.04086011121892135,0.04315741955949451,0.04340700972510944,0.043692973583592865,0.0411157868495032,0.04211346357830082,0.04251638509043743,0.04200953365026822,0.04307814934244662
1700,45.25965183117534,23.410164740263106,40.05739300000576,34.33490828571922,21.849487090912234,36.41581181818706,23.930390623380067,47.86078124676013,10.924743545456117,37.97648946753793,62.42710597403495,26.531520038964857,10.924743545456117,37.456263584420974,32.254004753251394,70.23049422078932,47.86078124676013,5.20225883116958,39.5371671168888,49.421458896111005,0.04487060062301766,0.045910287280839214,0.041291559860133664,0.042860907195819975,0.04413752447669792,0.04346967770298125,0.042157761105099244,0.04191797568328819,0.04417180073726094,0.04498766278760384,0.04399835943030014
1701,45.25965183117534,23.410164740263106,40.05739300000576,34.33490828571922,21.849487090912234,36.41581181818706,23.930390623380067,47.86078124676013,10.924743545456117,37.97648946753793,62.42710597403495,26.531520038964857,10.924743545456117,37.456263584420974,32.254004753251394,70.23049422078932,47.86078124676013,5.20225883116958,39.5371671168888,49.421458896111005,0.04487060062301766,0.045910287280839214,0.041291559860133664,0.042860907195819975,0.04413752447669792,0.04346967770298125,0.042157761105099244,0.04191797568328819,0.04417180073726094,0.04498766278760384,0.04399835943030014
1702,45.243631240270815,23.401878227726286,40.04321385633164,34.32275473399855,21.841753012544533,36.40292168757422,23.921919966120203,47.84383993224041,10.400834767878349,38.48308864114989,62.40500860727009,27.04217039648371,10.920876506272267,36.92296342596814,32.7626295188168,70.20563468317886,47.323798193846486,5.2004173839391745,39.523172117937726,49.403965147422156,0.04488372385949809,0.04585726079514648,0.04116870786155321,0.04281290845466171,0.04419465420675678,0.043547202974286395,0.04216769293800306,0.04198655060837769,0.04427083812299729,0.04500920810324149,0.04405951368156031
1703,40.73976001115031,23.050127374729783,46.100254749459566,26.802473691546258,18.225682110251455,34.84321579901014,20.905929479406083,32.69901790368643,9.648890528956652,41.27580948498124,65.39803580737286,16.61753368875868,10.184940002787577,26.802473691546258,21.978028427067933,50.388650540106966,63.25383791204917,3.7523463168164763,26.266424217715333,42.883957906474016,0.044020649768409185,0.04247536052151691,0.04123576898217969,0.04123115573209172,0.04280855687293121,0.04291969018071548,0.0403102574907415,0.04196417492280352,0.04299310512192068,0.041333980926593086,0.04265782564917193
1704,45.98743397900389,21.672239001599536,43.34447800319907,33.30124529514075,23.25801258708243,32.77265409997978,27.48674214837014,51.8019371257745,12.686188683863142,39.64433963707232,69.77403776124729,22.2008301967605,6.343094341931571,43.873069198360035,28.015333343531108,69.77403776124729,55.50207549190125,5.814503146770607,33.30124529514075,66.07389939512053,0.04361542969821719,0.043707002058484885,0.04267581911679473,0.043788193406351775,0.041731790509267556,0.04275116943833092,0.041434512522043075,0.04270799193143014,0.04349154739283032,0.04284446722557425,0.04266088153971093
1705,48.217598986722905,21.194549005152926,43.97868918569232,34.97100585850233,22.784140180539396,32.85155095798704,25.963322531312333,52.45650878775349,12.716729403091756,40.799506834919384,68.35242054161819,21.72441273028175,5.298637251288231,43.97868918569232,28.61264115695645,68.882284266747,57.2252823139129,5.828500976417055,33.38141468311586,65.17323819084525,0.04365473114291104,0.04338367208052449,0.0423998093400058,0.043718990256183685,0.04183637632626028,0.04256741273855388,0.04126297885355249,0.0427562246159814,0.043386292156642546,0.042437839601966086,0.0427319477585953
1706,46.534333375465486,22.209568201926707,43.36153791804738,33.314352302890065,23.267166687732743,32.25675381708403,27.497560630956876,50.764727318689616,12.691181829672404,40.7175417035323,69.27270082029521,21.68076895902369,5.816791671933186,43.36153791804738,28.026359873859892,71.38789779190728,55.52392050481677,5.816791671933186,32.785553059987045,66.62870460578013,0.043603020211857045,0.04365434155681967,0.042567141309398954,0.04386163492592083,0.04190415660413236,0.042583658142586474,0.041514627565563275,0.042701869926769186,0.0435842000137132,0.04258528764935099,0.042640819190871024
1707,50.02986355011496,24.751616703741085,52.13638412064611,31.071178415334554,23.69835641847551,37.39074012692802,22.64509613320993,49.50323340748217,12.112493280554148,34.75758941376408,64.24887740120026,24.224986561108295,10.005972710022991,36.33747984166244,30.544548272701764,50.55649369274775,63.19561711593469,7.372821996859047,30.017918130068978,67.93528839962978,0.04402629822850246,0.04356147597257661,0.04225475504547785,0.043573381709794676,0.04311334525566942,0.042726685175889734,0.04310028820452983,0.0415843577473302,0.04358366485177896,0.04336326023244348,0.04248234494321779
1708,40.80063003248455,17.716063040420924,51.000787540605685,31.13732291952768,22.010866201735084,33.284724500184765,23.084566992063625,52.611338726098495,15.03181106459957,37.57952766149893,70.32740176651942,23.084566992063625,10.200157508121137,40.263779637320276,33.284724500184765,65.49574821004099,59.59039386323401,8.589606322628326,31.674173314691952,67.64314979069806,0.04372880946789348,0.04236921136329863,0.041553468104738034,0.041412321377556155,0.041555818367709746,0.04194878463983003,0.04162722656439753,0.04312755073341112,0.04265446181305884,0.04175292509854304,0.04141902730529299
1709,47.22205454503133,26.75916424218442,52.99363898942405,31.48136969668755,23.611027272515663,38.82702262591465,23.611027272515663,47.22205454503133,8.395031919116681,34.629506666356306,65.58618686809906,22.036958787681286,9.969100403951058,37.77764363602506,28.85792222196359,53.51832848436884,64.01211838326469,7.345652929227096,29.907301211853174,65.58618686809906,0.04418504008105231,0.043549132263137794,0.042625600931984656,0.043706832020347246,0.043207480738245964,0.04270768648695274,0.04320233095837165,0.04205183144235974,0.04342226821913869,0.04365034611820981,0.04300195579540677
1710,45.41974740694693,15.139915802315643,51.908282750796495,30.820542883285416,22.169162424819334,34.60552183386433,22.169162424819334,55.15255042272127,12.436359409044993,38.39050078444324,71.37388878234518,23.791296260781724,10.273514294428473,38.39050078444324,34.0648105552102,65.42606471714974,57.85610681599192,8.651380458466083,32.983387997901936,66.507487274458,0.04307941854672978,0.04211572309181263,0.040946713090117826,0.041232383188050885,0.04157367799780184,0.04172028750521039,0.0412036800083835,0.042608470108312264,0.042373612163791693,0.04111842227690648,0.04131633336875265
1711,50.16603787257107,24.290923601455464,52.80635565533797,30.62768628009602,23.762860044902087,37.49251251528996,22.706732931795326,49.63797431601769,12.145461800727732,35.38025828907644,64.42375389951232,24.290923601455464,9.505144017960834,36.4363854021832,31.155749836649402,50.69410142912445,63.89569034295894,7.392889791747316,30.09962272354264,67.5921352388326,0.043883859466659396,0.04335960691964059,0.04203400213203796,0.04343725100211623,0.04313936514288755,0.04247934416091841,0.042805960910067005,0.04161664746773586,0.04354906946214292,0.04322170967603306,0.04240962710638143
1712,48.01616061730278,27.66148383388095,54.279138089124885,31.31488735911051,22.964250730014374,37.0559500416141,25.051909887288407,46.972331038665764,8.872551418414645,36.01212046297709,62.62977471822102,22.442335940695866,9.916380997051661,37.57786483093261,28.705313412517967,52.71339372116936,60.54211556094698,7.306807050459119,30.27105778047349,65.23934866481356,0.04449740897911514,0.04381540028970546,0.042753834599670235,0.043829090699898834,0.043784582137180214,0.04312710139164189,0.04328131853211353,0.04220986144661986,0.04376327201312064,0.04371819682618126,0.04330514376624444
1713,49.81553570275604,26.743077061479557,54.534902243017136,31.462443601740656,23.072458641276484,37.75493232208879,21.49933646118945,46.14491728255297,9.963107140551209,35.65743608197275,63.973635323539334,23.072458641276484,9.963107140551209,37.23055826205978,30.413695481682634,54.010528182988125,59.778642843307246,7.341236840406153,30.413695481682634,66.07113156365538,0.04402373046430625,0.04399737174514886,0.04207862087038949,0.04416577144433032,0.04341215560139908,0.04314168746044944,0.04300975597292295,0.04233065432573762,0.04332732923436757,0.0433636438659238,0.042775218986013726
1714,31.5334100669025,15.76670503345125,35.7378647424895,20.496716543486624,15.76670503345125,21.547830212383374,13.138920861209375,37.840092080283,9.46002302007075,19.97115970903825,39.9423194180765,16.817818702348,6.3066820133805,27.3289553913155,23.650057550176875,35.212307908041126,48.87678560369888,5.25556834448375,23.124500715728498,46.249001431456996,0.04309666560127674,0.042642306122751245,0.04293192893942721,0.04413941894569832,0.04327538686864112,0.042099367429101434,0.04400835027290237,0.042146075515313276,0.04342992118476958,0.043957148517278166,0.042716596154465464
1715,47.31690519232856,25.235682769241897,55.20305605771665,33.12183363462999,23.65845259616428,35.75055058975936,22.08122242308666,46.791161801302685,11.04061121154333,36.276293980785226,61.51197675002713,23.132709205138408,9.463381038465712,38.905010935914596,28.390143115397137,55.20305605771665,62.56346353207887,7.36040747436222,30.493116679500627,67.8208974423376,0.04407846931873537,0.043639776021519514,0.042375786146766944,0.0436292091045181,0.043469860947529075,0.04232107810624415,0.04289243211555593,0.04178687078947284,0.043513366803601426,0.04365454601849267,0.04289521360169116
1716,48.96653237851795,25.27304896955765,54.758272767374905,32.64435491901197,23.693483408960297,36.85652974727157,23.166961555427847,47.913488671453045,10.53043707064902,34.75044233314177,61.60305686329677,21.58739599483049,10.00391521711657,38.962617161401376,28.958701944284808,53.17870720677755,63.182622423894124,7.371305949454315,30.53826750488216,68.44784095921864,0.04399893521489573,0.043474949371986815,0.04245315201070699,0.043680475411678334,0.04346777723330328,0.0420760571263867,0.04290320826134492,0.04163061208962468,0.043694005860271536,0.04346502217267675,0.04263395171467331
1717,50.07701070217492,24.774942136865487,52.71264284439465,30.573332849748898,23.720689279977595,36.898849991076254,22.6664364230897,49.549884273730974,12.12390785421077,35.31747070574442,64.30942427016147,24.24781570842154,9.488275711991037,36.37172356263231,31.100459278192844,50.60413713061887,63.78229784171753,7.379769998215251,30.04620642130495,67.47218284082516,0.043988424883488315,0.04347059311227384,0.04214434200136789,0.0435028014008832,0.043280323142096434,0.042528412668364046,0.04294526869450016,0.0416143053985921,0.04358927036308371,0.043290457151995976,0.04251937273940776
1718,51.35359664187253,27.248847197728278,55.021710687720564,30.916961243576317,23.056716859616234,39.301221919800405,20.960651690560216,47.161466303760484,8.384260676224086,36.15712416621637,63.92998765620865,21.48466798282422,9.956309553016101,36.68114045848038,29.3449123667843,54.497694395456556,58.6898247335686,7.336228091696075,31.44097753584032,65.50203653300066,0.04421046221292557,0.04411690896997997,0.04238362448066742,0.04378463842510126,0.04321377514014451,0.042765970560194606,0.0432558564112363,0.0422867299457293,0.043680577133202225,0.04347405797585164,0.04281110648096182
1719,47.929104263910915,24.754592312129812,56.88289297255361,31.60160720697423,23.70120540523067,35.81515483457079,22.12112504488196,47.929104263910915,10.53386906899141,35.81515483457079,62.14982750704932,23.174511951781103,10.00717561554184,38.97531555526822,28.441446486276806,54.24942570530576,63.20321441394846,7.373708348293986,30.548220300075087,67.41676204154503,0.04374793410128605,0.04367740431545946,0.042296076117330855,0.04339503101303272,0.043207708246516326,0.042156288811069365,0.04276315380399333,0.04197712092453542,0.04348840473412204,0.043796424383100586,0.04280100009998344
1720,43.17071810018829,17.268287240075317,55.04266557774007,29.67986869387945,22.1249930263465,35.61584243265534,24.283528931355914,53.96339762523536,14.030483382561194,39.39328026642181,73.3902207703201,20.506091097589437,10.253045548794718,39.39328026642181,32.37803857514122,64.21644317403008,58.28046943525419,8.634143620037658,30.759136646384157,65.83534510278714,0.043616421654112426,0.04166863052433544,0.04111201611314071,0.041849478240725504,0.041526599610229545,0.04207594895503786,0.041240789740228365,0.042201368875908835,0.04259596125438722,0.041365329134575614,0.041113479644964916
1721,49.81608966393795,26.74337445116669,54.53550868473208,31.98717336316016,23.072715212771264,37.75535216635298,20.975195647973877,46.14543042554253,9.963217932787591,35.65783260155559,63.97434672632032,23.072715212771264,9.963217932787591,37.230972275153626,30.414033689562118,54.01112879353273,59.779307596725545,7.341318476790856,30.414033689562118,66.0718662911177,0.04401717502126526,0.04399481956197041,0.04207583871887546,0.044158025167873864,0.043426286881286864,0.04315011096485411,0.043006157544497506,0.0423415382030049,0.04332282355395454,0.043355635953601306,0.04277169722946893
1722,51.35350749660815,27.24879989615943,55.02161517493731,30.916907574488583,23.056676835211825,39.30115369638379,20.960615304738024,47.16138443566055,8.38424612189521,36.157061400673086,63.40586129683252,21.48463068735647,9.956292269750561,36.68107678329154,29.34486142663323,54.49759979231886,58.68972285326646,7.3362153566583075,31.440922957107034,66.02593820992477,0.044214294468720085,0.04413124197078104,0.04238363422224655,0.043793601069376055,0.04321283086330364,0.04276229960015213,0.043257078623028515,0.042297764519467304,0.043673396334322094,0.04346436205608914,0.04279411365406288
1723,47.86570450503563,25.24784413452429,55.229659044271884,33.13779542656313,23.66985387611652,35.24178243777349,22.091863617708754,46.287714246627864,11.571928561656966,36.29377594337866,61.541620077902955,23.143857123313932,9.467941550446609,38.92375970739161,28.403824651339825,55.755655797074475,62.59361358350814,7.363954539236251,30.507811662550182,67.32758435873144,0.04405449993285882,0.04361857971659537,0.042302836886590534,0.04362229170782953,0.043526204968137173,0.04220043464919776,0.04291686676294906,0.04173744764295616,0.04350948859068707,0.04365650198894065,0.0428580943506686
1724,43.704690015227044,17.266050376385994,55.03553557473035,29.676024084413424,22.122127044744552,35.61122890129611,24.280383341792803,53.416843351944166,14.028665930813618,39.38817742113054,73.38071409964047,20.503434821958365,10.251717410979182,39.38817742113054,32.373844455723734,64.20812483718541,58.27292002030273,8.633025188192997,30.75515223293755,65.8268170599716,0.04365099527614321,0.041591454332078844,0.04113256293755388,0.04184779557255153,0.04156039208793047,0.04208982180739184,0.04127529412961654,0.0421775035441766,0.04267067525239484,0.041363635004926534,0.04107579579317342
1725,21.09102279058227,13.374794940369245,26.23517469072429,12.860379750355042,9.773888610269832,13.374794940369245,6.687397470184623,20.576607600568067,3.08649114008521,11.317134180312438,21.605437980596474,8.230643040227227,3.600906330099412,20.576607600568067,14.91804051041185,24.69192912068168,26.74958988073849,4.115321520113613,15.432455700426052,29.321665830809497,0.0443348185594073,0.04361057257221572,0.04423993431132651,0.045447422114468006,0.043678722550958594,0.042345119216762483,0.04464472712297651,0.04306673460829789,0.04432542329386027,0.04527884169457906,0.04461249394094594
1726,42.882467445913896,22.513295409104796,45.562621661283515,26.801542153696186,18.225048664513405,34.305973956731115,20.905202879883024,32.697881427509344,11.256647704552398,41.274374916692125,65.39576285501869,16.616956135291634,10.18458601840455,26.801542153696186,21.441233722956948,49.850868405874905,62.715608639649076,4.288246744591389,25.72948046754834,41.81040575976605,0.044195348740531215,0.04243733941474367,0.04132048301757147,0.041345075681753614,0.04253196610088103,0.04286051010907616,0.04050525653258027,0.04203229438665828,0.042895256813536925,0.04112469369874339,0.042720932430000344
1727,45.76704254118822,23.403601299471248,40.04616222353969,34.32528190589116,21.84336121283983,36.925682050276855,23.923681328348383,47.84736265669677,9.881520548665637,37.96584210803113,62.40960346525666,26.52408147273408,10.921680606419915,36.925682050276855,32.244961790382604,69.6907238695366,47.84736265669677,5.200800288771388,40.04616222353969,49.92768277220532,0.044838736621392046,0.04591361145060152,0.041267540235400656,0.04278193145404707,0.04420352972180119,0.04349514323991929,0.04211738650447379,0.041993971583212615,0.04421870290932872,0.045071196342253386,0.04401822106043092
1728,45.778636240571494,23.409529895746786,40.05630671050005,34.33397718042862,21.848894569363665,36.93503605773382,23.929741671207825,47.85948334241565,10.404235509220793,37.975459608655896,61.90520127986372,26.530800548513024,10.924447284681833,37.45524783319485,32.25313007858446,69.70837791177932,47.85948334241565,5.202117754610397,39.53609493503902,49.94033044425981,0.04488257449331409,0.04592541928072709,0.04119827960795767,0.04282048232731688,0.04414243817424902,0.043477134653352144,0.042142057117881396,0.041947931278084306,0.04418960268559366,0.04502970239509224,0.04403260252539195
1729,41.17820401118609,22.995620421831195,44.9216771031121,25.669529773206914,18.1825835893549,34.22603969760922,20.856492940730618,32.62169408678378,10.69563740550288,41.17820401118609,64.17382443301729,17.64780171907975,10.160855535227737,26.7390935137572,21.926056681280905,50.26949580586354,63.104260692466994,4.278254962201152,26.204311643482058,43.31733149228667,0.04413802100808726,0.04265890018771065,0.04144456810953231,0.04124389664314396,0.04293551475526334,0.04317070004378223,0.04028244044445859,0.04221739099730993,0.04295394989970927,0.04136652340752801,0.042806224228330345
1730,37.22772584375735,17.827361671658448,44.56840417914612,25.692374173860703,19.4003641720989,30.411381675182056,20.449032505725867,46.665740846400055,7.340678335388772,40.898065011451735,47.71440918002702,24.119371673420254,9.438015002642707,34.606055009689925,22.5463691729798,55.05508751541579,42.47106751189219,4.719007501321354,32.50871834243599,47.19007501321354,0.04277273731452487,0.043810513301216145,0.043678214133555784,0.045010345786774,0.042996667082180015,0.0422865482563854,0.04362542564456239,0.04338617539047338,0.04339838307432068,0.04253269135918546,0.04216813184333821
1731,46.61415807858624,21.188253672084656,42.90621368597143,32.84179319173121,23.30707903929312,32.84179319173121,28.074436115512167,52.44092783840952,13.24265854505291,40.257681976960846,68.86182443427514,22.777372697491003,6.356476101625397,42.90621368597143,27.544729773710053,69.92123711787936,56.148872231024335,5.82676975982328,32.84179319173121,67.27270540886877,0.0434883648900495,0.04343687536931836,0.04260446972808015,0.04373668487035818,0.04193337422840857,0.04248237967129816,0.04162679114234707,0.042537960588866074,0.04339859444419125,0.042508989908208554,0.042539173356757824
1732,48.49987709567004,22.668420816454475,43.22815132440156,32.684699781864595,22.141248239327627,32.15752720473775,26.88580143346926,54.29877544406537,13.706487005298055,38.48359813025992,66.95091729510973,22.668420816454475,6.326070925522179,43.22815132440156,28.994491741976653,66.95091729510973,57.46181090682646,5.798898348395331,32.684699781864595,64.3150544094755,0.04390751181642269,0.04359057556017338,0.04270801753226026,0.04386756149757652,0.04233336922058909,0.04283794895670058,0.04169282764859371,0.04298722789331866,0.04341435481947266,0.04258366326739877,0.04290436466064541
1733,48.7120703801621,21.179161034853088,43.41728012144883,33.35717862989361,22.23811908659574,31.768741552279632,27.532909345309015,53.47738161300405,13.766454672654508,38.65196888860689,68.83227336327253,22.23811908659574,6.353748310455926,43.41728012144883,28.59186739705167,68.30279433740121,57.18373479410334,6.353748310455926,32.827699604022285,65.12592018217325,0.043519458756743026,0.043338869578179694,0.042567181049446144,0.043609364943109435,0.04223242411190438,0.04271433138421313,0.041568841504787526,0.04281600707574044,0.04310456960630697,0.04252354693121547,0.04252637918702662
1734,45.810689229818465,23.42592062888444,40.084353076091155,34.358016922363845,21.86419258695881,36.960896992239896,23.94649664285965,47.8929932857193,10.411520279504195,38.00204902019031,62.46912167702518,26.5493767127357,10.932096293479406,36.44032097826469,32.27571286646301,70.27776188665332,47.8929932857193,5.205760139752098,39.563777062115946,49.97529734162014,0.04476600472421618,0.045838732673231894,0.04114765962637826,0.042831834939259544,0.04410535612448219,0.04356308243784364,0.04212702368452205,0.04191155493575616,0.044170161260437636,0.0449807187496023,0.043981856869060365
1735,45.790008281723225,23.415345144063014,40.066257246507824,34.34250621129242,21.854322134458812,36.94421122729942,23.935686147264413,47.871372294528825,10.406820064028006,37.98489323370222,62.44092038416804,26.537391163271415,10.927161067229406,36.94421122729942,32.261142198486816,69.72569442898764,47.871372294528825,5.203410032014003,39.54591624330642,49.952736307334426,0.04485062167116031,0.04588668918333206,0.04123245814763748,0.04279671754560629,0.04414208102137767,0.04347673683798428,0.04211711212493472,0.04193122759926905,0.04417343568706613,0.04502630667033222,0.044025610309899516
1736,47.00054824072443,22.180034001240738,43.83197195483289,33.27005100186111,23.23622609653792,33.27005100186111,27.46099447772663,51.22531662191314,13.202401191214726,39.60720357364418,67.5962940990194,21.65193795359215,6.337152571783069,43.83197195483289,27.989090525375218,70.23677433726235,55.45008500310185,5.80905652413448,32.741954954212524,66.01200595607364,0.04377757408850586,0.04373635934630628,0.04250482598747336,0.04377247323148278,0.041931661557460524,0.04275466574826857,0.041688596802546156,0.04286034291775097,0.0434649598059414,0.04268506420082084,0.04272742866485423
1737,47.00054824072443,22.180034001240738,43.83197195483289,33.27005100186111,23.23622609653792,33.27005100186111,27.46099447772663,51.22531662191314,13.202401191214726,39.60720357364418,67.5962940990194,21.65193795359215,6.337152571783069,43.83197195483289,27.989090525375218,70.23677433726235,55.45008500310185,5.80905652413448,32.741954954212524,66.01200595607364,0.04377757408850586,0.04373635934630628,0.04250482598747336,0.04377247323148278,0.041931661557460524,0.04275466574826857,0.041688596802546156,0.04286034291775097,0.0434649598059414,0.04268506420082084,0.04272742866485423
1738,47.00054824072443,22.180034001240738,43.83197195483289,33.27005100186111,23.23622609653792,33.27005100186111,27.46099447772663,51.22531662191314,13.202401191214726,39.60720357364418,67.5962940990194,21.65193795359215,6.337152571783069,43.83197195483289,27.989090525375218,70.23677433726235,55.45008500310185,5.80905652413448,32.741954954212524,66.01200595607364,0.04377757408850586,0.04373635934630628,0.04250482598747336,0.04377247323148278,0.041931661557460524,0.04275466574826857,0.041688596802546156,0.04286034291775097,0.0434649598059414,0.04268506420082084,0.04272742866485423
1739,38.3375513595989,21.532049393747325,49.36616202468899,34.66134780456886,21.532049393747325,23.10756520304591,19.956533584448742,41.488582978196064,9.453094855791509,44.114442660360375,60.39477268977908,21.006877457314463,6.302063237194339,32.03548812240456,21.532049393747325,50.941677833987576,55.14305332545047,7.877579046492924,28.359284567374527,59.86960075334622,0.04430576718327946,0.04382668727780396,0.04260145671720891,0.04302107438489282,0.0424093786329946,0.04458251315056828,0.04201222016465082,0.04358801858246606,0.04429846357335722,0.041092074548362105,0.043090409351554115
1740,46.65483427677067,21.206742853077575,42.943654277482096,32.87045142227024,23.327417138385336,32.340282850943304,27.03859713767391,52.486688561367004,12.724045711846546,40.29281142084739,68.92191427250212,22.267079995731457,6.362022855923273,42.41348570615515,27.56876570900085,69.982251415156,56.19786856065558,5.831854284596334,32.87045142227024,65.74090284454049,0.04339483271447366,0.04334160386041574,0.04263312698928063,0.0437449100938844,0.04193734301057792,0.0424532945322624,0.04150331561529912,0.042556598364200414,0.04337384702644789,0.04230324430486656,0.042589312161351874
1741,46.61415807858624,21.188253672084656,42.90621368597143,32.84179319173121,23.30707903929312,32.84179319173121,28.074436115512167,52.44092783840952,13.24265854505291,40.257681976960846,68.86182443427514,22.777372697491003,6.356476101625397,42.90621368597143,27.544729773710053,69.92123711787936,56.148872231024335,5.82676975982328,32.84179319173121,67.27270540886877,0.0434883648900495,0.04343687536931836,0.04260446972808015,0.04373668487035818,0.04193337422840857,0.04248237967129816,0.04162679114234707,0.042537960588866074,0.04339859444419125,0.042508989908208554,0.042539173356757824
1742,44.192983727765984,20.276780769210276,52.51166301769841,33.27471715972968,22.35645059169338,32.234882248488134,28.595460059142695,45.23281863900754,9.87843165679475,36.914139349075114,58.750672485147724,32.754799704108905,15.077606213002513,32.754799704108905,27.03570769228037,61.87017721887238,45.75273609462832,5.199174556207763,40.033644082799775,45.23281863900754,0.044333561815941794,0.04565811168389553,0.04322265266858735,0.04197519854089153,0.044426252140942805,0.044022991003166284,0.04241448727033177,0.04192577190062169,0.04423588406862874,0.044417243035553916,0.043450390250662364
1743,47.1468506500829,21.719335692734816,45.02789107030389,33.373613381519355,23.30855537756907,32.8438734865746,27.016734642182335,51.38476980964091,13.773237268563543,40.26023201580112,69.39592623776247,21.719335692734816,5.297398949447516,43.43867138546963,28.60595432701659,68.33644644787296,56.15242886414367,5.827138844392268,32.31413359162985,67.27696665798346,0.04354096146219136,0.04369280371840185,0.042468195404877576,0.04357303710856253,0.04199205295779795,0.042464316889040774,0.04137429598058665,0.042555302465951954,0.043263079869215154,0.042614150061590854,0.04272190913703165
1744,44.199934871106514,20.279970117331224,52.51992261155009,32.759951727996594,22.35996705244212,32.23995249421887,28.599957857774804,45.23993333866196,9.87998544177675,36.91994559821838,58.75991341688278,32.759951727996594,15.079977779553987,32.759951727996594,27.039960156441634,61.87990881954912,45.75993257243969,5.199992337777237,40.039941000884724,45.75993257243969,0.04432034509457678,0.045562876245924075,0.04316990864923994,0.041871431905446455,0.04460575387935008,0.0440617649996726,0.04230289595607989,0.04193112090354553,0.04424045495866853,0.04445524762511076,0.043478966004661716
1745,44.308056197625014,21.099074379821435,43.25310247863394,36.39590330519197,22.681504958308043,32.17608842922769,26.373842974776792,52.22020909005805,11.077014049406253,42.725625619138405,71.20937603189734,22.681504958308043,6.857199173441966,42.19814875964287,27.428796693767865,65.93460743694197,55.9125471065268,6.32972231394643,33.231042148218755,64.87965371795092,0.04390231220923824,0.04359390358258712,0.042595297848876765,0.04402797567999616,0.042034050981214696,0.04237015667643087,0.041837054552208694,0.042631980711733804,0.043628322168262776,0.04324537244295565,0.04265671365095931
1746,48.62497174377613,21.669824364074145,43.868181029711074,32.76900269689261,22.19835666563693,32.24047039532983,27.48367968126477,52.324697854715616,12.684775237506816,38.582858014083236,69.7662638062875,21.669824364074145,5.813855317190624,43.868181029711074,27.48367968126477,69.2377315047247,55.495891664092326,5.813855317190624,33.82606730001818,65.53800539378523,0.043571723672132204,0.04353943163607772,0.04246705898288264,0.04364844333733774,0.04217140541826108,0.04289522628566761,0.04143171012251888,0.04295516560962325,0.04353228633609302,0.042504383213056454,0.042750863823565376
1747,46.57879630893001,21.701484643933302,43.93227379137717,33.3461837211658,23.289398154465005,32.816879217655234,27.523834182549553,51.34253684052513,13.232612587764208,40.75644677031376,69.33888995988445,21.701484643933302,5.822349538616251,43.402969287866604,27.523834182549553,70.39749896690559,56.10627737212024,5.822349538616251,32.816879217655234,66.16306293882104,0.04346980180953229,0.043558930348675154,0.042563594658524974,0.043762007949095225,0.04195003380513277,0.04253495711344029,0.04146182988427063,0.04266699311374767,0.043507522804027775,0.04263768611990592,0.04258213888307913
1748,46.556061596061056,21.690892334528446,43.38178466905689,33.32990773354371,23.278030798030528,32.800861579043016,28.039446188536772,51.84652314106799,13.226153862517345,42.3236923600555,68.77600008509019,21.16184618002775,5.290461545006938,43.38178466905689,28.039446188536772,69.83409239409158,55.020800068072155,5.819507699507632,33.32990773354371,66.13076931258672,0.04368631593116055,0.043627932079899484,0.04258145645133166,0.0437558544794378,0.041913340404692266,0.042569115540016716,0.041357460977034737,0.042632400030709026,0.04349713918509294,0.04263663759604717,0.042696192823883754
1749,46.55764234569486,21.691628820153287,43.91232175787129,32.80197528901228,23.27882117284743,32.272911171447575,27.511334113365145,51.31921940377729,13.755667056682572,40.20887293491829,68.24927116584814,22.220692937718,5.819705293211857,44.441385875436,28.040398230929856,70.365527636107,56.08079646185971,5.819705293211857,32.80197528901228,66.662078813154,0.04363374527896129,0.04345522904884806,0.042500976131886394,0.04381610148143633,0.041927766394370694,0.04259188980125301,0.04168958126581175,0.042467097344281196,0.043604244673809675,0.04285133067722528,0.04239792033740198
1750,46.55764234569486,21.691628820153287,43.91232175787129,32.80197528901228,23.27882117284743,32.272911171447575,27.511334113365145,51.31921940377729,13.755667056682572,40.20887293491829,68.24927116584814,22.220692937718,5.819705293211857,44.441385875436,28.040398230929856,70.365527636107,56.08079646185971,5.819705293211857,32.80197528901228,66.662078813154,0.04363374527896129,0.04345522904884806,0.042500976131886394,0.04381610148143633,0.041927766394370694,0.04259188980125301,0.04168958126581175,0.042467097344281196,0.043604244673809675,0.04285133067722528,0.04239792033740198
1751,38.42426513476889,17.8962330764677,47.89874146936943,25.791630021968157,20.001672261934488,30.52886818926843,19.47531246556779,41.05606411660237,6.842677352767062,40.003344523868975,47.89874146936943,24.73891042923476,9.474476334600547,32.634307374735215,23.686190836501368,53.1623394330364,45.79330228390264,5.26359796366697,34.21338676383531,48.42510126573613,0.042735918893013314,0.04444618328062252,0.04236951178901066,0.04487682899219675,0.042272612364033894,0.042216075311093594,0.04357809006620545,0.042918166221308486,0.04382844369623394,0.0429908929909246,0.04140748002865977
1752,46.54319791100264,22.213799002978533,42.311998100911495,34.378498456990584,22.742698979239925,31.733998575683618,27.50279876559247,52.36109764987797,14.809199335319022,39.667498219604525,69.28589689024257,21.68489902671714,6.875699691398117,42.84089807717289,29.08949869437665,69.28589689024257,56.592297459969124,5.288999762613937,32.262898551945014,65.58359705641281,0.04370911995128324,0.04349140632355614,0.04266738660355529,0.04353883240337548,0.041972988711530754,0.04268911086877892,0.04151817028136007,0.04244802617556382,0.043719132117652056,0.04277676401053919,0.04256908629141138
1753,46.53853902157751,22.21157544211654,42.30776274688864,33.84621019751091,22.740422476452647,32.25966909450259,27.50004578547762,52.88470343361081,14.807716961411026,39.66352757520811,69.27896149803016,21.68272840778043,6.346164412033297,43.36545681556086,29.086586888485943,69.27896149803016,56.586632673963564,5.28847034336108,32.25966909450259,65.04818522334129,0.04383171697691713,0.04358199532795806,0.042751193974249334,0.043607228029418695,0.04193429843571274,0.04264685598479245,0.04158098593373642,0.04250927823153085,0.04368363397693385,0.04261942197550079,0.04240635681714154
1754,46.01816883712663,22.215667714474925,42.84450202077307,33.85244604110465,22.744612183867183,32.79455710232013,26.976167939005265,52.89444693922601,14.281500673591022,39.670835204419504,69.29172549038607,21.157778775690403,6.347333632707121,43.902390959557586,28.563001347182045,69.29172549038607,56.06811375557957,5.289444693922601,32.26561263292787,66.64700314342477,0.04364675716890986,0.04363374790933278,0.04261859037714362,0.043627055389701797,0.04200057039688161,0.04252786979050046,0.041524405993956535,0.04247217171454736,0.04377612832461701,0.04287915071218656,0.04234908282996236
1755,45.7921214291979,23.416425730839833,40.06810625054816,34.344091071898426,21.85533068211718,36.94591615310285,23.93679074708072,47.353216477920554,10.407300324817705,37.98664618558462,61.92343693266534,26.538615828285145,10.92766534105859,37.46628116934374,32.26263100693488,70.2492771925195,47.87358149416144,5.203650162408852,39.547741234307274,49.95504155912498,0.04485688077418655,0.04587567569792976,0.04123595719283566,0.042823645924255645,0.04417502897420891,0.043470495462134495,0.04205459630918907,0.04193280331471596,0.044161020286420966,0.045012355905808966,0.044036523917428884
1756,45.790935222268565,23.41581914775097,40.067068319484996,34.86355295331811,21.854764537900905,36.94495909978487,23.41581914775097,47.351989832118626,10.407030732333764,37.465310636401554,62.44218439400259,26.537928367451098,10.927382268950453,37.465310636401554,32.26179527023467,70.24745744325291,47.87234136873532,5.203515366166882,39.5467167828683,49.95374751520207,0.0447987608806493,0.045882640044829844,0.04124834397620882,0.042805011195168725,0.044162600952710504,0.04346186518233038,0.04212716388043634,0.0419219923025825,0.04418408572726597,0.04501525481903745,0.044040744422092014
1757,45.82601511153549,23.43375772748974,40.61851339431555,34.369511333651616,21.871507212323756,36.973262192261586,23.43375772748974,47.388265626701475,10.415003434439884,38.01476253570558,62.490020606639305,26.558258757821704,10.935753606161878,36.973262192261586,32.286510646763645,70.30127318246922,47.90901579842347,5.207501717219942,39.577013050871564,49.992016485311446,0.04479507285553091,0.04587035549502093,0.04123594222820122,0.04279084478182447,0.0441290940374711,0.04338123718601819,0.04206921413912127,0.041900685830016444,0.04411717920040541,0.04497083225358806,0.04398937027080775
1758,45.80539824081059,23.423215009505416,40.07972346070927,34.35404868060794,21.861667342205052,36.95662812610854,23.943730898605533,47.36694590811095,10.410317782002407,37.99765990430878,62.46190669201444,26.546310344106136,10.930833671102526,36.95662812610854,32.27198512420746,70.26964502851624,47.88746179721107,5.205158891001203,39.55920757160914,49.96952535361155,0.04483237322162243,0.04588547681305256,0.04122165399238399,0.04280943376518755,0.04414143912566323,0.04345332992856103,0.042085237437706965,0.041898852646382406,0.04414784100630425,0.04500163669396823,0.04400683626904701
1759,45.7921214291979,23.416425730839833,40.06810625054816,34.344091071898426,21.85533068211718,36.94591615310285,23.93679074708072,47.353216477920554,10.407300324817705,37.98664618558462,61.92343693266534,26.538615828285145,10.92766534105859,37.46628116934374,32.26263100693488,70.2492771925195,47.87358149416144,5.203650162408852,39.547741234307274,49.95504155912498,0.04485688077418655,0.04587567569792976,0.04123595719283566,0.042823645924255645,0.04417502897420891,0.043470495462134495,0.04205459630918907,0.04193280331471596,0.044161020286420966,0.045012355905808966,0.044036523917428884
1760,45.7921214291979,23.416425730839833,40.06810625054816,34.344091071898426,21.85533068211718,36.94591615310285,23.93679074708072,47.353216477920554,10.407300324817705,37.98664618558462,61.92343693266534,26.538615828285145,10.92766534105859,37.46628116934374,32.26263100693488,70.2492771925195,47.87358149416144,5.203650162408852,39.547741234307274,49.95504155912498,0.04485688077418655,0.04587567569792976,0.04123595719283566,0.042823645924255645,0.04417502897420891,0.043470495462134495,0.04205459630918907,0.04193280331471596,0.044161020286420966,0.045012355905808966,0.044036523917428884
1761,45.8333045275358,23.437485269762625,40.10414146159383,34.37497839565185,21.87498625177845,36.97914342562547,23.95831827575735,47.395803545519975,10.4166601198945,38.02080943761492,62.499960719366996,26.562483305730975,10.937493125889224,36.45831041963075,32.29164637167295,70.8332888152826,47.9166365515147,5.20833005994725,39.5833084555991,49.9999685754936,0.044873170448910295,0.04580615091131433,0.04112453176628858,0.042778867291982735,0.044098757637849574,0.04350797311224071,0.04201329535657036,0.04195259067517901,0.04411116327666697,0.044982816075917476,0.043917677452355
1762,45.80539824081059,23.423215009505416,40.07972346070927,34.35404868060794,21.861667342205052,36.95662812610854,23.943730898605533,47.36694590811095,10.410317782002407,37.99765990430878,62.46190669201444,26.546310344106136,10.930833671102526,36.95662812610854,32.27198512420746,70.26964502851624,47.88746179721107,5.205158891001203,39.55920757160914,49.96952535361155,0.04483237322162243,0.04588547681305256,0.04122165399238399,0.04280943376518755,0.04414143912566323,0.04345332992856103,0.042085237437706965,0.041898852646382406,0.04414784100630425,0.04500163669396823,0.04400683626904701
1763,46.03300402608131,21.69371454102682,44.445659059664706,33.86335928355406,22.751944518637888,32.805129305943,27.513979417887676,51.32415391413663,14.286104697749371,40.741854138025985,68.78494854471919,21.16459955222129,5.820264876860855,44.445659059664706,27.513979417887676,69.31406353352473,55.55707382458088,5.820264876860855,32.27601431713747,67.19760357830259,0.04364086768250886,0.04358006696291089,0.04271167768028568,0.04384352091543015,0.041865442962662376,0.04257064267541592,0.04143761964512644,0.04269087388356195,0.04356119632294757,0.04251985578557547,0.04246324667804242
1764,50.85563179551888,27.26281292130909,55.04991070648951,30.932806968408393,23.06853401033846,39.32136479034965,20.97139455485315,47.18563774841958,8.912842685812587,36.175655607121676,64.48703825617342,21.495679418724475,9.961412413555244,36.699940470993006,29.359952376794407,55.04991070648951,58.719904753588814,7.339988094198602,30.932806968408393,65.01132312004475,0.044194682833324755,0.04410180292732491,0.042311949433849735,0.04371988194120072,0.04320780260653603,0.04271970123243181,0.04321122597366221,0.042295555028913585,0.043674042344738775,0.043441018717818976,0.04283747308886978
1765,45.4686324096536,15.156210803217867,51.964151325318404,30.312421606435734,22.193022961854734,35.18406079318434,22.7343162048268,55.211910783150806,11.908451345385467,39.51440673696087,70.90941482934073,22.7343162048268,10.284571616469268,38.43182025101674,34.1014743072402,65.49648239962008,57.91837699801114,8.660691887553067,33.560181064268136,66.57906888556421,0.04310410668454178,0.04202962872397356,0.04089598885524354,0.04107628983592742,0.04147737702928947,0.04161519439063696,0.04122099604952595,0.04261187543084824,0.042341371214394255,0.04117581612812938,0.04115811268542286
1766,45.98110629848958,14.60576317716728,51.39064821595895,31.375343121322302,22.179121861624388,35.702976655297796,22.179121861624388,54.63637336644056,11.360038026685661,38.40774761403247,71.40595331059559,24.34293862861213,10.27812964319179,38.40774761403247,34.08011408005699,65.45545720137929,57.34114432517524,8.65526706795098,33.539159888310046,66.53736558487316,0.043028022248038846,0.04200633981576617,0.04097122612880223,0.04128316209425837,0.04163276515428243,0.04183229281580643,0.041121209644473036,0.04248490183041878,0.04237301449577805,0.041107669994652,0.04120520403078745
1767,48.32078587753285,24.685618872217866,53.57304521204728,33.08923380744097,23.63516700531498,35.715363474698194,21.534263271509204,48.84601181098429,11.029744602480324,35.715363474698194,62.50188608072183,25.21084480566931,9.979292735577436,37.816267208503966,29.937878206732307,50.42168961133862,64.60278981452761,7.353163068320216,30.988330073635193,65.6532416814305,0.043970745855389425,0.04347680782724345,0.042516130081457375,0.04372205670866171,0.04371920752735381,0.04298194912765836,0.04286224733730337,0.04197008603026962,0.04356725789587093,0.04350749589816863,0.04248008225917947
1768,42.692056191009634,16.212173237092266,52.95976590783474,29.722317601335824,22.156636757359433,35.66678112160299,22.156636757359433,53.500171682404485,12.429332815104072,39.99002731816093,70.79315646863624,23.237448306498916,10.267709716825102,37.82840421988196,33.50515802332402,67.55072182121778,58.363823653532165,8.646492393115876,33.50515802332402,65.92950449750856,0.043214434225972966,0.04216310350395775,0.04112020445039105,0.04114954826949881,0.04113012918751864,0.04201633659929992,0.04171867505490618,0.042225360488220134,0.042205307611879926,0.04161417982264898,0.041036946215963356
1769,46.01974044800659,15.159443912284523,51.97523627068979,30.318887824569046,22.197757157273767,34.6501575137932,22.739165868426785,54.68227982645489,12.45240035651943,38.44001849186433,70.92454116104545,23.280574579579802,10.286765511907355,38.44001849186433,34.10874880264018,66.05186276066829,57.930732093373,8.6625393784483,33.56734009148716,66.5932714718213,0.043095911166612884,0.041940779327425,0.04097862564865469,0.04108993656128527,0.04155411187371166,0.04171279825563453,0.041113715222418426,0.04258603592886968,0.04231015669285192,0.04120005025028178,0.04100916791923542
1770,46.58752498034263,21.705551411295996,43.41110282259199,33.35243265638165,23.293762490171314,32.82302896342321,27.528992033838826,51.352158216968576,13.235092323960973,40.234680664841356,68.82248008459706,21.705551411295996,5.823440622542829,42.88169912963355,28.058395726797265,70.94009485643082,56.11679145359453,5.823440622542829,33.35243265638165,66.7048653127633,0.04347718920693695,0.04360254206752394,0.04257755056504526,0.04366129921721511,0.04200105202053873,0.042336278609504965,0.041521257798317446,0.0426750318437434,0.04359502811219142,0.042492326404221126,0.042656751196322736
1771,46.6250769545791,21.723047217474356,43.44609443494871,33.37931645611913,23.31253847728955,32.849486036180735,27.021351416858344,51.39355073402469,13.245760498459973,39.73728149537992,68.87795459199185,21.723047217474356,5.8281346193223875,42.91626401501031,28.081012256735143,70.99727627174545,56.162024513470286,5.8281346193223875,32.849486036180735,66.75863291223826,0.04344878311833063,0.04359572129205765,0.04259111244395005,0.043399248797680666,0.042112777155716194,0.042307072107436436,0.04160675405961025,0.04256749345396058,0.04348652676087934,0.04275858909057041,0.0422955017814089
1772,41.05525128656003,17.369529390467704,57.898431301559015,37.89715503374772,29.475565026248226,28.42286627531079,20.527625643280015,48.95049191859081,7.368891256562057,40.52890191109131,66.84637068452723,30.001914401716945,10.000638133905648,40.00255253562259,28.42286627531079,58.95113005249645,53.16128692234055,8.421590007499493,38.94985378468515,53.16128692234055,0.044196464834499787,0.04373102397315988,0.04400703572090092,0.04390587721920429,0.0423151249373998,0.04335856735008229,0.04321777308360059,0.04260221758833129,0.0437539321846852,0.04068111641930028,0.04188149122011744
1773,41.008948448616934,17.875695477602253,57.833132427536704,38.380169701910724,29.442321963109595,27.86505471508587,20.504474224308467,48.369528939394336,7.360580490777399,41.008948448616934,66.24522441699659,29.96807771245084,9.46360348814237,39.957436949934454,28.390810464427112,59.410399675560434,53.10133068346552,7.886336240118641,38.90592545125197,53.62708643280676,0.04415102864995956,0.04405193167947419,0.04380440097096676,0.044031402500845265,0.04242661364969433,0.04330350267784791,0.04329011516805941,0.0426089956927059,0.043661102653441065,0.04098818706379637,0.04192696995196641
1774,46.56358880235658,21.69439932837068,43.91793034767723,33.86442821989569,23.28179440117829,32.80616483802395,26.98571623772938,52.38403740265115,13.228292273396756,39.1557451292544,69.316251512599,21.69439932837068,6.349580291230443,43.38879865674136,27.51484792866525,69.84538320353487,56.08795923920224,5.820448600294572,32.80616483802395,66.67059305791965,0.043673631835798025,0.04355768871094498,0.042470068053871206,0.043858016679866094,0.041879690683295376,0.04243907379904386,0.04163792878870653,0.042658348192774156,0.04349074512791293,0.04267173074892012,0.042531386442996526
1775,45.80539824081059,23.423215009505416,40.07972346070927,34.35404868060794,21.861667342205052,36.95662812610854,23.943730898605533,47.36694590811095,10.410317782002407,37.99765990430878,62.46190669201444,26.546310344106136,10.930833671102526,36.95662812610854,32.27198512420746,70.26964502851624,47.88746179721107,5.205158891001203,39.55920757160914,49.96952535361155,0.04483237322162243,0.04588547681305256,0.04122165399238399,0.04280943376518755,0.04414143912566323,0.04345332992856103,0.042085237437706965,0.041898852646382406,0.04414784100630425,0.04500163669396823,0.04400683626904701
1776,45.80539824081059,23.423215009505416,40.07972346070927,34.35404868060794,21.861667342205052,36.95662812610854,23.943730898605533,47.36694590811095,10.410317782002407,37.99765990430878,62.46190669201444,26.546310344106136,10.930833671102526,36.95662812610854,32.27198512420746,70.26964502851624,47.88746179721107,5.205158891001203,39.55920757160914,49.96952535361155,0.04483237322162243,0.04588547681305256,0.04122165399238399,0.04280943376518755,0.04414143912566323,0.04345332992856103,0.042085237437706965,0.041898852646382406,0.04414784100630425,0.04500163669396823,0.04400683626904701
1777,45.80539824081059,23.423215009505416,40.07972346070927,34.35404868060794,21.861667342205052,36.95662812610854,23.943730898605533,47.36694590811095,10.410317782002407,37.99765990430878,62.46190669201444,26.546310344106136,10.930833671102526,36.95662812610854,32.27198512420746,70.26964502851624,47.88746179721107,5.205158891001203,39.55920757160914,49.96952535361155,0.04483237322162243,0.04588547681305256,0.04122165399238399,0.04280943376518755,0.04414143912566323,0.04345332992856103,0.042085237437706965,0.041898852646382406,0.04414784100630425,0.04500163669396823,0.04400683626904701
1778,45.80083882338815,23.420883489232576,40.075733970464626,34.35062911754111,21.85949125661707,35.912021350156614,23.94134756677108,47.36223105600365,10.929745628308535,38.51434173784912,62.4556893046202,26.543667954463587,10.929745628308535,36.95294950523362,32.2687728073871,70.26265046769772,47.88269513354216,5.204640775385017,39.55526989292613,49.96455144369616,0.04474858321658841,0.046016893231800034,0.04117077272922749,0.04286178779567064,0.044087120393454714,0.04329813533242199,0.0422449436654177,0.04193624204232833,0.044070290222039045,0.045053342703996156,0.0440478111285539
1779,39.62914060666029,19.021987491196942,47.55496872799235,25.36264998826259,20.607153115463355,23.777484363996177,20.607153115463355,41.21430623092671,5.8122739556435095,40.68591768950457,53.895631225058004,19.021987491196942,6.340662497065647,32.23170102675037,19.550376032619077,56.537573932168684,49.6685228936809,5.8122739556435095,29.06136977821755,61.293070804967925,0.044859579745016046,0.04452457225146539,0.04094013162742973,0.043186952042761545,0.04337814556158595,0.043691506459578006,0.04114127455825285,0.04212781816829461,0.042531435991274784,0.042092859510821055,0.04313718266138287
1780,39.62914060666029,19.021987491196942,47.55496872799235,25.36264998826259,20.607153115463355,23.777484363996177,20.607153115463355,41.21430623092671,5.8122739556435095,40.68591768950457,53.895631225058004,19.021987491196942,6.340662497065647,32.23170102675037,19.550376032619077,56.537573932168684,49.6685228936809,5.8122739556435095,29.06136977821755,61.293070804967925,0.044859579745016046,0.04452457225146539,0.04094013162742973,0.043186952042761545,0.04337814556158595,0.043691506459578006,0.04114127455825285,0.04212781816829461,0.042531435991274784,0.042092859510821055,0.04313718266138287
1781,39.637243672810094,19.025876962948846,47.564692407372114,24.839339368294326,20.611366709861247,23.782346203686057,20.611366709861247,41.222733419722495,5.81346240534548,40.694236837418366,53.906651395021726,19.025876962948846,6.341958987649615,32.23829152055221,19.55437354525298,56.5491343065424,49.67867873658865,5.81346240534548,29.595808609031536,61.30560354727961,0.04483438894704541,0.04442070915041465,0.040981902302269,0.043248837253628734,0.0433416952619279,0.043733609564274425,0.041128844117288885,0.04219088199379495,0.04249465628723051,0.04210134871420023,0.04302654410379062
1782,47.42330411976674,23.18472645855263,46.36945291710526,34.77708968782894,22.657800857221886,30.034759275852267,26.346280066537076,51.63870893041267,10.53851202661483,40.5732713024671,71.66188178098085,22.130875255891144,6.85003281729964,41.10019690379784,28.980908073190783,65.33877456501195,55.854113741058605,6.323107215968898,33.72323848516746,63.231072159688985,0.04338436506297717,0.04395030065483974,0.042776762137174275,0.04394004004375726,0.042372652036285145,0.043058762311954865,0.04157856182261944,0.042900019212770646,0.04357359189497619,0.04284460190635923,0.042694741585544434
1783,47.42330411976674,23.18472645855263,46.36945291710526,34.77708968782894,22.657800857221886,30.034759275852267,26.346280066537076,51.63870893041267,10.53851202661483,40.5732713024671,71.66188178098085,22.130875255891144,6.85003281729964,41.10019690379784,28.980908073190783,65.33877456501195,55.854113741058605,6.323107215968898,33.72323848516746,63.231072159688985,0.04338436506297717,0.04395030065483974,0.042776762137174275,0.04394004004375726,0.042372652036285145,0.043058762311954865,0.04157856182261944,0.042900019212770646,0.04357359189497619,0.04284460190635923,0.042694741585544434
1784,46.58436633933089,21.70407977173371,43.937527342778004,34.40890695518759,23.292183169665446,32.82080355725586,26.997757764839495,51.348676533126095,12.70482718345388,39.17321714898279,69.34718170968576,21.70407977173371,6.881781391037518,42.87879174415684,28.056493363460653,70.40591730830691,55.58361892761072,5.823045792416361,33.350171356566435,66.70034271313287,0.0434685637985911,0.04352612996701334,0.04258821058004612,0.043774355221987166,0.04200768317405795,0.042660372084670446,0.0414509738121397,0.04262204712585112,0.043376818712546714,0.04257401086422829,0.042583035348289784
1785,46.622747056646226,21.721961696846538,44.50353128134413,34.43725634865915,23.311373528323113,32.318040573357045,26.490197191276266,51.39098255107596,13.774902539463659,40.79490367456545,68.8745126973183,21.192157753021014,5.827843382080778,43.9737273375186,28.07960902275284,69.93412058496935,56.15921804550568,5.827843382080778,32.318040573357045,66.75529692201619,0.04350097676645413,0.043481507831875016,0.04243699964287295,0.04372614053543726,0.041832737337159996,0.0425157981016386,0.04148820754298712,0.04251609922212078,0.04350152816301439,0.04249090939120062,0.042705151639713855
1786,46.65549162209826,21.2070416464083,44.53478745745743,33.931266634253284,23.32774581104913,32.34073851077266,25.978626016850168,53.01760411602075,12.194048946684774,39.76320308701556,68.39270930966677,22.797569769888923,5.831936452762283,44.53478745745743,29.159682263811415,70.5134134743076,55.13830828066158,5.831936452762283,33.931266634253284,65.74182910386573,0.04359697978038064,0.043395194384106786,0.04243180581782047,0.04334650417532044,0.0420830039432209,0.04233217300415156,0.0413548854771021,0.04272125455170034,0.043433815488140806,0.04241546358868854,0.04271287862916003
1787,46.59094375400601,21.70714424902553,43.94373104071022,34.41376527284535,23.295471877003006,32.825437644867876,27.00156967561712,51.355926637938445,12.706621023819821,39.178748156777786,68.8275305456907,21.70714424902553,6.88275305456907,42.884845955391896,28.589897303594597,70.41585817366818,55.59146697921172,5.823867969250752,33.35488018752703,66.70976037505406,0.0434490527490772,0.04351955947872676,0.042647767259594294,0.04373635848126946,0.04198875358411691,0.04264470008222021,0.04141462838893262,0.04261751626771299,0.04338341932364947,0.04253565200855133,0.04262004971698966
1788,45.8467476591823,23.18686088510369,43.738851215081965,32.67239488355521,23.18686088510369,32.67239488355521,27.402653773304365,51.64346288045822,12.647378664602014,40.577006548931465,67.97966032223583,21.60593855202844,5.796715221275923,43.21187710405688,27.92962788432945,70.08755676633616,55.332281657633814,5.796715221275923,32.67239488355521,66.39873798916058,0.04384876603057256,0.04366451327790457,0.042807152083025476,0.04378779450417191,0.04213443517818005,0.042995398229115155,0.0417677468258917,0.04276309053162996,0.043884644678919005,0.042417703016288937,0.04295464461921673
1789,43.547132263713344,22.560562498068357,43.022468019572216,36.72649708987872,22.560562498068357,32.0045188926086,25.708547962915105,51.94176016997133,11.017949126963616,41.973139531289966,70.3050087149107,23.085226742209482,6.82063517383462,41.973139531289966,27.28254069533848,66.63235900592282,55.08974563481808,6.295970929693495,33.05384738089085,65.05836627349944,0.04381734363710098,0.04358406514759695,0.04296897033285315,0.04417271276661606,0.042429810360229414,0.042632925153415886,0.04211907344659538,0.043136990545772955,0.044106154501080755,0.04347813021649179,0.042889579751122224
1790,42.07673317933179,22.064628374527647,44.64238764148617,36.945424255023035,20.012104804804142,27.1959372988364,22.064628374527647,39.51107871717741,7.183832494032257,39.51107871717741,52.3393510279493,30.274722653421655,9.236356063755759,43.10299496419354,31.300984438283404,50.2868274582258,47.721172996071424,5.644439816739631,25.656544621543773,47.721172996071424,0.04542502281292586,0.04607604756128742,0.0426892635153944,0.04435044326322173,0.04470157377459384,0.04436982582661848,0.04265293838476387,0.044164226371475886,0.04395242944384084,0.04399726735903861,0.044490069255963605
1791,46.57256099892682,21.698579556318176,43.92639276035143,33.34171980604988,23.28628049946341,32.812486158334806,27.52014968118403,51.33566382836251,13.760074840592015,40.75099087406097,68.80037420296007,21.698579556318176,5.821570124865852,43.39715911263635,27.52014968118403,70.38807514610531,55.569533010083134,5.821570124865852,32.812486158334806,66.68343961209976,0.043497308144475215,0.04353736216851393,0.0426032732382936,0.043729195738596245,0.04194280898990818,0.04257381622696146,0.04154096900377139,0.04266141022310467,0.04342292399352608,0.04268398049188066,0.042573304065890945
1792,46.586668105094226,21.70515218532799,44.46909228213539,33.351819211601544,23.293334052547113,32.82242525586184,26.99909174272506,51.35121370675159,13.234848893492677,40.23394063621774,68.82121424616192,21.70515218532799,5.823333513136778,43.41030437065598,28.057879654204473,69.88000215764133,56.11575930840895,5.823333513136778,32.82242525586184,67.2330323789428,0.04347716626224292,0.043692738857649425,0.04250147049485701,0.043747945397179244,0.0419910662391811,0.04240233862857572,0.04157709406130199,0.04256642852534333,0.04347949054092878,0.042538921026290755,0.04263138422674274
1793,46.06232532044202,21.707532622277274,43.944517259732045,33.88492897135965,23.295888667809756,32.82602494100466,27.531504789229714,51.88629748739446,13.236300379437361,40.767805168667074,68.82876197307428,21.17808060709978,5.823972166952439,43.41506524455455,28.06095680440721,70.41711801860677,55.59246159363692,5.823972166952439,32.82602494100466,66.7109539123643,0.043560666960035,0.04348433526660159,0.04261393814681726,0.043764480516654825,0.04188628744300268,0.04255965615705895,0.041424421314097584,0.042601216148572776,0.04348736852178204,0.04256450493843521,0.04260110940944755
1794,36.23437228114697,17.854618225492707,43.58627390340867,25.73165567791596,19.430025715977358,31.508149809693013,20.48029737630046,45.16168139389332,7.351901622261703,40.435458922439366,47.26222471453952,24.681384017592862,9.977580773069453,33.60869313033921,23.10597652710821,56.18953382728587,44.11140973357022,4.726222471453952,32.558421470016114,47.78736054470107,0.042659156910552554,0.0432003160906236,0.043591904997993654,0.04464170395718942,0.04268445185604914,0.04249342453262185,0.0437088662516962,0.04323646892988725,0.043511974779518126,0.04283746195693372,0.042298439575384345
1795,45.757684763803475,23.398816072399505,40.03797416832804,34.31826357285261,21.318921310408438,36.91813202534144,23.918789762897273,47.837579525794546,10.399473809955335,37.95807940633698,62.39684285973201,26.518658215386107,10.919447500453103,37.43810571583921,32.23836881086154,69.67647452670074,47.837579525794546,5.199736904977668,39.51800047783028,49.91747428778561,0.04490558876921025,0.045903410122763194,0.04127737358117514,0.042844917327503,0.04416310160885656,0.04351532108487766,0.042102608584304736,0.041975338742091,0.044239257621553146,0.04499698305798794,0.044102409001910634
1796,45.757684763803475,23.398816072399505,40.03797416832804,34.31826357285261,21.318921310408438,36.91813202534144,23.918789762897273,47.837579525794546,10.399473809955335,37.95807940633698,62.39684285973201,26.518658215386107,10.919447500453103,37.43810571583921,32.23836881086154,69.67647452670074,47.837579525794546,5.199736904977668,39.51800047783028,49.91747428778561,0.04490558876921025,0.045903410122763194,0.04127737358117514,0.042844917327503,0.04416310160885656,0.04351532108487766,0.042102608584304736,0.041975338742091,0.044239257621553146,0.04499698305798794,0.044102409001910634
1797,45.757684763803475,23.398816072399505,40.03797416832804,34.31826357285261,21.318921310408438,36.91813202534144,23.918789762897273,47.837579525794546,10.399473809955335,37.95807940633698,62.39684285973201,26.518658215386107,10.919447500453103,37.43810571583921,32.23836881086154,69.67647452670074,47.837579525794546,5.199736904977668,39.51800047783028,49.91747428778561,0.04490558876921025,0.045903410122763194,0.04127737358117514,0.042844917327503,0.04416310160885656,0.04351532108487766,0.042102608584304736,0.041975338742091,0.044239257621553146,0.04499698305798794,0.044102409001910634
1798,39.10506200577923,19.02408421902773,47.56021054756933,25.36544562537031,20.609424570613378,24.308552057646548,20.609424570613378,41.218849141226755,5.284467838618815,40.16195557350299,53.37312517005003,19.02408421902773,6.341361406342577,32.76370059943665,19.552531002889616,57.0722526570832,50.20244446687874,5.8129146224806965,29.06457311240348,61.29982692797825,0.044935580344298724,0.04450470782260517,0.04084782752434687,0.04323755341566529,0.04343448244660016,0.04374338206175428,0.041125474593175095,0.04212499734226878,0.042465509987914846,0.04202827275036498,0.04310542784912426
1799,39.11773469759301,19.030249312342544,47.57562328085636,25.373665749790057,20.616103421704423,24.31642967688214,20.616103421704423,41.23220684340885,5.286180364539596,40.17497077050093,53.91903971830387,19.030249312342544,6.343416437447514,32.245700223691536,19.558867348796504,57.09074793702763,50.21871346312616,5.814798400993555,29.073992004967774,61.31969222865931,0.04489999932757559,0.04453288753305063,0.0408114978361487,0.043192496866010725,0.0433885055166889,0.04371737885176924,0.04113733218394233,0.04211142939522745,0.042469067566197775,0.04202170921396075,0.04309965925546845
1800,39.10254898991981,19.0228616707718,47.5571541769295,24.835402736840962,20.608100143336117,23.77857708846475,20.608100143336117,41.21620028667223,5.284128241881056,40.15937463829602,53.36969524299867,19.0228616707718,6.340953890257267,32.76159509966255,19.551274494959905,56.01175936393919,50.19921829787003,5.812541066069161,29.062705330345807,61.29588760582025,0.044941124235065154,0.044538786258435416,0.04113393346464685,0.04301645493671051,0.04368234256418065,0.04343316218603345,0.04124284825810095,0.04217453329913221,0.04267348846454121,0.04204563210756266,0.04270487003748537
1801,39.097262884292896,19.020290051818165,47.55072512954541,25.360386735757555,20.605314222803013,24.30370395510099,20.605314222803013,41.21062844560603,5.283413903282824,40.15394566494946,53.36248042315652,19.020290051818165,6.340096683939389,32.22882481002522,19.548631442146448,56.532528765126216,50.19243208118683,5.811755293611106,29.05877646805553,61.28760127808076,0.04493788541306307,0.04459925933407984,0.04084192073262802,0.043135720328853634,0.04352088488935379,0.0437439026428428,0.04097876567661615,0.04222267717085528,0.04258441311661232,0.042010442838275104,0.043082737528537626
1802,46.59253248266531,21.707884452150886,43.945229500695696,33.356017572817215,23.296266241332656,32.82655697642329,27.53195101248405,51.357677850210635,13.2365149098481,39.709544729544305,69.35933812760405,21.707884452150886,6.353527156727089,43.41576890430177,28.061411608877975,70.4182593203919,55.593362621362026,5.824066560333164,32.82655697642329,66.71203514563443,0.04353833237710251,0.04348714811985606,0.042521805044215065,0.04376000765066233,0.04193573706206564,0.042505290391456264,0.041527782104655776,0.042635875549421005,0.04347116931401573,0.04256705801997708,0.04258919797264849
1803,46.57930657645352,21.701722382211297,43.93275506642775,33.34654902632467,23.28965328822676,32.81723872431952,27.524135704267987,51.3430992944999,13.23275755012884,39.69827265038652,68.81033926066996,21.701722382211297,6.351723624061843,43.93275506642775,28.05344600627314,70.39827016668544,55.577581710541125,5.82241332205669,32.81723872431952,66.69309805264935,0.0435349552670278,0.04350861109405117,0.04251885685778102,0.04375329824654535,0.041931704580138625,0.04252678232985385,0.041555524748557324,0.04266463112815052,0.0435088692890466,0.042581944851487696,0.04260451960220641
1804,46.64047225097036,21.730220026020284,43.990445418528864,33.390338088762874,23.32023612548518,33.390338088762874,27.03027369090328,51.41052054936506,13.25013416220749,39.75040248662247,68.90069764347895,21.200214659531984,6.360064397859595,43.990445418528864,28.09028442387988,70.49071374294385,56.18056884775976,5.830059031371295,32.86033272227458,66.78067617752575,0.043405664226264115,0.04349424852141772,0.04242975631292587,0.04370476594770197,0.04194052074239387,0.04245980363706749,0.04155096432070932,0.04258507023103256,0.04341935579837176,0.042496854457531485,0.04250762931628411
1805,46.402551040509806,22.673973803885474,43.23874074229323,35.32921499675179,23.201275520254903,32.165404698535205,26.36508581847148,48.51175790598752,12.12793947649688,39.54762872770722,71.185731709873,22.673973803885474,6.854922312802585,42.184137309554366,26.89238753484091,70.65842999350357,54.83937850242068,5.800318880063726,33.74730984764349,64.85811111343985,0.043350485812067754,0.043737865532559435,0.04283378314485456,0.04421355360822913,0.042208193782093,0.04269828972474419,0.0420703105162299,0.04305182770472246,0.04337058052165071,0.04283958457399516,0.04232380870942399
1806,48.565264475974104,22.17109899990122,43.81431469028098,32.72876519033037,22.17109899990122,32.200881880808915,27.449932095115795,52.26044764262431,13.19708273803644,38.53548159506641,69.68059685683241,21.643215690379762,5.806716404736034,43.81431469028098,27.449932095115795,68.6248302377895,55.427747499753046,5.806716404736034,33.25664849985183,65.45753038066074,0.04378641039378453,0.04347877116456383,0.042545416230049156,0.04370027800473316,0.042269342309496936,0.04282637632805175,0.04136550825505963,0.04313859882194471,0.0436391763735877,0.042680416837993264,0.042686395759277664
1807,42.055558019572224,19.976390059296804,54.146530950199235,34.69583536614708,27.861807187966598,31.015974039434514,23.13055691076472,49.94097514824201,7.3597226534251385,42.58125249481687,58.87778122740111,26.284723762232638,12.616667405871667,32.59305746516847,31.015974039434514,64.6604204550923,49.41528067299736,8.411111603914444,40.478474593838264,56.7750033264225,0.04307536724654262,0.04465417290937456,0.04287831221837941,0.043200099638074335,0.04387633502353553,0.044109826829696414,0.04225092037219023,0.04355091095201413,0.04340415047701536,0.0407306076298877,0.04257482145863696
1808,42.7638556331739,20.860417382036047,59.97369997335364,34.94119911491038,29.72609476940137,31.812136507604976,25.55401129299416,45.371407805928406,8.86567738736532,38.59177215676669,64.14578344976086,26.597032162095964,7.301146083712617,34.94119911491038,29.20458433485047,58.40916866970094,41.1993243295212,7.822656518263519,39.11328259131759,54.23708519329373,0.04416351082980474,0.04458130883424362,0.04453222741070794,0.04408001112046849,0.043343478070343854,0.04392534975101705,0.043245084397146825,0.042477394102779835,0.04350235413126499,0.041493821367407695,0.04314502543391379
1809,51.35359664187253,27.248847197728278,55.021710687720564,30.916961243576317,23.056716859616234,39.301221919800405,20.960651690560216,47.161466303760484,8.384260676224086,36.15712416621637,63.92998765620865,21.48466798282422,9.956309553016101,36.68114045848038,29.3449123667843,54.497694395456556,58.6898247335686,7.336228091696075,31.44097753584032,65.50203653300066,0.04421046221292557,0.04411690896997997,0.04238362448066742,0.04378463842510126,0.04321377514014451,0.042765970560194606,0.0432558564112363,0.0422867299457293,0.043680577133202225,0.04347405797585164,0.04281110648096182
1810,41.532390600605844,19.97760560535471,54.14982571977724,34.69794657772134,27.863502554836835,31.017861334629682,23.131964385147562,50.46974047668559,7.360170486183315,42.58384352720346,58.88136388946652,26.28632316494041,12.091708655872589,32.59504072452611,31.017861334629682,65.19008144905222,49.41828755008797,8.411623412780932,40.48093767400823,56.77845803627128,0.043058307750170194,0.04465345983395182,0.0428593865541052,0.04323604316598209,0.043897224749412975,0.044101189524166785,0.04221729677151247,0.043518153191575565,0.04342009733548589,0.04071148687660038,0.04260089094822845
1811,42.040416387097004,19.969197783871074,54.127036098387386,34.68334351935503,27.851775856451763,31.00480708548404,23.12222901290335,49.92299445967769,7.357072867741975,42.56592159193571,58.8565829419358,26.275260241935626,12.6121249161291,33.10682790483889,31.00480708548404,64.63714019516163,49.39748925483897,8.4080832774194,40.463900772580864,56.22905691774224,0.04309436926897369,0.04465302440959763,0.042893199790491325,0.04322000545213799,0.04392172270905892,0.04411988784650175,0.042287164713648726,0.04355962820342115,0.04343779260647262,0.040733725348604276,0.042574274812379374
1812,41.5246075189318,19.973861844549475,54.13967815759462,34.69144425632277,27.85828099371374,31.012048653379445,23.12762950421518,50.4602825546513,7.358791205886648,42.575863405487034,58.870329647093186,26.281397163880886,12.615070638662825,32.5889324832123,31.012048653379445,64.65223702314698,49.40902666809607,8.410047092441884,40.47335163237656,56.767817873982715,0.0430807506851664,0.0446602704956424,0.04288464322869405,0.043218006967602765,0.04388090502172642,0.04412945297296968,0.04224557308974048,0.043541405979483395,0.043420832238256324,0.04073277643086253,0.042577439612237776
1813,42.07060427972591,19.98353703286981,54.16590301014711,34.70824853077388,27.871775335318418,31.027070656297862,23.138832353849253,49.958842582174526,7.362355748952035,42.07060427972591,58.89884599161628,26.294127674828697,12.621181283917775,32.60471831678758,31.027070656297862,64.6835540800786,49.958842582174526,8.414120855945184,40.49295661923619,56.79531577762998,0.04308943107745372,0.044634541855754155,0.04288386955895104,0.0431650918400539,0.043799785297665414,0.044098513367169925,0.04223034098406449,0.04352142473064221,0.04337457626805247,0.04073534578061633,0.04258452574300244
1814,46.45388350858377,22.171171674551346,42.75868822949188,35.89618271117837,23.226941754291886,32.72887247195675,26.394251993513507,49.62119374780539,11.613470877145943,39.59137799027026,70.7365953426162,22.171171674551346,6.862505518313512,42.23080318962161,27.450022073254047,70.20871030274593,55.427929186378364,5.8067354385729715,33.78464255169729,64.92985990404323,0.043446410898170175,0.043883406657267914,0.04288769283111955,0.04403606624094181,0.04200917958479001,0.04249598999677439,0.04191748810947128,0.04281430706388206,0.04342219981130529,0.04283161691521499,0.04237060202079244
1815,46.45388350858377,22.171171674551346,42.75868822949188,35.89618271117837,23.226941754291886,32.72887247195675,26.394251993513507,49.62119374780539,11.613470877145943,39.59137799027026,70.7365953426162,22.171171674551346,6.862505518313512,42.23080318962161,27.450022073254047,70.20871030274593,55.427929186378364,5.8067354385729715,33.78464255169729,64.92985990404323,0.043446410898170175,0.043883406657267914,0.04288769283111955,0.04403606624094181,0.04200917958479001,0.04249598999677439,0.04191748810947128,0.04281430706388206,0.04342219981130529,0.04283161691521499,0.04237060202079244
1816,42.13370492674197,16.205271125669988,52.93721901052196,29.709663730394976,22.14720387174898,35.65159647647397,22.68737957593798,53.47739471471096,12.424041196346991,40.513177814174966,70.76301724875894,23.227555280126982,10.263338379590992,37.81229929322997,33.490893659717976,67.52196302362495,58.33897605241196,8.642811267023994,33.490893659717976,65.36126020686895,0.04333533631040351,0.042082566080723985,0.04116005642235945,0.04128635128704627,0.04122697462793816,0.04199864282527372,0.04169902801614617,0.042260262063291365,0.0422944091632033,0.04144253178963515,0.04103813722497939
1817,49.32593846918218,26.237201313394777,54.57337873186113,32.00938560234163,23.088737155787403,37.25682586502058,20.98976105071582,46.177474311574805,10.49488052535791,37.25682586502058,63.49402717841536,23.088737155787403,9.970136499090016,37.25682586502058,30.43515352353794,54.57337873186113,58.7713309420043,7.346416367750537,30.959897549805838,66.11774730975483,0.04408673212808682,0.044033356665608876,0.042265466452710426,0.043967383704808266,0.043339825365856656,0.042919857463513685,0.043047169109376796,0.04201878742812875,0.04345623053133397,0.04328976846281007,0.04283139641987024
1818,43.16954020547198,17.267816082188794,55.04116376197678,29.67905889126199,22.12438935530439,36.15448992208279,24.28286636557799,53.96192525683998,13.490481314209996,39.39220543749319,73.38821834930238,20.505531597599195,10.252765798799597,39.39220543749319,32.37715515410399,64.21469105563958,58.27887927738718,8.633908041094397,30.75829739639879,65.83354881334478,0.04359141879959519,0.04167590866639973,0.041121879344860286,0.04184769233927475,0.04153432272466883,0.04208422864138808,0.04125123602453372,0.04220765331926488,0.042608529268773856,0.04136296771914253,0.041094910583698414
1819,43.75858286797228,21.358355923653136,59.90758368829538,35.42361470264423,29.69332408898119,31.2561306199802,25.00490449598416,44.27951837830528,8.855903675661057,40.11203429564126,65.11693879162542,26.046775516650165,7.293097144662046,34.902679192311226,28.65145306831518,58.865712667629374,40.11203429564126,7.81403265499505,38.54922776464225,53.65635756429934,0.04432550573735017,0.04446431398606638,0.04466794935255138,0.04406891920551751,0.04327327022952686,0.043952579366409845,0.04338087854521998,0.04237623722184302,0.04356891419809941,0.041858948337786216,0.043126973486625905
1820,46.06983976134144,21.71107391051723,43.951686209095854,33.36091844786794,23.29968907470142,32.83138005980654,27.535996179192583,51.365223641955396,13.238459701534897,40.24491749266608,68.83999044798146,21.71107391051723,5.824922268675355,43.42214782103446,28.06553456725398,70.95814400022705,56.13106913450796,5.824922268675355,32.83138005980654,66.72183689573588,0.04350117646611894,0.043505740902020064,0.042583978898989856,0.04373970391584913,0.041897750622486206,0.04250135966436602,0.041484679732539685,0.0426028001370679,0.04343194056294208,0.042619777680892625,0.04259270335533171
1821,46.09714569105885,21.723942222223137,44.50758894309131,33.91054395664099,23.313498970190683,32.85083945799596,27.022464715448294,51.395668184284006,13.776158482385403,39.738918699188666,68.88079241192702,21.723942222223137,5.828374742547671,43.447884444446274,28.082169214093323,70.47034915989457,56.164338428186646,5.828374742547671,32.32098720867345,67.29123566395947,0.043540220432662535,0.04361615918349483,0.04251667809185526,0.04365912868806642,0.041934410636918364,0.042520542191011826,0.04145606072168582,0.042578173319852926,0.04334274307467679,0.04245747181605252,0.04252616252120722
1822,43.31943552752988,22.99673737881216,45.45866691160543,27.810007992982147,18.183466764642173,34.227702145208795,19.787890302698834,32.62327860715213,10.696156920377748,40.110588451416554,64.71174936828538,17.113851072604398,10.161349074358862,26.74039230094437,21.927121686774385,48.667513987718756,62.572517984209824,4.278462768151099,25.670776608906596,42.78462768151099,0.04428603115710494,0.04262388124987337,0.041341300077059044,0.041514673804698234,0.04279848449606401,0.042980680761360676,0.04041874239351176,0.04199211374870841,0.04315596661167716,0.04137982379070484,0.04270045589035031
1823,40.84392812323165,23.339387498989513,42.43524999816275,27.052471873828754,17.504540624242136,32.3568781235991,20.15674374912731,32.887318748576135,10.078371874563654,41.90480937318572,64.7137562471982,17.504540624242136,10.078371874563654,27.052471873828754,21.748065624058412,49.3309781228642,62.06155312231303,4.77396562479331,26.52203124885172,42.43524999816275,0.044664964065172924,0.04323386166670672,0.04169972384600826,0.04154147966584016,0.0432132845968786,0.043168491800975504,0.0411948338987595,0.04248303139192961,0.04342602582665723,0.04156104330395351,0.04337263496008358
1824,35.11638787644714,19.392632110873794,42.97826575923382,25.158009224917357,18.868506918688016,30.923386338960917,20.965007687431132,42.45414056704804,7.337752690600896,38.78526422174759,48.74364287327738,24.63388403273158,10.482503843715566,34.068137492075586,22.537383263988467,59.22614671699294,44.02651614360538,4.717126729672004,31.971636723332473,48.2195176810916,0.04261674960780206,0.04371037803401027,0.04328855870325154,0.04486833275982829,0.04298691308227587,0.042845535965518856,0.04388505201285642,0.04312976815769656,0.04338278273617801,0.04269164885499057,0.04246908789981332
1825,46.03497817185737,21.694644885587955,42.860152091039616,34.39394920885895,23.282057925996828,32.80653616845008,27.51515936708716,51.85549265335658,13.75757968354358,39.68532601022187,69.3170360978542,21.694644885587955,5.820514481499207,42.860152091039616,29.102572407496037,69.3170360978542,56.088594094446904,5.820514481499207,32.80653616845008,66.67134769717273,0.04364980989644403,0.04337756124972979,0.042425727777170845,0.04376005089036267,0.04195007570290941,0.04274427053356027,0.04155743965007883,0.04278361067144891,0.043528043875176226,0.04248474363931227,0.04260098597751517
1826,45.51814337184256,21.7005102121575,42.87173968743311,34.40324789732287,23.28835242280317,32.815405686677195,27.522598317858293,51.340231477543355,13.761299158929146,39.69605526614177,69.86505726840952,21.7005102121575,5.292807368818902,42.87173968743311,28.051879054740184,70.3943380052914,56.63303884636226,5.822088105700793,32.815405686677195,67.21865358400007,0.043636056613379236,0.043398128178483555,0.04245312270751633,0.04376434505810705,0.041946842657825445,0.042683454931045486,0.04145686701219544,0.04282818298787732,0.04344884162519529,0.0425262425512187,0.042577178795265874
1827,45.80539824081059,23.423215009505416,40.07972346070927,34.35404868060794,21.861667342205052,36.95662812610854,23.943730898605533,47.36694590811095,10.410317782002407,37.99765990430878,62.46190669201444,26.546310344106136,10.930833671102526,36.95662812610854,32.27198512420746,70.26964502851624,47.88746179721107,5.205158891001203,39.55920757160914,49.96952535361155,0.04483237322162243,0.04588547681305256,0.04122165399238399,0.04280943376518755,0.04414143912566323,0.04345332992856103,0.042085237437706965,0.041898852646382406,0.04414784100630425,0.04500163669396823,0.04400683626904701
1828,45.826093096060106,23.43379760593983,40.09783145905259,34.36956982204508,21.871544432210506,36.97332511159395,23.954548663849604,47.38834626978943,10.41502115819548,38.0148272274135,62.490126949172875,26.55830395339847,10.935772216105253,36.45257405368418,32.286565590405985,70.82214387572925,47.90909732769921,5.20751057909774,39.57708040114282,49.9921015593383,0.04474771957754921,0.04583750362980459,0.04113682207626953,0.04284456871226272,0.04410470158999539,0.043539693986940214,0.04209513792909376,0.041879158740939976,0.044144553914984695,0.04495602229839551,0.04396305963399042
1829,45.826093096060106,23.43379760593983,40.09783145905259,34.36956982204508,21.871544432210506,36.97332511159395,23.954548663849604,47.38834626978943,10.41502115819548,38.0148272274135,62.490126949172875,26.55830395339847,10.935772216105253,36.45257405368418,32.286565590405985,70.82214387572925,47.90909732769921,5.20751057909774,39.57708040114282,49.9921015593383,0.04474771957754921,0.04583750362980459,0.04113682207626953,0.04284456871226272,0.04410470158999539,0.043539693986940214,0.04209513792909376,0.041879158740939976,0.044144553914984695,0.04495602229839551,0.04396305963399042
1830,45.826093096060106,23.43379760593983,40.09783145905259,34.36956982204508,21.871544432210506,36.97332511159395,23.954548663849604,47.38834626978943,10.41502115819548,38.0148272274135,62.490126949172875,26.55830395339847,10.935772216105253,36.45257405368418,32.286565590405985,70.82214387572925,47.90909732769921,5.20751057909774,39.57708040114282,49.9921015593383,0.04474771957754921,0.04583750362980459,0.04113682207626953,0.04284456871226272,0.04410470158999539,0.043539693986940214,0.04209513792909376,0.041879158740939976,0.044144553914984695,0.04495602229839551,0.04396305963399042
1831,45.826093096060106,23.43379760593983,40.09783145905259,34.36956982204508,21.871544432210506,36.97332511159395,23.954548663849604,47.38834626978943,10.41502115819548,38.0148272274135,62.490126949172875,26.55830395339847,10.935772216105253,36.45257405368418,32.286565590405985,70.82214387572925,47.90909732769921,5.20751057909774,39.57708040114282,49.9921015593383,0.04474771957754921,0.04583750362980459,0.04113682207626953,0.04284456871226272,0.04410470158999539,0.043539693986940214,0.04209513792909376,0.041879158740939976,0.044144553914984695,0.04495602229839551,0.04396305963399042
1832,45.790008281723225,23.415345144063014,40.066257246507824,34.34250621129242,21.854322134458812,36.94421122729942,23.935686147264413,47.871372294528825,10.406820064028006,37.98489323370222,62.44092038416804,26.537391163271415,10.927161067229406,36.94421122729942,32.261142198486816,69.72569442898764,47.871372294528825,5.203410032014003,39.54591624330642,49.952736307334426,0.04485062167116031,0.04588668918333206,0.04123245814763748,0.04279671754560629,0.04414208102137767,0.04347673683798428,0.04211711212493472,0.04193122759926905,0.04417343568706613,0.04502630667033222,0.044025610309899516
1833,45.83029528362718,23.435946451854807,40.622307183215,34.372721462720385,21.873550021731155,36.976715512926475,23.956745261896028,47.913490523792056,10.41597620082436,38.01831313300891,62.495857204946155,26.039940502060897,10.936775010865578,36.976715512926475,32.289526222555516,69.78704054552321,47.913490523792056,5.20798810041218,39.580709563132565,49.996685763956926,0.04478774819318311,0.04590402947561771,0.04122272132997134,0.04273029702083243,0.04410582567083403,0.04342678069472656,0.0420658942222249,0.041893392809868944,0.044143202950707665,0.04494916492257583,0.04397213266823959
1834,45.757684763803475,23.398816072399505,40.03797416832804,34.31826357285261,21.318921310408438,36.91813202534144,23.918789762897273,47.837579525794546,10.399473809955335,37.95807940633698,62.39684285973201,26.518658215386107,10.919447500453103,37.43810571583921,32.23836881086154,69.67647452670074,47.837579525794546,5.199736904977668,39.51800047783028,49.91747428778561,0.04490558876921025,0.045903410122763194,0.04127737358117514,0.042844917327503,0.04416310160885656,0.04351532108487766,0.042102608584304736,0.041975338742091,0.044239257621553146,0.04499698305798794,0.044102409001910634
1835,45.253846947898985,23.40716221443051,40.052255344692206,34.330504581164746,21.326525573147798,36.931300382768136,23.927321374751187,47.854642749502375,10.40318320641356,37.9716187034095,62.41909923848136,26.528117176354577,10.923342366734238,37.451459543088816,32.24986793988204,69.70132748297085,48.374801909823056,5.20159160320678,39.53209618437153,49.93527939078509,0.04490544993962453,0.045886070875536415,0.04125684952712227,0.04282300676933512,0.04414506658164696,0.04355423816968715,0.04207877395964344,0.04195300740226672,0.044223693924138996,0.04492339351722088,0.044091289013099416
1836,45.757684763803475,23.398816072399505,40.03797416832804,34.31826357285261,21.318921310408438,36.91813202534144,23.918789762897273,47.837579525794546,10.399473809955335,37.95807940633698,62.39684285973201,26.518658215386107,10.919447500453103,37.43810571583921,32.23836881086154,69.67647452670074,47.837579525794546,5.199736904977668,39.51800047783028,49.91747428778561,0.04490558876921025,0.045903410122763194,0.04127737358117514,0.042844917327503,0.04416310160885656,0.04351532108487766,0.042102608584304736,0.041975338742091,0.044239257621553146,0.04499698305798794,0.044102409001910634
1837,45.253846947898985,23.40716221443051,40.052255344692206,34.330504581164746,21.326525573147798,36.931300382768136,23.927321374751187,47.854642749502375,10.40318320641356,37.9716187034095,62.41909923848136,26.528117176354577,10.923342366734238,37.451459543088816,32.24986793988204,69.70132748297085,48.374801909823056,5.20159160320678,39.53209618437153,49.93527939078509,0.04490544993962453,0.045886070875536415,0.04125684952712227,0.04282300676933512,0.04414506658164696,0.04355423816968715,0.04207877395964344,0.04195300740226672,0.044223693924138996,0.04492339351722088,0.044091289013099416
1838,45.757684763803475,23.398816072399505,40.03797416832804,34.31826357285261,21.318921310408438,36.91813202534144,23.918789762897273,47.837579525794546,10.399473809955335,37.95807940633698,62.39684285973201,26.518658215386107,10.919447500453103,37.43810571583921,32.23836881086154,69.67647452670074,47.837579525794546,5.199736904977668,39.51800047783028,49.91747428778561,0.04490558876921025,0.045903410122763194,0.04127737358117514,0.042844917327503,0.04416310160885656,0.04351532108487766,0.042102608584304736,0.041975338742091,0.044239257621553146,0.04499698305798794,0.044102409001910634
1839,45.757684763803475,23.398816072399505,40.03797416832804,34.31826357285261,21.318921310408438,36.91813202534144,23.918789762897273,47.837579525794546,10.399473809955335,37.95807940633698,62.39684285973201,26.518658215386107,10.919447500453103,37.43810571583921,32.23836881086154,69.67647452670074,47.837579525794546,5.199736904977668,39.51800047783028,49.91747428778561,0.04490558876921025,0.045903410122763194,0.04127737358117514,0.042844917327503,0.04416310160885656,0.04351532108487766,0.042102608584304736,0.041975338742091,0.044239257621553146,0.04499698305798794,0.044102409001910634
1840,45.757684763803475,23.398816072399505,40.03797416832804,34.31826357285261,21.318921310408438,36.91813202534144,23.918789762897273,47.837579525794546,10.399473809955335,37.95807940633698,62.39684285973201,26.518658215386107,10.919447500453103,37.43810571583921,32.23836881086154,69.67647452670074,47.837579525794546,5.199736904977668,39.51800047783028,49.91747428778561,0.04490558876921025,0.045903410122763194,0.04127737358117514,0.042844917327503,0.04416310160885656,0.04351532108487766,0.042102608584304736,0.041975338742091,0.044239257621553146,0.04499698305798794,0.044102409001910634
1841,45.757684763803475,23.398816072399505,40.03797416832804,34.31826357285261,21.318921310408438,36.91813202534144,23.918789762897273,47.837579525794546,10.399473809955335,37.95807940633698,62.39684285973201,26.518658215386107,10.919447500453103,37.43810571583921,32.23836881086154,69.67647452670074,47.837579525794546,5.199736904977668,39.51800047783028,49.91747428778561,0.04490558876921025,0.045903410122763194,0.04127737358117514,0.042844917327503,0.04416310160885656,0.04351532108487766,0.042102608584304736,0.041975338742091,0.044239257621553146,0.04499698305798794,0.044102409001910634
1842,45.80539824081059,23.423215009505416,40.07972346070927,34.35404868060794,21.861667342205052,36.95662812610854,23.943730898605533,47.36694590811095,10.410317782002407,37.99765990430878,62.46190669201444,26.546310344106136,10.930833671102526,36.95662812610854,32.27198512420746,70.26964502851624,47.88746179721107,5.205158891001203,39.55920757160914,49.96952535361155,0.04483237322162243,0.04588547681305256,0.04122165399238399,0.04280943376518755,0.04414143912566323,0.04345332992856103,0.042085237437706965,0.041898852646382406,0.04414784100630425,0.04500163669396823,0.04400683626904701
1843,45.80539824081059,23.423215009505416,40.07972346070927,34.35404868060794,21.861667342205052,36.95662812610854,23.943730898605533,47.36694590811095,10.410317782002407,37.99765990430878,62.46190669201444,26.546310344106136,10.930833671102526,36.95662812610854,32.27198512420746,70.26964502851624,47.88746179721107,5.205158891001203,39.55920757160914,49.96952535361155,0.04483237322162243,0.04588547681305256,0.04122165399238399,0.04280943376518755,0.04414143912566323,0.04345332992856103,0.042085237437706965,0.041898852646382406,0.04414784100630425,0.04500163669396823,0.04400683626904701
1844,45.80539824081059,23.423215009505416,40.07972346070927,34.35404868060794,21.861667342205052,36.95662812610854,23.943730898605533,47.36694590811095,10.410317782002407,37.99765990430878,62.46190669201444,26.546310344106136,10.930833671102526,36.95662812610854,32.27198512420746,70.26964502851624,47.88746179721107,5.205158891001203,39.55920757160914,49.96952535361155,0.04483237322162243,0.04588547681305256,0.04122165399238399,0.04280943376518755,0.04414143912566323,0.04345332992856103,0.042085237437706965,0.041898852646382406,0.04414784100630425,0.04500163669396823,0.04400683626904701
1845,39.64649405896113,19.030317148301343,47.57579287075336,25.373756197735126,20.61617691065979,23.78789643537668,20.61617691065979,41.23235382131958,5.814819128647633,40.17511397974728,53.91923192018714,19.030317148301343,6.343439049433782,32.24581516795505,19.55893706908749,56.56233152411788,50.218892474684104,5.814819128647633,29.074095643238163,61.31991081119322,0.04488675201577323,0.044542494600003785,0.04086011121892135,0.04315741955949451,0.04340700972510944,0.043692973583592865,0.0411157868495032,0.04211346357830082,0.04251638509043743,0.04200953365026822,0.04307814934244662
1846,39.63051253960022,19.022646019008103,47.55661504752026,25.36352802534414,20.607866520592115,24.306714357621466,20.607866520592115,41.21573304118423,5.284068338613363,40.15891937346156,53.36909021999496,19.022646019008103,6.340882006336035,32.76122369940285,19.55105285286944,56.53953122316298,50.198649216826944,5.812475172474699,29.062375862373493,61.295192727915,0.04492891704367235,0.04452043317314037,0.040876414460707014,0.04321230506302731,0.043442759684045415,0.04374398243718672,0.04111729545668358,0.04213452614152734,0.04250560045038233,0.04200596450581095,0.04310496772248044
1847,39.64649405896113,19.030317148301343,47.57579287075336,25.373756197735126,20.61617691065979,23.78789643537668,20.61617691065979,41.23235382131958,5.814819128647633,40.17511397974728,53.91923192018714,19.030317148301343,6.343439049433782,32.24581516795505,19.55893706908749,56.56233152411788,50.218892474684104,5.814819128647633,29.074095643238163,61.31991081119322,0.04488675201577323,0.044542494600003785,0.04086011121892135,0.04315741955949451,0.04340700972510944,0.043692973583592865,0.0411157868495032,0.04211346357830082,0.04251638509043743,0.04200953365026822,0.04307814934244662
1848,39.64649405896113,19.030317148301343,47.57579287075336,25.373756197735126,20.61617691065979,23.78789643537668,20.61617691065979,41.23235382131958,5.814819128647633,40.17511397974728,53.91923192018714,19.030317148301343,6.343439049433782,32.24581516795505,19.55893706908749,56.56233152411788,50.218892474684104,5.814819128647633,29.074095643238163,61.31991081119322,0.04488675201577323,0.044542494600003785,0.04086011121892135,0.04315741955949451,0.04340700972510944,0.043692973583592865,0.0411157868495032,0.04211346357830082,0.04251638509043743,0.04200953365026822,0.04307814934244662
1849,39.64649405896113,19.030317148301343,47.57579287075336,25.373756197735126,20.61617691065979,23.78789643537668,20.61617691065979,41.23235382131958,5.814819128647633,40.17511397974728,53.91923192018714,19.030317148301343,6.343439049433782,32.24581516795505,19.55893706908749,56.56233152411788,50.218892474684104,5.814819128647633,29.074095643238163,61.31991081119322,0.04488675201577323,0.044542494600003785,0.04086011121892135,0.04315741955949451,0.04340700972510944,0.043692973583592865,0.0411157868495032,0.04211346357830082,0.04251638509043743,0.04200953365026822,0.04307814934244662
1850,47.49879203546283,22.69386730583224,42.74891283191654,34.83244749267274,23.221631661781828,30.082568289126456,29.02703957722728,51.193142527109934,11.083051474941326,37.99903362837026,70.72042369724466,20.582809882033892,5.805407915445457,43.276677187866134,27.44374650937852,69.66489498534548,56.99855044255539,5.805407915445457,32.72139006887439,64.38725142584961,0.04363082659245185,0.04373938243713224,0.04282909319427603,0.04381708605089948,0.04212111200124236,0.04298865850557273,0.041762122919505026,0.0428119260506461,0.04302984648561582,0.042654794642751445,0.04285079517031985
1851,45.39989690802328,22.17204267601137,43.81617957402247,35.369687126018135,23.22785423201191,32.730158236016784,26.923194678013804,49.62314313202545,11.613927116005955,40.12083912802057,71.26728003003655,22.17204267601137,6.862775114003519,42.232462240021654,26.923194678013804,69.68356269603574,55.430106690028424,5.806963558002978,33.785969792017326,64.9324106940333,0.0433721472479696,0.043815335109408216,0.04283979872369312,0.04414429956543172,0.0420887192206621,0.042660788831755676,0.04197464313498987,0.04293111458711454,0.04331101291631794,0.04272635027524898,0.0422300123871376
1852,47.218975932006764,21.2220116548345,45.09677476652331,33.424668356364336,23.34421282031795,32.89411806499348,27.058064859913987,51.46337826297366,13.263757284271563,40.32182214418555,69.50208816958299,21.2220116548345,5.836053205079487,43.50512389241073,27.588615151284852,70.03263846095385,55.70778059394056,5.836053205079487,32.36356777362261,66.31878642135781,0.04337608993506728,0.043320598185155434,0.042581130128132166,0.04365623515765266,0.04194979500991554,0.04256297252194597,0.04136674226552362,0.04229743460142162,0.043415958896944135,0.042409944298641436,0.04251280762873762
1853,47.648326827256895,21.17703414544751,45.001197559075955,33.35382877907983,23.29473755999226,32.82440292544364,27.530144389081762,51.35430780271021,12.706220487268507,40.765790729986456,69.3547868263406,21.17703414544751,5.823684389998065,43.412919998167396,27.530144389081762,69.88421267997678,55.589714631799716,6.353110243634253,33.35382877907983,65.64880585088729,0.04353413479302762,0.043486046260122396,0.04265325902924436,0.043874813146389496,0.042242980521602025,0.04241706472152896,0.04131394044552637,0.04252427213817822,0.04344706587115609,0.04264972991152686,0.0424308395255098
1854,46.60219439720613,21.712386025971036,43.42477205194207,33.89250501614991,23.301097198603063,32.833364234395226,27.00808993474446,50.30918713334752,13.23925977193356,40.77692009755536,68.8441508140545,21.712386025971036,5.825274299650766,43.42477205194207,28.067230716499143,70.96243237756387,56.134461432998286,5.825274299650766,33.362934625272565,66.72586925054513,0.04363254508807593,0.04350470814448239,0.04270154276889597,0.04367256634307134,0.04165050865845303,0.04246458675696359,0.04160664498144276,0.042482634527561285,0.04354396138905019,0.04255097042529656,0.042618940039364596
1855,46.60219439720613,21.712386025971036,43.42477205194207,33.89250501614991,23.301097198603063,32.833364234395226,27.00808993474446,50.30918713334752,13.23925977193356,40.77692009755536,68.8441508140545,21.712386025971036,5.825274299650766,43.42477205194207,28.067230716499143,70.96243237756387,56.134461432998286,5.825274299650766,33.362934625272565,66.72586925054513,0.04363254508807593,0.04350470814448239,0.04270154276889597,0.04367256634307134,0.04165050865845303,0.04246458675696359,0.04160664498144276,0.042482634527561285,0.04354396138905019,0.04255097042529656,0.042618940039364596
1856,45.22612803223083,23.392824844257326,40.02772251128476,34.309476438244076,21.833303187973506,36.90867919871712,23.912665396351933,47.825330792703866,10.396811041892144,37.94836030290633,62.38086625135287,26.51186815682497,10.916651593986753,37.94836030290633,32.23011422986565,69.13879342858276,47.825330792703866,5.198405520946072,39.50788195919015,49.90469300108229,0.04481130797544277,0.04578024899262762,0.041386939116383664,0.04287096376193171,0.04425404763109196,0.04353834902803931,0.042243076406783826,0.04193346916985171,0.04418096055363169,0.045009135681119354,0.044150949588489134
1857,42.827308415272476,22.484336918018048,45.504015191227005,26.767067759545295,18.2016060764908,34.26184673221798,20.878312852445333,32.655822666645264,10.171485748627212,41.756625704890666,65.84698668848144,16.595582010918083,10.171485748627212,26.767067759545295,21.413654207636238,49.78674603275425,61.56425584695418,4.282730841527248,26.23172640435439,42.29196706008157,0.04441517527204366,0.042515629653735204,0.04133628242197759,0.041478509148716675,0.04253053513564434,0.04298890478662992,0.04054907908144402,0.042221437774438236,0.04280959132466162,0.04106184498536467,0.042751655224438224
1858,42.796444061958994,23.00308868330296,45.47122181583143,26.74777753872437,18.188488726332572,34.237155249567195,20.86326648020501,32.63228859724373,10.164155464715261,40.656621858861044,65.26457719448746,16.58362207400911,10.164155464715261,26.74777753872437,22.46813313252847,48.14599956970387,62.589799440615025,4.279644406195899,26.212821987949884,42.796444061958994,0.044314120718877574,0.04255330010770403,0.041393868420580564,0.041459982063918495,0.04271074292137076,0.043008461600373124,0.04056580261321293,0.04193970954405683,0.043013041419287065,0.04133299179893592,0.042752428017195226
1859,46.54931986682251,20.171371942289753,53.79032517943934,39.30831455420567,21.205801272663585,36.20502656308417,32.58452390677575,40.85995854976642,12.930366629672918,43.96324654088792,67.23790647429918,32.06730924158884,13.447581294859836,39.825529219392585,24.826303928972003,55.34196917500009,61.03133049205617,10.86150796892525,42.92881721051409,63.617403817990755,0.044655555022569585,0.04478146285316925,0.0430127933183443,0.04457660255790477,0.04330060690555027,0.045504339209903294,0.043274446789348414,0.04415017151861979,0.04347887285144639,0.04342180532225028,0.042628678463976936
1860,44.38225669393682,22.19112834696841,44.910616892674156,34.343412917927296,23.247848744443093,32.758332321715265,26.41800993686715,50.72257907878493,11.623924372221547,39.627014905300726,71.3286268295413,22.19112834696841,6.86868258358546,42.26881589898744,26.946370135604496,69.74354623332928,55.477820867421016,5.811962186110773,33.81505271918996,65.51666464343053,0.04350596674200685,0.04390089896641123,0.042808027313265856,0.044058425066807134,0.041968029227346736,0.04247768719672867,0.041877040749286346,0.04280258697685762,0.043369862695876504,0.042792800585467285,0.04207847574260273
1861,45.757684763803475,23.398816072399505,40.03797416832804,34.31826357285261,21.318921310408438,36.91813202534144,23.918789762897273,47.837579525794546,10.399473809955335,37.95807940633698,62.39684285973201,26.518658215386107,10.919447500453103,37.43810571583921,32.23836881086154,69.67647452670074,47.837579525794546,5.199736904977668,39.51800047783028,49.91747428778561,0.04490558876921025,0.045903410122763194,0.04127737358117514,0.042844917327503,0.04416310160885656,0.04351532108487766,0.042102608584304736,0.041975338742091,0.044239257621553146,0.04499698305798794,0.044102409001910634
1862,45.757684763803475,23.398816072399505,40.03797416832804,34.31826357285261,21.318921310408438,36.91813202534144,23.918789762897273,47.837579525794546,10.399473809955335,37.95807940633698,62.39684285973201,26.518658215386107,10.919447500453103,37.43810571583921,32.23836881086154,69.67647452670074,47.837579525794546,5.199736904977668,39.51800047783028,49.91747428778561,0.04490558876921025,0.045903410122763194,0.04127737358117514,0.042844917327503,0.04416310160885656,0.04351532108487766,0.042102608584304736,0.041975338742091,0.044239257621553146,0.04499698305798794,0.044102409001910634
1863,45.757684763803475,23.398816072399505,40.03797416832804,34.31826357285261,21.318921310408438,36.91813202534144,23.918789762897273,47.837579525794546,10.399473809955335,37.95807940633698,62.39684285973201,26.518658215386107,10.919447500453103,37.43810571583921,32.23836881086154,69.67647452670074,47.837579525794546,5.199736904977668,39.51800047783028,49.91747428778561,0.04490558876921025,0.045903410122763194,0.04127737358117514,0.042844917327503,0.04416310160885656,0.04351532108487766,0.042102608584304736,0.041975338742091,0.044239257621553146,0.04499698305798794,0.044102409001910634
1864,45.757684763803475,23.398816072399505,40.03797416832804,34.31826357285261,21.318921310408438,36.91813202534144,23.918789762897273,47.837579525794546,10.399473809955335,37.95807940633698,62.39684285973201,26.518658215386107,10.919447500453103,37.43810571583921,32.23836881086154,69.67647452670074,47.837579525794546,5.199736904977668,39.51800047783028,49.91747428778561,0.04490558876921025,0.045903410122763194,0.04127737358117514,0.042844917327503,0.04416310160885656,0.04351532108487766,0.042102608584304736,0.041975338742091,0.044239257621553146,0.04499698305798794,0.044102409001910634
1865,45.757684763803475,23.398816072399505,40.03797416832804,34.31826357285261,21.318921310408438,36.91813202534144,23.918789762897273,47.837579525794546,10.399473809955335,37.95807940633698,62.39684285973201,26.518658215386107,10.919447500453103,37.43810571583921,32.23836881086154,69.67647452670074,47.837579525794546,5.199736904977668,39.51800047783028,49.91747428778561,0.04490558876921025,0.045903410122763194,0.04127737358117514,0.042844917327503,0.04416310160885656,0.04351532108487766,0.042102608584304736,0.041975338742091,0.044239257621553146,0.04499698305798794,0.044102409001910634
1866,45.757684763803475,23.398816072399505,40.03797416832804,34.31826357285261,21.318921310408438,36.91813202534144,23.918789762897273,47.837579525794546,10.399473809955335,37.95807940633698,62.39684285973201,26.518658215386107,10.919447500453103,37.43810571583921,32.23836881086154,69.67647452670074,47.837579525794546,5.199736904977668,39.51800047783028,49.91747428778561,0.04490558876921025,0.045903410122763194,0.04127737358117514,0.042844917327503,0.04416310160885656,0.04351532108487766,0.042102608584304736,0.041975338742091,0.044239257621553146,0.04499698305798794,0.044102409001910634
1867,45.757684763803475,23.398816072399505,40.03797416832804,34.31826357285261,21.318921310408438,36.91813202534144,23.918789762897273,47.837579525794546,10.399473809955335,37.95807940633698,62.39684285973201,26.518658215386107,10.919447500453103,37.43810571583921,32.23836881086154,69.67647452670074,47.837579525794546,5.199736904977668,39.51800047783028,49.91747428778561,0.04490558876921025,0.045903410122763194,0.04127737358117514,0.042844917327503,0.04416310160885656,0.04351532108487766,0.042102608584304736,0.041975338742091,0.044239257621553146,0.04499698305798794,0.044102409001910634
1868,45.757684763803475,23.398816072399505,40.03797416832804,34.31826357285261,21.318921310408438,36.91813202534144,23.918789762897273,47.837579525794546,10.399473809955335,37.95807940633698,62.39684285973201,26.518658215386107,10.919447500453103,37.43810571583921,32.23836881086154,69.67647452670074,47.837579525794546,5.199736904977668,39.51800047783028,49.91747428778561,0.04490558876921025,0.045903410122763194,0.04127737358117514,0.042844917327503,0.04416310160885656,0.04351532108487766,0.042102608584304736,0.041975338742091,0.044239257621553146,0.04499698305798794,0.044102409001910634
1869,39.64649405896113,19.030317148301343,47.57579287075336,25.373756197735126,20.61617691065979,23.78789643537668,20.61617691065979,41.23235382131958,5.814819128647633,40.17511397974728,53.91923192018714,19.030317148301343,6.343439049433782,32.24581516795505,19.55893706908749,56.56233152411788,50.218892474684104,5.814819128647633,29.074095643238163,61.31991081119322,0.04488675201577323,0.044542494600003785,0.04086011121892135,0.04315741955949451,0.04340700972510944,0.043692973583592865,0.0411157868495032,0.04211346357830082,0.04251638509043743,0.04200953365026822,0.04307814934244662
1870,39.64649405896113,19.030317148301343,47.57579287075336,25.373756197735126,20.61617691065979,23.78789643537668,20.61617691065979,41.23235382131958,5.814819128647633,40.17511397974728,53.91923192018714,19.030317148301343,6.343439049433782,32.24581516795505,19.55893706908749,56.56233152411788,50.218892474684104,5.814819128647633,29.074095643238163,61.31991081119322,0.04488675201577323,0.044542494600003785,0.04086011121892135,0.04315741955949451,0.04340700972510944,0.043692973583592865,0.0411157868495032,0.04211346357830082,0.04251638509043743,0.04200953365026822,0.04307814934244662
1871,39.64649405896113,19.030317148301343,47.57579287075336,25.373756197735126,20.61617691065979,23.78789643537668,20.61617691065979,41.23235382131958,5.814819128647633,40.17511397974728,53.91923192018714,19.030317148301343,6.343439049433782,32.24581516795505,19.55893706908749,56.56233152411788,50.218892474684104,5.814819128647633,29.074095643238163,61.31991081119322,0.04488675201577323,0.044542494600003785,0.04086011121892135,0.04315741955949451,0.04340700972510944,0.043692973583592865,0.0411157868495032,0.04211346357830082,0.04251638509043743,0.04200953365026822,0.04307814934244662
1872,39.64649405896113,19.030317148301343,47.57579287075336,25.373756197735126,20.61617691065979,23.78789643537668,20.61617691065979,41.23235382131958,5.814819128647633,40.17511397974728,53.91923192018714,19.030317148301343,6.343439049433782,32.24581516795505,19.55893706908749,56.56233152411788,50.218892474684104,5.814819128647633,29.074095643238163,61.31991081119322,0.04488675201577323,0.044542494600003785,0.04086011121892135,0.04315741955949451,0.04340700972510944,0.043692973583592865,0.0411157868495032,0.04211346357830082,0.04251638509043743,0.04200953365026822,0.04307814934244662
1873,45.256698367103894,23.40863708643305,40.054779014563216,34.33266772676847,21.848061280670848,36.93362740303881,23.92882902168712,47.85765804337424,10.403838705081355,37.97401127354695,62.42303223048813,26.529788697957457,10.924030640335424,37.97401127354695,32.2518999857522,70.22591125929915,47.85765804337424,5.201919352540678,39.01439514405508,49.418233849136435,0.04488326211222917,0.045896794065418724,0.04127044054786579,0.04286738304582895,0.04416964223430303,0.04350488068328398,0.042129950100874315,0.04192407710278981,0.044190820741451836,0.044984810684221506,0.04398600342766509
1874,44.27571595108651,21.083674262422146,43.221532237965405,36.89642995923876,22.664949832103808,32.15260325019378,25.82750097146713,52.70918565605537,11.068928987771628,42.69444038140485,70.6303087791142,22.664949832103808,6.852194135287198,42.16734852484429,27.408776541148793,67.46775763975087,54.29046122573703,6.325102278726645,33.20678696331488,64.8322983569481,0.043874893366883626,0.04374494014883519,0.04260585248394237,0.04405150620949815,0.04221140985728871,0.04233440530173145,0.04177626502772608,0.042713133450556245,0.04371073651747605,0.043290387699579,0.0425946133759295
1875,45.892730261383015,22.155111160667662,43.2552170279702,36.39768262109687,23.21011645403279,32.70516409431893,26.375132334128168,49.58524878816096,11.605058227016395,39.56269850119225,71.21285730214606,22.155111160667662,7.385037053555887,42.20021173460507,26.90263498081073,70.15785200878094,54.86027525498659,5.802529113508197,33.76016938768406,64.35532289527274,0.04354342119110521,0.04392172996366505,0.042811288988910394,0.04417149306311938,0.04204541456459632,0.04246014273111698,0.04199990419223038,0.04286129143738536,0.043528019035158357,0.04292537924640306,0.042229268903746196
1876,46.57702003041498,21.70065705962516,43.93059843777776,33.87419638575635,23.28851001520749,32.81562774870146,26.99350024489959,51.34057889716196,13.232107963186072,40.754892526613105,68.80696140856757,21.70065705962516,5.822127503801872,43.40131411925032,27.52278456342703,70.92409868267735,55.57485344538151,5.822127503801872,32.81562774870146,66.68982413445781,0.043510365599783905,0.04353030816318209,0.04254763463282989,0.04373785949618909,0.041976965192360854,0.04258072466444757,0.04148141586765678,0.042652377521196716,0.04348386625265621,0.04259763740066796,0.04261652668158601
1877,45.892730261383015,22.155111160667662,43.2552170279702,36.39768262109687,23.21011645403279,32.70516409431893,26.375132334128168,49.58524878816096,11.605058227016395,39.56269850119225,71.21285730214606,22.155111160667662,7.385037053555887,42.20021173460507,26.90263498081073,70.15785200878094,54.86027525498659,5.802529113508197,33.76016938768406,64.35532289527274,0.04354342119110521,0.04392172996366505,0.042811288988910394,0.04417149306311938,0.04204541456459632,0.04246014273111698,0.04199990419223038,0.04286129143738536,0.043528019035158357,0.04292537924640306,0.042229268903746196
1878,45.79597493267403,22.897987466337014,40.071478066089774,34.34698119950552,21.857169854230786,36.94902522977109,23.93880507844324,47.87761015688648,10.40817612106228,37.98984284187732,62.449056726373676,26.540849108708812,10.928584927115393,37.46943403582421,32.265345975293066,68.69396239901104,48.398018962939595,5.20408806053114,40.59188687214289,49.438836575045826,0.044905777117177914,0.045850064410939514,0.04133248924405634,0.04296030025132241,0.04407341114874621,0.04336338685300958,0.042075578387485234,0.041924784199968264,0.04404371532304298,0.044964143936069394,0.044097543075068135
1879,46.62584558893318,21.723405331207505,43.9766498168347,33.90970588286049,23.31292279446659,32.850027574021105,28.081475184243846,51.924237133130134,13.775818014912076,38.678258272637756,69.93876838339978,21.193566176787808,6.358069853036342,43.44681066241501,28.081475184243846,69.93876838339978,56.69278952290739,5.828230698616648,32.32018841960141,65.70005514804221,0.043517098312101474,0.043539255330351766,0.04248934328567442,0.043644483690133545,0.04183843853819672,0.0425736107480604,0.041542824742564495,0.04252023277457568,0.04345022113235214,0.042558616461624635,0.042486720564669546
1880,47.035717173936675,22.1966305764645,43.864769948727464,33.29494586469675,23.253612984867573,32.766454660495214,26.95305141427832,50.73515560334743,13.212280105038392,40.69382272351825,68.1753653419981,21.668139372262964,5.813403246216893,43.864769948727464,27.481542618479857,70.28933015880425,56.020067645362786,5.813403246216893,33.29494586469675,66.06140052519197,0.043441278427475444,0.04370107081983747,0.042673350665407866,0.0437214000641693,0.04183045413995719,0.042576086400087323,0.04158762740271308,0.042748109537306886,0.04386963448560118,0.04272821575339293,0.042631568102515685
1881,44.81809078749637,21.090866252939467,43.236275818525904,36.90901594264407,22.672681221909926,32.16357103573269,25.836311159850847,52.727165632348665,11.07270478279322,42.181732505878934,70.65440194734721,22.672681221909926,6.854531532205327,42.181732505878934,27.418126128821307,67.49077200940629,54.83625225764261,6.32725987588184,33.21811434837966,64.32714207146537,0.043864255191104866,0.04369020675421601,0.0425490571895513,0.04403471331717623,0.04224071242760427,0.04237501310012963,0.04177060095307013,0.042747187299529345,0.04364025443847895,0.043277190253738676,0.042539152751913896
1882,47.48939405417164,22.68937715921534,42.74045464875448,34.82555563972587,23.21703709315058,30.604276168243945,29.021296366438225,51.18301359171833,11.08085861264005,38.51917517727255,70.70643114732222,20.57873742347438,5.804259273287645,43.26811458268972,27.438316564632505,68.59579141158126,56.98727286500597,5.804259273287645,32.71491590398491,64.90217187403458,0.04370397324847272,0.04372989877055221,0.04274579935191093,0.04384646586598766,0.04220703116222177,0.0430426535634028,0.04178523691987047,0.0428175173996355,0.04296691474304633,0.042525214052128335,0.042969360987530875
1883,45.892730261383015,22.155111160667662,43.2552170279702,36.39768262109687,23.21011645403279,32.70516409431893,26.375132334128168,49.58524878816096,11.605058227016395,39.56269850119225,71.21285730214606,22.155111160667662,7.385037053555887,42.20021173460507,26.90263498081073,70.15785200878094,54.86027525498659,5.802529113508197,33.76016938768406,64.35532289527274,0.04354342119110521,0.04392172996366505,0.042811288988910394,0.04417149306311938,0.04204541456459632,0.04246014273111698,0.04199990419223038,0.04286129143738536,0.043528019035158357,0.04292537924640306,0.042229268903746196
1884,45.22612803223083,23.392824844257326,40.02772251128476,34.309476438244076,21.833303187973506,36.90867919871712,23.912665396351933,47.825330792703866,10.396811041892144,37.94836030290633,62.38086625135287,26.51186815682497,10.916651593986753,37.94836030290633,32.23011422986565,69.13879342858276,47.825330792703866,5.198405520946072,39.50788195919015,49.90469300108229,0.04481130797544277,0.04578024899262762,0.041386939116383664,0.04287096376193171,0.04425404763109196,0.04353834902803931,0.042243076406783826,0.04193346916985171,0.04418096055363169,0.045009135681119354,0.044150949588489134
1885,41.806891039089855,18.29051482960181,45.98758014299884,33.445512831271884,17.767928691613186,31.87775441730601,26.651893037419782,30.832582141328768,9.406550483795217,37.626201935180866,59.57481973070304,27.174479175408404,11.49689503574971,38.67137421115811,22.99379007149942,47.555338556964706,55.91671676478268,7.316205931840724,29.78740986535152,55.91671676478268,0.0450362973115835,0.0442455498992939,0.04242528863460497,0.044959943174149405,0.04298264464410197,0.0444887936798898,0.04185232419190326,0.0434769408476476,0.04365232333143757,0.042645492731945324,0.041648263564819606
1886,45.43956411659692,22.19141503368687,42.79772899353896,34.34385659975349,23.248149082910054,32.75875552591871,26.946718255191197,52.836702461159206,13.209175615289801,40.155893870481,70.27281427334175,21.663048009075276,6.3404042953391055,41.74099494431577,28.00345230441438,69.21608022411857,56.00690460882876,5.812037270727513,32.75875552591871,66.5742451010606,0.04375009602312146,0.0433634965025211,0.04246680353691118,0.04378479074573023,0.04199943598294879,0.04262570979418663,0.041616501821681265,0.04310935861259944,0.04365318846605587,0.04257928837917767,0.04268430552347422
1887,45.4894434917302,21.686827711173702,42.315761387656,34.3815561274705,23.8026157805565,32.7947150754334,27.5052449019764,53.9525957692614,13.7526224509882,39.6710263009275,69.82100628963241,21.686827711173702,5.8184171908027,41.7868143703103,27.5052449019764,69.2920592722867,57.1262778733356,5.289470173457,32.7947150754334,66.6473241855582,0.043527422413611495,0.04352964774428551,0.04258990568316902,0.04376212795815186,0.042013795753191564,0.04272817601893617,0.04152851939444409,0.04292223541328508,0.04335953689911298,0.0425598631086272,0.04253175226748502
1888,45.43858174431254,22.19093527047822,42.79680373592228,34.34311410907343,23.247646473834326,32.75804730403927,27.474491287258747,52.30720456612723,13.737245643629374,39.62667012585396,69.74293942150298,21.662579668800166,6.340267220136634,42.79680373592228,28.0028468889368,70.27129502318103,56.0056937778736,5.8119116184585815,32.22969170236122,65.51609460807855,0.04370370812754581,0.043676933450125535,0.04259240328157073,0.04393727524107943,0.04207646195169952,0.04257713616877775,0.04157986911961477,0.04267680597836821,0.043568927162839194,0.042609812586785256,0.04264506525354105
1889,45.21912706357921,23.908963734766015,40.02152625167355,34.30416535857733,21.829923410003754,36.90296576453016,23.908963734766015,47.29816738834147,10.395201623811312,37.42272584572072,62.37120974286787,26.507764140718844,10.395201623811312,36.90296576453016,32.22512503381507,70.68737104191692,47.81792746953203,5.197600811905656,39.50176617048299,50.41672787548486,0.04481502296602192,0.046009409380341953,0.041264468922064756,0.042776551342870235,0.04424353627572833,0.043528320312494304,0.04214229332580235,0.04200442319729353,0.04427100681733637,0.04508752721342999,0.04409735905605065
1890,45.21912706357921,23.908963734766015,40.02152625167355,34.30416535857733,21.829923410003754,36.90296576453016,23.908963734766015,47.29816738834147,10.395201623811312,37.42272584572072,62.37120974286787,26.507764140718844,10.395201623811312,36.90296576453016,32.22512503381507,70.68737104191692,47.81792746953203,5.197600811905656,39.50176617048299,50.41672787548486,0.04481502296602192,0.046009409380341953,0.041264468922064756,0.042776551342870235,0.04424353627572833,0.043528320312494304,0.04214229332580235,0.04200442319729353,0.04427100681733637,0.04508752721342999,0.04409735905605065
1891,41.53404027090345,19.978399117649765,54.15197655573488,34.699324783286436,27.864609295669407,31.019093366877264,23.132883188857623,50.47174513932572,7.360462832818334,42.585534961306074,58.883702662546675,26.28736726006548,12.09218893963012,32.596335402481195,31.019093366877264,64.66692345976108,49.94599779412441,8.411957523220954,40.48254558050084,56.780713281741434,0.04304818955111291,0.044663576655992715,0.042859287583735854,0.043230913562901936,0.04388801364335844,0.04410799295247153,0.04221411776076351,0.043510412892257835,0.04342831022258494,0.040719596990680035,0.042582242982830774
1892,42.07060427972591,19.98353703286981,54.16590301014711,34.70824853077388,27.871775335318418,31.027070656297862,23.138832353849253,49.958842582174526,7.362355748952035,42.07060427972591,58.89884599161628,26.294127674828697,12.621181283917775,32.60471831678758,31.027070656297862,64.6835540800786,49.958842582174526,8.414120855945184,40.49295661923619,56.79531577762998,0.04308943107745372,0.044634541855754155,0.04288386955895104,0.0431650918400539,0.043799785297665414,0.044098513367169925,0.04223034098406449,0.04352142473064221,0.04337457626805247,0.04073534578061633,0.04258452574300244
1893,42.096449700324904,19.46960798640027,54.725384610422374,35.255776624022104,27.888897926465248,31.046131653989615,23.67925295643276,49.989534019135824,7.366878697556858,42.096449700324904,58.93502958045487,26.310281062703066,12.628934910097472,32.624748517751804,31.046131653989615,64.19708579299548,49.989534019135824,8.419289940064981,40.51783283656272,56.30400147418456,0.04297509877587601,0.044568397978283894,0.042764185358076856,0.0432273671428494,0.04374716000138047,0.04412085803860614,0.04222725891866249,0.04345701908097541,0.0434317502402649,0.040730039344221466,0.042545243866741585
1894,43.17487183806492,17.269948735225967,54.50827569555696,29.68272438866963,22.12712181700827,36.15895516437937,23.746179510935704,53.968589797581146,14.031833347371098,39.93675645021005,72.85759622673454,20.508064123080835,10.254032061540418,39.93675645021005,32.38115387854869,64.76230775709737,58.28607698138764,8.634974367612983,30.762096184621253,65.30199365507319,0.04361325981095395,0.04165840949752754,0.041121758620545,0.04181575063852549,0.04148161791212969,0.042022445616534114,0.04126539658982913,0.042182279132424484,0.0426331973584749,0.041374817803007724,0.04114516904423641
1895,45.994932894964,27.701493675376046,52.26696919882273,31.360181519293636,22.997466447482,37.63221782315237,25.08814521543491,47.040272278940456,8.885384763799864,35.54153905519946,64.28837211455196,22.474796755493774,9.930724147776319,36.58687843917591,29.792172443328955,52.26696919882273,63.76570242256373,7.317375687835182,30.314842135317182,65.33371149852842,0.04458954762956603,0.04373055383928071,0.0427035071641756,0.04393894580976841,0.04359166879153345,0.04292371351389601,0.04345360849482057,0.041765405207301626,0.0438274961868012,0.04352018060767423,0.04328568076695494
1896,46.036717222640604,27.203514722469446,51.791306875470674,31.911815347512235,23.018358611320302,37.66640500034231,25.110936666894872,47.606150764321534,8.893456736191935,35.57382694476774,64.34677520891812,22.495214097426658,9.939745763979221,36.62011597255503,29.81923729193766,51.791306875470674,63.82363069502447,7.324023194511005,30.342381805831305,65.91620875059904,0.04437307987009611,0.04360416517979435,0.042653860666261284,0.044034538180958475,0.04341878897867795,0.042932705566265335,0.04343989786739105,0.04195211637171131,0.043640356985858136,0.043682881336046815,0.04312309510329588
1897,46.00419264865937,27.18429565602599,51.75471672974179,31.889269904184335,23.002096324329685,37.117019068804716,25.093195990177836,47.572517398045484,8.88717357985465,35.5486943194186,64.3013147248307,23.002096324329685,9.932723412778728,36.59424415234268,29.798170238336184,51.75471672974179,63.77853980836867,7.318848830468536,30.32094515479822,65.86963947421683,0.04440981440793607,0.04363288317296354,0.042715600128644345,0.044033989345951846,0.04342842755131907,0.04297643925386899,0.04352838172943604,0.0419299385935061,0.04364963936580751,0.04374105096993583,0.04317891901859243
1898,45.22612803223083,23.392824844257326,40.02772251128476,34.309476438244076,21.833303187973506,36.90867919871712,23.912665396351933,47.825330792703866,10.396811041892144,37.94836030290633,62.38086625135287,26.51186815682497,10.916651593986753,37.94836030290633,32.23011422986565,69.13879342858276,47.825330792703866,5.198405520946072,39.50788195919015,49.90469300108229,0.04481130797544277,0.04578024899262762,0.041386939116383664,0.04287096376193171,0.04425404763109196,0.04353834902803931,0.042243076406783826,0.04193346916985171,0.04418096055363169,0.045009135681119354,0.044150949588489134
1899,42.14110063572421,16.208115629124695,52.40624053416985,30.255149174366096,22.15109135980375,35.65785438407433,21.610820838832925,54.56732261805314,12.426221982328933,39.980018551840914,70.77543824717783,23.231632401745394,10.26513989844564,37.81893646795762,33.49677230019103,67.53381512135289,58.88948678581972,8.64432833553317,33.49677230019103,65.3727330374696,0.043297229549594946,0.042096113122806346,0.04111939502611157,0.041136333189071235,0.041230601556350714,0.04198900784510508,0.04169790834330195,0.04235088276299916,0.042393781829362,0.041449353546000337,0.04096887225847354
1900,45.22612803223083,23.392824844257326,40.02772251128476,34.309476438244076,21.833303187973506,36.90867919871712,23.912665396351933,47.825330792703866,10.396811041892144,37.94836030290633,62.38086625135287,26.51186815682497,10.916651593986753,37.94836030290633,32.23011422986565,69.13879342858276,47.825330792703866,5.198405520946072,39.50788195919015,49.90469300108229,0.04481130797544277,0.04578024899262762,0.041386939116383664,0.04287096376193171,0.04425404763109196,0.04353834902803931,0.042243076406783826,0.04193346916985171,0.04418096055363169,0.045009135681119354,0.044150949588489134
1901,46.08359360121129,21.717555605168542,43.435111210337084,33.900574603189916,23.30664503969307,32.841181646840234,27.54421686509181,51.91025486113456,13.772108432545904,40.25693234128803,69.39023864090436,21.717555605168542,6.35635773809811,42.90541473216224,28.60360982144149,69.9199351190792,56.1478266865333,5.8266612599232674,32.31148516866539,66.21205977185531,0.043589894143374004,0.04349769033783981,0.042638386522554896,0.0436724207001542,0.04182296202539927,0.04254866438902668,0.04134550896788366,0.0426118036996579,0.043490499088918694,0.042472783977037146,0.04261290797331129
1902,45.20890620172011,23.383917000889713,40.01248020152239,34.29641160130491,21.824989200830398,36.374982001384,23.903559600909485,47.80711920181897,10.912494600415199,37.93390980144331,62.35711200237257,26.50177260100834,10.912494600415199,38.453552401463085,32.21784120122582,68.59282320260982,47.80711920181897,5.196426000197714,39.49283760150263,49.88568960189805,0.044743059118769406,0.04578127391425812,0.04150260553170219,0.04280660416434112,0.0442335337606696,0.043608216259976,0.04232790201190158,0.041944860832651,0.04416315574857639,0.04501667204500399,0.04422951659237923
1903,43.414695577085986,22.511323632563105,45.558631161139616,26.79919480067036,18.223452464455846,34.30296934485806,20.90337194452288,32.69501765681784,11.255661816281552,40.19879220100554,65.39003531363568,16.615500776415622,10.183694024254738,26.79919480067036,21.43935584053629,49.846502329246874,62.17413193755524,4.287871168107258,25.727227008643546,42.87871168107258,0.04420037816049922,0.042430636334342985,0.04133506065466528,0.04137493314315132,0.04253771393182083,0.042836549118990264,0.040507039728743977,0.04198396293449514,0.0429060970807919,0.041194633493367244,0.04270909940572468
1904,45.80988230798582,19.48236374017788,59.50019196324596,36.33197562357497,29.4868207959449,27.380619310520263,21.588565225602515,47.916083793410465,7.898255570342384,37.38507636628729,68.97809864765682,25.800968196451787,10.531007427123178,35.805425252218804,27.90716968187642,56.34088973510901,53.70813787832821,7.898255570342384,42.65058007984887,56.86744010646517,0.044049164133076815,0.04339404833323295,0.043573920580117005,0.04389726313965511,0.04200947510082303,0.04336247374038317,0.043395062693989364,0.04241449320740548,0.0434997422551915,0.04144271983236966,0.042411265627597054
1905,45.288590633626725,22.904574573328457,40.0830055033248,34.35686185999269,21.863457547268073,37.48021293817384,23.945691599388844,47.89138319877769,9.890611747573653,38.521329964234226,62.46702156362307,26.548484164539804,10.931728773634037,36.95965442514365,32.274627807871916,70.27539925907595,47.37082468574749,5.205585130301922,40.603564016354994,49.45305873786826,0.04482273245631471,0.045850920254687705,0.041402476770144865,0.04287231349024046,0.0441469309955832,0.04327864954835774,0.042056013256824114,0.04197337766276452,0.043994962557538764,0.04487212979289958,0.04417098018445208
1906,45.820236210482406,23.43080260763305,40.09270668417211,34.36517715786181,21.868749100457514,36.96859966982103,23.951487110024896,47.90297422004979,10.934374550228757,38.00996867460473,62.482140287021465,26.554909621984123,10.934374550228757,36.96859966982103,31.761754645902577,69.7717233205073,48.42365872244164,5.206845023918455,39.05133767938842,49.98571222961717,0.04482497564513905,0.045837160097574,0.041233870840822466,0.04278997548708974,0.04408583247073087,0.04345325879017391,0.04214091138497834,0.04193398771465379,0.04409491976236393,0.04496468963379661,0.04395591578083182
1907,45.49020954795733,22.216148849002415,43.90334177302858,33.32422327350362,23.27406069895491,32.795267348527375,26.976752173788647,50.779768797719804,13.752854049382448,40.200650298194844,68.76427024691223,21.15823699904992,5.28955924976248,43.374385848052334,28.034664023741144,71.40904987179347,55.540372122506035,5.818515174738727,32.795267348527375,68.23531432193599,0.043517318549955275,0.043751396139469094,0.04263221129153577,0.04380628778753733,0.0419885488506663,0.04247287857845435,0.041904986865569906,0.04270018573558576,0.043146679296644085,0.04245212552027099,0.0426714564080632
1908,46.45834374797253,22.17330042516871,43.81866512592863,34.8437578109794,23.229171873986264,32.73201491334428,26.924721944847715,51.209765267651534,13.726328834628248,39.595179330658404,68.63164417314124,21.645364700759927,5.807292968496566,44.34660085033742,26.924721944847715,68.63164417314124,55.96118678733055,5.807292968496566,32.73201491334428,66.51990127550611,0.04336818905060576,0.04363017526944311,0.042814106656327816,0.04381692490696486,0.041950817781351804,0.042658987983938364,0.04183892932538897,0.04273460638255568,0.04351509790185415,0.04289767895893453,0.04283876137385621
1909,45.84993124921813,23.188470976616067,42.687867025134125,34.2556957609101,22.661460272602064,32.147652944854094,27.40455660872808,51.647048993372145,13.70227830436404,40.57982420907812,70.0924236338622,21.08042816056006,6.324128448168018,41.106834913092115,28.458578016756082,69.0384022258342,56.39014532949816,5.797117744154017,32.147652944854094,65.87633800175018,0.04398394565150557,0.04395942492111983,0.042870827078151486,0.04402601644848539,0.041918163201199836,0.04295141900785509,0.04155906804323452,0.04289084622230927,0.04366054545706096,0.04268485210783523,0.042484187847241346
1910,45.790008281723225,23.415345144063014,40.066257246507824,34.34250621129242,21.854322134458812,36.94421122729942,23.935686147264413,47.871372294528825,10.406820064028006,37.98489323370222,62.44092038416804,26.537391163271415,10.927161067229406,36.94421122729942,32.261142198486816,69.72569442898764,47.871372294528825,5.203410032014003,39.54591624330642,49.952736307334426,0.04485062167116031,0.04588668918333206,0.04123245814763748,0.04279671754560629,0.04414208102137767,0.04347673683798428,0.04211711212493472,0.04193122759926905,0.04417343568706613,0.04502630667033222,0.044025610309899516
1911,45.810689229818465,23.42592062888444,40.084353076091155,34.358016922363845,21.86419258695881,36.960896992239896,23.94649664285965,47.8929932857193,10.411520279504195,38.00204902019031,62.46912167702518,26.5493767127357,10.932096293479406,36.44032097826469,32.27571286646301,70.27776188665332,47.8929932857193,5.205760139752098,39.563777062115946,49.97529734162014,0.04476600472421618,0.045838732673231894,0.04114765962637826,0.042831834939259544,0.04410535612448219,0.04356308243784364,0.04212702368452205,0.04191155493575616,0.044170161260437636,0.0449807187496023,0.043981856869060365
1912,45.790008281723225,23.415345144063014,40.066257246507824,34.34250621129242,21.854322134458812,36.94421122729942,23.935686147264413,47.871372294528825,10.406820064028006,37.98489323370222,62.44092038416804,26.537391163271415,10.927161067229406,36.94421122729942,32.261142198486816,69.72569442898764,47.871372294528825,5.203410032014003,39.54591624330642,49.952736307334426,0.04485062167116031,0.04588668918333206,0.04123245814763748,0.04279671754560629,0.04414208102137767,0.04347673683798428,0.04211711212493472,0.04193122759926905,0.04417343568706613,0.04502630667033222,0.044025610309899516
1913,45.790008281723225,23.415345144063014,40.066257246507824,34.34250621129242,21.854322134458812,36.94421122729942,23.935686147264413,47.871372294528825,10.406820064028006,37.98489323370222,62.44092038416804,26.537391163271415,10.927161067229406,36.94421122729942,32.261142198486816,69.72569442898764,47.871372294528825,5.203410032014003,39.54591624330642,49.952736307334426,0.04485062167116031,0.04588668918333206,0.04123245814763748,0.04279671754560629,0.04414208102137767,0.04347673683798428,0.04211711212493472,0.04193122759926905,0.04417343568706613,0.04502630667033222,0.044025610309899516
1914,45.790008281723225,23.415345144063014,40.066257246507824,34.34250621129242,21.854322134458812,36.94421122729942,23.935686147264413,47.871372294528825,10.406820064028006,37.98489323370222,62.44092038416804,26.537391163271415,10.927161067229406,36.94421122729942,32.261142198486816,69.72569442898764,47.871372294528825,5.203410032014003,39.54591624330642,49.952736307334426,0.04485062167116031,0.04588668918333206,0.04123245814763748,0.04279671754560629,0.04414208102137767,0.04347673683798428,0.04211711212493472,0.04193122759926905,0.04417343568706613,0.04502630667033222,0.044025610309899516
1915,45.790008281723225,23.415345144063014,40.066257246507824,34.34250621129242,21.854322134458812,36.94421122729942,23.935686147264413,47.871372294528825,10.406820064028006,37.98489323370222,62.44092038416804,26.537391163271415,10.927161067229406,36.94421122729942,32.261142198486816,69.72569442898764,47.871372294528825,5.203410032014003,39.54591624330642,49.952736307334426,0.04485062167116031,0.04588668918333206,0.04123245814763748,0.04279671754560629,0.04414208102137767,0.04347673683798428,0.04211711212493472,0.04193122759926905,0.04417343568706613,0.04502630667033222,0.044025610309899516
1916,45.790008281723225,23.415345144063014,40.066257246507824,34.34250621129242,21.854322134458812,36.94421122729942,23.935686147264413,47.871372294528825,10.406820064028006,37.98489323370222,62.44092038416804,26.537391163271415,10.927161067229406,36.94421122729942,32.261142198486816,69.72569442898764,47.871372294528825,5.203410032014003,39.54591624330642,49.952736307334426,0.04485062167116031,0.04588668918333206,0.04123245814763748,0.04279671754560629,0.04414208102137767,0.04347673683798428,0.04211711212493472,0.04193122759926905,0.04417343568706613,0.04502630667033222,0.044025610309899516
1917,45.810689229818465,23.42592062888444,40.084353076091155,34.358016922363845,21.86419258695881,36.960896992239896,23.94649664285965,47.8929932857193,10.411520279504195,38.00204902019031,62.46912167702518,26.5493767127357,10.932096293479406,36.44032097826469,32.27571286646301,70.27776188665332,47.8929932857193,5.205760139752098,39.563777062115946,49.97529734162014,0.04476600472421618,0.045838732673231894,0.04114765962637826,0.042831834939259544,0.04410535612448219,0.04356308243784364,0.04212702368452205,0.04191155493575616,0.044170161260437636,0.0449807187496023,0.043981856869060365
1918,45.790008281723225,23.415345144063014,40.066257246507824,34.34250621129242,21.854322134458812,36.94421122729942,23.935686147264413,47.871372294528825,10.406820064028006,37.98489323370222,62.44092038416804,26.537391163271415,10.927161067229406,36.94421122729942,32.261142198486816,69.72569442898764,47.871372294528825,5.203410032014003,39.54591624330642,49.952736307334426,0.04485062167116031,0.04588668918333206,0.04123245814763748,0.04279671754560629,0.04414208102137767,0.04347673683798428,0.04211711212493472,0.04193122759926905,0.04417343568706613,0.04502630667033222,0.044025610309899516
1919,45.790008281723225,23.415345144063014,40.066257246507824,34.34250621129242,21.854322134458812,36.94421122729942,23.935686147264413,47.871372294528825,10.406820064028006,37.98489323370222,62.44092038416804,26.537391163271415,10.927161067229406,36.94421122729942,32.261142198486816,69.72569442898764,47.871372294528825,5.203410032014003,39.54591624330642,49.952736307334426,0.04485062167116031,0.04588668918333206,0.04123245814763748,0.04279671754560629,0.04414208102137767,0.04347673683798428,0.04211711212493472,0.04193122759926905,0.04417343568706613,0.04502630667033222,0.044025610309899516
1920,45.790008281723225,23.415345144063014,40.066257246507824,34.34250621129242,21.854322134458812,36.94421122729942,23.935686147264413,47.871372294528825,10.406820064028006,37.98489323370222,62.44092038416804,26.537391163271415,10.927161067229406,36.94421122729942,32.261142198486816,69.72569442898764,47.871372294528825,5.203410032014003,39.54591624330642,49.952736307334426,0.04485062167116031,0.04588668918333206,0.04123245814763748,0.04279671754560629,0.04414208102137767,0.04347673683798428,0.04211711212493472,0.04193122759926905,0.04417343568706613,0.04502630667033222,0.044025610309899516
1921,45.810689229818465,23.42592062888444,40.084353076091155,34.358016922363845,21.86419258695881,36.960896992239896,23.94649664285965,47.8929932857193,10.411520279504195,38.00204902019031,62.46912167702518,26.5493767127357,10.932096293479406,36.44032097826469,32.27571286646301,70.27776188665332,47.8929932857193,5.205760139752098,39.563777062115946,49.97529734162014,0.04476600472421618,0.045838732673231894,0.04114765962637826,0.042831834939259544,0.04410535612448219,0.04356308243784364,0.04212702368452205,0.04191155493575616,0.044170161260437636,0.0449807187496023,0.043981856869060365
1922,45.790008281723225,23.415345144063014,40.066257246507824,34.34250621129242,21.854322134458812,36.94421122729942,23.935686147264413,47.871372294528825,10.406820064028006,37.98489323370222,62.44092038416804,26.537391163271415,10.927161067229406,36.94421122729942,32.261142198486816,69.72569442898764,47.871372294528825,5.203410032014003,39.54591624330642,49.952736307334426,0.04485062167116031,0.04588668918333206,0.04123245814763748,0.04279671754560629,0.04414208102137767,0.04347673683798428,0.04211711212493472,0.04193122759926905,0.04417343568706613,0.04502630667033222,0.044025610309899516
1923,45.29424157738121,23.428055988300624,40.0880069133144,34.361148782840914,21.866185589080583,36.96426611487431,23.948679454707303,47.376735443007924,10.41246932813361,38.00551304768768,62.474815968801664,26.551796786740706,10.933092794540292,36.96426611487431,32.27865491721419,70.80479143130854,47.897358909414606,5.206234664066805,39.56738344690772,49.97985277504133,0.04484183604991271,0.045881973429500136,0.04124886167805925,0.04280364276700556,0.04413331768573996,0.04343500364878162,0.04206690044819894,0.04185612013259679,0.04411402229470137,0.04497988957539939,0.0440149658834239
1924,45.84457835072245,18.443221175578,58.49135858540451,36.886442351156,29.509153880924796,26.87440799869937,21.604916234248513,49.00627340939297,8.43118682312137,38.46728988049125,66.92254540852588,27.401357175144454,10.012034352456627,36.886442351156,27.92830635158954,57.43746023251434,54.80271435028891,7.904237646676285,41.10203576271668,55.85661270317908,0.04401777736373532,0.043971233893060645,0.043667704166854185,0.04367162635500029,0.04183205205026128,0.0435782308641434,0.043213568489531,0.04233576601793681,0.043544394578287064,0.04118432950344437,0.042034140272660024
1925,39.64708538443396,19.030600984528302,47.57650246132075,25.374134646037735,20.61648439990566,24.31687903578616,20.61648439990566,41.23296879981132,5.286278051257861,39.64708538443396,53.92003612283018,19.030600984528302,6.343533661509434,32.24629611267296,19.55922878965409,56.563175148459116,50.21964148694968,5.814905856383648,29.074529281918238,61.849453199716976,0.04488492355684877,0.04455128180709419,0.04084241242361382,0.04317575023613785,0.043397384234934354,0.043717072168553694,0.04111674916088233,0.042113448677019216,0.04248220632953232,0.04199984299884568,0.04309112328075167
1926,39.64708538443396,19.030600984528302,47.57650246132075,25.374134646037735,20.61648439990566,24.31687903578616,20.61648439990566,41.23296879981132,5.286278051257861,39.64708538443396,53.92003612283018,19.030600984528302,6.343533661509434,32.24629611267296,19.55922878965409,56.563175148459116,50.21964148694968,5.814905856383648,29.074529281918238,61.849453199716976,0.04488492355684877,0.04455128180709419,0.04084241242361382,0.04317575023613785,0.043397384234934354,0.043717072168553694,0.04111674916088233,0.042113448677019216,0.04248220632953232,0.04199984299884568,0.04309112328075167
1927,39.63858303713593,19.02651985782525,47.566299644563124,25.368693143766997,20.612063179310685,23.783149822281562,20.612063179310685,41.22412635862137,5.813658845446604,40.16709747763108,53.90847293050487,19.02651985782525,6.342173285941749,32.76789531069904,19.555034298320393,56.022530692485454,50.20887184703885,5.813658845446604,29.068294227233018,61.30767509743691,0.04493355438574709,0.04454624014773358,0.04092516214124447,0.04319673044964698,0.043451309550910255,0.04375082038851825,0.041057365621970016,0.04211911159481231,0.042479375637672484,0.04198319710698989,0.043042692479608985
1928,40.17205146578014,19.028866483790594,47.572166209476485,25.37182197838746,20.61460535743981,24.31466272928798,20.61460535743981,41.22921071487962,5.285796245497387,39.64347184123041,54.44370132862309,19.028866483790594,6.342955494596865,32.243357097534066,19.557446108340333,56.55801982682205,50.21506433222518,5.814375870047126,29.071879350235633,60.78665682321996,0.04487035404838403,0.044588742273783497,0.040845805639057715,0.04314663241538207,0.043437419478953514,0.04368790485210744,0.04110416075037641,0.04216845972385753,0.04249273480379681,0.0419938842538495,0.043084277210712674
1929,41.68707144090706,22.98133425588466,45.42821887791154,26.72248169288914,18.171287551164617,34.73922620075589,20.84353572045353,32.601427665324756,9.085643775582309,40.618172173191496,65.73730496450729,16.56793864959127,10.154543043297874,27.256931326746926,21.377985354311313,49.7038159487738,62.53060716136059,4.275597070862263,26.188032059031357,42.75597070862263,0.044380681061382925,0.042502051203914294,0.04153648829498983,0.041566472459355006,0.042716739757142824,0.04315275790541209,0.040713217101957105,0.04225664620663159,0.04293573875063292,0.04103930992808231,0.04275026347271621
1930,45.790008281723225,23.415345144063014,40.066257246507824,34.34250621129242,21.854322134458812,36.94421122729942,23.935686147264413,47.871372294528825,10.406820064028006,37.98489323370222,62.44092038416804,26.537391163271415,10.927161067229406,36.94421122729942,32.261142198486816,69.72569442898764,47.871372294528825,5.203410032014003,39.54591624330642,49.952736307334426,0.04485062167116031,0.04588668918333206,0.04123245814763748,0.04279671754560629,0.04414208102137767,0.04347673683798428,0.04211711212493472,0.04193122759926905,0.04417343568706613,0.04502630667033222,0.044025610309899516
1931,45.76913739134952,23.404672529667366,40.047995217430824,34.32685304351214,21.84436102768954,36.92737221347518,23.924776363659973,47.849552727319946,10.402076679852163,37.967579881460395,62.412460079112975,26.525295533623016,10.92218051384477,37.44747604746779,32.2464377075417,69.69391375500949,47.849552727319946,5.2010383399260816,39.52789138343822,49.409864229297774,0.04488298316720973,0.04592723070583555,0.04128102195874692,0.042848868278015026,0.04414737006138236,0.04350066306538154,0.04213444727690209,0.04191184239874167,0.044195452426945045,0.04503043856951587,0.04403584809871592
1932,45.79496411970466,23.417879379394424,40.070593604741575,34.34622308977849,21.856687420768132,36.94820968748898,23.938276698936523,47.876553397873046,10.407946390841968,37.98900432657318,62.447678345051806,26.540263296647016,10.928343710384066,36.94820968748898,32.264633811610096,69.21284349909908,48.396950717415145,5.203973195420984,39.550196285199476,49.95814267604144,0.044863633162951395,0.04588350815405961,0.041237558509942866,0.04281770760093798,0.04413587348295871,0.0435051677039152,0.04209815436013265,0.041925756647544325,0.044153275766307364,0.04498825217209,0.04399379289706152
1933,45.2801249774296,23.420754298670484,40.07551291105838,34.35043963805004,21.85937067875912,36.952745671235654,23.941215505307607,47.882431010615214,10.409224132742438,37.9936680845099,62.455344796454625,26.543521538493216,10.92968533937956,36.952745671235654,32.26859481150156,70.26226289601145,47.882431010615214,5.204612066371219,39.55505170442126,49.9642758371637,0.04484314711245483,0.04586863222961151,0.04122899090902495,0.04280911092241531,0.04415275459644989,0.04347240349346888,0.042120995210189825,0.04191386748995432,0.04416831117158212,0.04496656381674978,0.043994016410976736
1934,45.73541589251514,23.38742858139979,40.01848890595075,34.30156191938635,21.828266675973136,36.90016509509744,23.907149216542006,47.81429843308401,10.39441270284435,37.93960636538188,62.3664762170661,26.505752392253093,10.914133337986568,37.93960636538188,32.22267937881748,68.6031238387727,47.81429843308401,5.197206351422175,39.498768270808526,49.89318097365288,0.04481878096738808,0.04579830480650799,0.04139036578570448,0.04285857089269476,0.04424336341511192,0.04354266199386263,0.0422391697893518,0.04195080406013919,0.04418607604153312,0.045068797486772116,0.04418246961871635
1935,45.79344719511472,23.41710367932003,40.06926629572538,34.34508539633604,21.855963434032027,36.946985805149374,23.937483761082696,47.87496752216539,10.407601635253345,37.98774596867471,62.44560981152007,26.53938416989603,10.927981717016014,36.946985805149374,32.78394515104804,69.21055087443474,47.87496752216539,5.203800817626672,39.54888621396271,49.95648784921606,0.04485738518076431,0.045878625477852854,0.04122613272435473,0.04280339625864907,0.04413642819263384,0.04348645861758332,0.0421018438354548,0.041935379677866744,0.044167239126257564,0.045012913968555515,0.04401411517735997
1936,45.76913739134952,23.404672529667366,40.047995217430824,34.32685304351214,21.84436102768954,36.92737221347518,23.924776363659973,47.849552727319946,10.402076679852163,37.967579881460395,62.412460079112975,26.525295533623016,10.92218051384477,37.44747604746779,32.2464377075417,69.69391375500949,47.849552727319946,5.2010383399260816,39.52789138343822,49.409864229297774,0.04488298316720973,0.04592723070583555,0.04128102195874692,0.042848868278015026,0.04414737006138236,0.04350066306538154,0.04213444727690209,0.04191184239874167,0.044195452426945045,0.04503043856951587,0.04403584809871592
1937,45.25539621815335,23.407963561113803,40.05362653790584,34.33167988963358,21.847432657039548,36.93256472975733,23.928140529138552,47.856281058277105,10.403539360495023,37.97291866580684,62.94141313099489,26.52902536926231,10.923716328519774,37.45274169778208,32.25097201753457,69.70371371531665,47.856281058277105,5.201769680247511,39.533449569881085,49.41681196235136,0.044876252013524943,0.04598344755460173,0.04126270012548726,0.04281803230222586,0.04413396716601198,0.043478944874036696,0.04219513515809023,0.041874027891768875,0.04419641898147912,0.04499898812571381,0.04400511778230828
1938,45.790008281723225,23.415345144063014,40.066257246507824,34.34250621129242,21.854322134458812,36.94421122729942,23.935686147264413,47.871372294528825,10.406820064028006,37.98489323370222,62.44092038416804,26.537391163271415,10.927161067229406,36.94421122729942,32.261142198486816,69.72569442898764,47.871372294528825,5.203410032014003,39.54591624330642,49.952736307334426,0.04485062167116031,0.04588668918333206,0.04123245814763748,0.04279671754560629,0.04414208102137767,0.04347673683798428,0.04211711212493472,0.04193122759926905,0.04417343568706613,0.04502630667033222,0.044025610309899516
1939,45.765006833131324,23.4025603123967,40.044380978989906,34.323755124848496,21.842389624903586,36.92403960400368,23.922617208227738,47.845234416455476,10.401137916620755,37.96415339566576,62.92688439555557,26.522901687382927,10.921194812451793,37.44409649983472,32.243527541524344,69.16756714552803,47.845234416455476,5.200568958310377,39.524324083158874,49.40540510394859,0.04488371484951635,0.046001468146419505,0.041266157689897776,0.042805643632911027,0.04412330375542933,0.0434832743425925,0.04219123707932079,0.041891387718579316,0.04420153421085409,0.04505869087507512,0.044036691868366354
1940,45.790008281723225,23.415345144063014,40.066257246507824,34.34250621129242,21.854322134458812,36.94421122729942,23.935686147264413,47.871372294528825,10.406820064028006,37.98489323370222,62.44092038416804,26.537391163271415,10.927161067229406,36.94421122729942,32.261142198486816,69.72569442898764,47.871372294528825,5.203410032014003,39.54591624330642,49.952736307334426,0.04485062167116031,0.04588668918333206,0.04123245814763748,0.04279671754560629,0.04414208102137767,0.04347673683798428,0.04211711212493472,0.04193122759926905,0.04417343568706613,0.04502630667033222,0.044025610309899516
1941,45.79496411970466,23.417879379394424,40.070593604741575,34.34622308977849,21.856687420768132,36.94820968748898,23.938276698936523,47.876553397873046,10.407946390841968,37.98900432657318,62.447678345051806,26.540263296647016,10.928343710384066,36.94820968748898,32.264633811610096,69.21284349909908,48.396950717415145,5.203973195420984,39.550196285199476,49.95814267604144,0.044863633162951395,0.04588350815405961,0.041237558509942866,0.04281770760093798,0.04413587348295871,0.0435051677039152,0.04209815436013265,0.041925756647544325,0.044153275766307364,0.04498825217209,0.04399379289706152
1942,45.790008281723225,23.415345144063014,40.066257246507824,34.34250621129242,21.854322134458812,36.94421122729942,23.935686147264413,47.871372294528825,10.406820064028006,37.98489323370222,62.44092038416804,26.537391163271415,10.927161067229406,36.94421122729942,32.261142198486816,69.72569442898764,47.871372294528825,5.203410032014003,39.54591624330642,49.952736307334426,0.04485062167116031,0.04588668918333206,0.04123245814763748,0.04279671754560629,0.04414208102137767,0.04347673683798428,0.04211711212493472,0.04193122759926905,0.04417343568706613,0.04502630667033222,0.044025610309899516
1943,45.790008281723225,23.415345144063014,40.066257246507824,34.34250621129242,21.854322134458812,36.94421122729942,23.935686147264413,47.871372294528825,10.406820064028006,37.98489323370222,62.44092038416804,26.537391163271415,10.927161067229406,36.94421122729942,32.261142198486816,69.72569442898764,47.871372294528825,5.203410032014003,39.54591624330642,49.952736307334426,0.04485062167116031,0.04588668918333206,0.04123245814763748,0.04279671754560629,0.04414208102137767,0.04347673683798428,0.04211711212493472,0.04193122759926905,0.04417343568706613,0.04502630667033222,0.044025610309899516
1944,45.790008281723225,23.415345144063014,40.066257246507824,34.34250621129242,21.854322134458812,36.94421122729942,23.935686147264413,47.871372294528825,10.406820064028006,37.98489323370222,62.44092038416804,26.537391163271415,10.927161067229406,36.94421122729942,32.261142198486816,69.72569442898764,47.871372294528825,5.203410032014003,39.54591624330642,49.952736307334426,0.04485062167116031,0.04588668918333206,0.04123245814763748,0.04279671754560629,0.04414208102137767,0.04347673683798428,0.04211711212493472,0.04193122759926905,0.04417343568706613,0.04502630667033222,0.044025610309899516
1945,45.79398126994756,23.41737678576864,40.069733611204114,34.34548595246067,21.85621833338406,36.947416706434964,23.937762936563495,47.87552587312699,10.407723015897172,37.988189008024676,62.446338095383034,26.53969369053779,10.92810916669203,36.947416706434964,32.26394134928123,69.21135805571619,48.39591202392185,5.203861507948586,39.54934746040925,49.95707047630643,0.044850118740810706,0.04589518152139365,0.041232148828101584,0.042804362570853294,0.04413742764368775,0.043486205241108675,0.04210404975127365,0.041918137809971175,0.04416475141100008,0.04500893636622585,0.0440125293207149
1946,45.79099096094598,23.415847650483745,40.067117090827736,34.34324322070949,21.854791140451493,36.94500407076324,23.936199820494494,47.87239964098899,10.407043400214997,37.98570841078474,62.44226040128998,26.53796067054824,10.927395570225746,36.94500407076324,32.26183454066649,69.72719078144048,47.87239964098899,5.2035217001074985,39.54676492081699,49.953808321031985,0.044864134931586544,0.045875016646525886,0.041237867366774386,0.04281006125381323,0.04414052709535128,0.04349569745241541,0.04211121752560211,0.04193884605674811,0.04416196122436668,0.04500562464352794,0.04400687579253855
1947,45.790008281723225,23.415345144063014,40.066257246507824,34.34250621129242,21.854322134458812,36.94421122729942,23.935686147264413,47.871372294528825,10.406820064028006,37.98489323370222,62.44092038416804,26.537391163271415,10.927161067229406,36.94421122729942,32.261142198486816,69.72569442898764,47.871372294528825,5.203410032014003,39.54591624330642,49.952736307334426,0.04485062167116031,0.04588668918333206,0.04123245814763748,0.04279671754560629,0.04414208102137767,0.04347673683798428,0.04211711212493472,0.04193122759926905,0.04417343568706613,0.04502630667033222,0.044025610309899516
1948,45.25539621815335,23.407963561113803,40.05362653790584,34.33167988963358,21.847432657039548,36.93256472975733,23.928140529138552,47.856281058277105,10.403539360495023,37.97291866580684,62.94141313099489,26.52902536926231,10.923716328519774,37.45274169778208,32.25097201753457,69.70371371531665,47.856281058277105,5.201769680247511,39.533449569881085,49.41681196235136,0.044876252013524943,0.04598344755460173,0.04126270012548726,0.04281803230222586,0.04413396716601198,0.043478944874036696,0.04219513515809023,0.041874027891768875,0.04419641898147912,0.04499898812571381,0.04400511778230828
1949,45.797420780144726,23.419135626210373,40.07274318262664,34.34806558510854,21.857859917796347,36.950191765798586,23.93956086234838,47.87912172469676,10.408504722760165,37.991042238074606,62.45102833656099,26.541687043038422,10.928929958898173,36.950191765798586,32.78678987669452,68.69613117021709,48.39954696083477,5.204252361380083,39.55231794648863,49.96082266924879,0.044856882799523115,0.04588711775405676,0.041225822832717286,0.042811042437626,0.04413177397492965,0.04349592857544124,0.04208877915584176,0.04192228926570026,0.044158553660242475,0.044995541197683966,0.044001032208229256
1950,45.790008281723225,23.415345144063014,40.066257246507824,34.34250621129242,21.854322134458812,36.94421122729942,23.935686147264413,47.871372294528825,10.406820064028006,37.98489323370222,62.44092038416804,26.537391163271415,10.927161067229406,36.94421122729942,32.261142198486816,69.72569442898764,47.871372294528825,5.203410032014003,39.54591624330642,49.952736307334426,0.04485062167116031,0.04588668918333206,0.04123245814763748,0.04279671754560629,0.04414208102137767,0.04347673683798428,0.04211711212493472,0.04193122759926905,0.04417343568706613,0.04502630667033222,0.044025610309899516
1951,45.790008281723225,23.415345144063014,40.066257246507824,34.34250621129242,21.854322134458812,36.94421122729942,23.935686147264413,47.871372294528825,10.406820064028006,37.98489323370222,62.44092038416804,26.537391163271415,10.927161067229406,36.94421122729942,32.261142198486816,69.72569442898764,47.871372294528825,5.203410032014003,39.54591624330642,49.952736307334426,0.04485062167116031,0.04588668918333206,0.04123245814763748,0.04279671754560629,0.04414208102137767,0.04347673683798428,0.04211711212493472,0.04193122759926905,0.04417343568706613,0.04502630667033222,0.044025610309899516
1952,45.790008281723225,23.415345144063014,40.066257246507824,34.34250621129242,21.854322134458812,36.94421122729942,23.935686147264413,47.871372294528825,10.406820064028006,37.98489323370222,62.44092038416804,26.537391163271415,10.927161067229406,36.94421122729942,32.261142198486816,69.72569442898764,47.871372294528825,5.203410032014003,39.54591624330642,49.952736307334426,0.04485062167116031,0.04588668918333206,0.04123245814763748,0.04279671754560629,0.04414208102137767,0.04347673683798428,0.04211711212493472,0.04193122759926905,0.04417343568706613,0.04502630667033222,0.044025610309899516
1953,45.79152497848742,23.416120727635615,40.067584356176496,34.34364373386557,21.85504601245991,36.94543492582508,23.93647896602752,47.87295793205504,10.40716476783805,37.98615140260889,62.442988607028305,26.538270157987032,10.927523006229954,36.94543492582508,31.741852541906056,69.72800394451494,48.39331617044694,5.203582383919025,39.5472261177846,49.954390885622644,0.044856868960105295,0.0458915717599494,0.04124388328468044,0.042811027591914144,0.044141526540598455,0.043495444197275225,0.04211342343241693,0.04192160515409468,0.04415947358099369,0.0450016471695398,0.04400528993652926
1954,45.810818876551636,23.425986925509356,40.08446651698268,34.35811415741372,21.864254463808734,36.96100159358143,23.946564412742898,47.893128825485796,10.411549744670825,38.00215656804851,62.9898759552585,26.549451848910607,10.932127231904367,36.44042410634789,32.27580420847956,69.75738328929454,47.893128825485796,5.205774872335413,39.56388902974914,49.97543877441996,0.04484517284865987,0.045861384743103105,0.041197978801929394,0.04278166382653117,0.04412715742689064,0.043478059651509596,0.042071591568081754,0.04193182059658746,0.04413478414844053,0.045018767336193755,0.043974131818531555
1955,45.790008281723225,23.415345144063014,40.066257246507824,34.34250621129242,21.854322134458812,36.94421122729942,23.935686147264413,47.871372294528825,10.406820064028006,37.98489323370222,62.44092038416804,26.537391163271415,10.927161067229406,36.94421122729942,32.261142198486816,69.72569442898764,47.871372294528825,5.203410032014003,39.54591624330642,49.952736307334426,0.04485062167116031,0.04588668918333206,0.04123245814763748,0.04279671754560629,0.04414208102137767,0.04347673683798428,0.04211711212493472,0.04193122759926905,0.04417343568706613,0.04502630667033222,0.044025610309899516
1956,45.79496411970466,23.417879379394424,40.070593604741575,34.34622308977849,21.856687420768132,36.94820968748898,23.938276698936523,47.876553397873046,10.407946390841968,37.98900432657318,62.447678345051806,26.540263296647016,10.928343710384066,36.94820968748898,32.264633811610096,69.21284349909908,48.396950717415145,5.203973195420984,39.550196285199476,49.95814267604144,0.044863633162951395,0.04588350815405961,0.041237558509942866,0.04281770760093798,0.04413587348295871,0.0435051677039152,0.04209815436013265,0.041925756647544325,0.044153275766307364,0.04498825217209,0.04399379289706152
1957,45.790008281723225,23.415345144063014,40.066257246507824,34.34250621129242,21.854322134458812,36.94421122729942,23.935686147264413,47.871372294528825,10.406820064028006,37.98489323370222,62.44092038416804,26.537391163271415,10.927161067229406,36.94421122729942,32.261142198486816,69.72569442898764,47.871372294528825,5.203410032014003,39.54591624330642,49.952736307334426,0.04485062167116031,0.04588668918333206,0.04123245814763748,0.04279671754560629,0.04414208102137767,0.04347673683798428,0.04211711212493472,0.04193122759926905,0.04417343568706613,0.04502630667033222,0.044025610309899516
1958,45.79496411970466,23.417879379394424,40.070593604741575,34.34622308977849,21.856687420768132,36.94820968748898,23.938276698936523,47.876553397873046,10.407946390841968,37.98900432657318,62.447678345051806,26.540263296647016,10.928343710384066,36.94820968748898,32.264633811610096,69.21284349909908,48.396950717415145,5.203973195420984,39.550196285199476,49.95814267604144,0.044863633162951395,0.04588350815405961,0.041237558509942866,0.04281770760093798,0.04413587348295871,0.0435051677039152,0.04209815436013265,0.041925756647544325,0.044153275766307364,0.04498825217209,0.04399379289706152
1959,45.77922473495134,23.409830830372847,40.05682164308242,34.33441855121351,21.84917544168132,36.93551086569938,23.93004929327002,47.86009858654004,10.404369257943486,38.4961662543909,62.426215547660924,26.53114160775589,10.92458772084066,36.93551086569938,32.25354469962481,69.70927402822136,47.339880123642864,5.202184628971743,39.53660318018525,49.94097243812874,0.04482442566279939,0.04595257121685778,0.04128852615158382,0.04275948259508698,0.04418555149043404,0.043460071771989475,0.042105002979913535,0.04195843411370469,0.044132235998661756,0.04501350751671145,0.044101727605082845
1960,45.790008281723225,23.415345144063014,40.066257246507824,34.34250621129242,21.854322134458812,36.94421122729942,23.935686147264413,47.871372294528825,10.406820064028006,37.98489323370222,62.44092038416804,26.537391163271415,10.927161067229406,36.94421122729942,32.261142198486816,69.72569442898764,47.871372294528825,5.203410032014003,39.54591624330642,49.952736307334426,0.04485062167116031,0.04588668918333206,0.04123245814763748,0.04279671754560629,0.04414208102137767,0.04347673683798428,0.04211711212493472,0.04193122759926905,0.04417343568706613,0.04502630667033222,0.044025610309899516
1961,45.26340779743385,23.4121074814313,40.06071724600467,34.337757639432574,21.851300316002547,36.93910291514716,23.932376536574218,47.864753073148435,10.405381102858355,37.979641025433,62.43228661715013,26.533721812288807,10.925650158001273,37.45937197029008,32.2566814188609,69.71605338915099,48.385022128291354,5.2026905514291775,39.54044819086175,49.42556023857719,0.04487501883115142,0.04591768372459537,0.04127726217753053,0.04286891695094277,0.04415338904539318,0.0435058051939218,0.04212527500098591,0.041881395696723826,0.044181654475494984,0.044953352689758766,0.04399119107058378
1962,45.80290945325787,23.421942334052318,40.07754577160063,34.352182089943405,21.860479511782163,36.43413251963694,23.942429941475705,47.88485988295141,10.409752148467698,37.9955953419071,62.97900049822957,26.544867978592627,10.930239755891082,36.43413251963694,32.790719267673246,68.70436417988681,48.405347490374794,5.204876074233849,39.55705816417725,49.966810312644945,0.04483884443266982,0.04585589991591528,0.04112725815360073,0.04280777427402524,0.04409816434107107,0.04342736637526633,0.042126985642326475,0.04193156732187596,0.04415728785135948,0.04501156413547426,0.04412968013303062
1963,45.790008281723225,23.415345144063014,40.066257246507824,34.34250621129242,21.854322134458812,36.94421122729942,23.935686147264413,47.871372294528825,10.406820064028006,37.98489323370222,62.44092038416804,26.537391163271415,10.927161067229406,36.94421122729942,32.261142198486816,69.72569442898764,47.871372294528825,5.203410032014003,39.54591624330642,49.952736307334426,0.04485062167116031,0.04588668918333206,0.04123245814763748,0.04279671754560629,0.04414208102137767,0.04347673683798428,0.04211711212493472,0.04193122759926905,0.04417343568706613,0.04502630667033222,0.044025610309899516
1964,45.77065270579811,23.405447406374037,40.04932111757335,34.327989529348585,21.845084245949103,36.92859479672348,23.925568459849014,47.85113691969803,10.402421069499573,37.968836903673434,62.41452641699743,26.52617372722391,10.922542122974551,37.44871585019846,31.727384261973693,69.69622116564713,48.37125797317301,5.201210534749786,39.529200064098376,49.41150008012297,0.04488922867999006,0.04593211239916138,0.041292443495928664,0.04286317352824379,0.04414681600844986,0.0435193626897999,0.04213076083965866,0.041902223697781044,0.04418149741387702,0.0450057904455888,0.04401553732654223
1965,45.78587395571762,23.413231000082874,40.06263971125291,34.339405466788214,21.85234893341068,36.940875577908535,23.933525022306938,47.867050044613876,10.405880444481276,37.981463622356664,62.95557668911172,26.534995133427255,10.92617446670534,36.940875577908535,32.25822937789196,69.1991049558005,47.867050044613876,5.202940222240638,39.54234568902885,49.94822613351013,0.04485135660896796,0.04596096413384435,0.04121759148600996,0.04275347790031746,0.0441180042196351,0.04345934234686229,0.04217392938653879,0.041910761842274574,0.044179522231905556,0.04505457223094498,0.0440264553886351
1966,45.76913739134952,23.404672529667366,40.047995217430824,34.32685304351214,21.84436102768954,36.92737221347518,23.924776363659973,47.849552727319946,10.402076679852163,37.967579881460395,62.412460079112975,26.525295533623016,10.92218051384477,37.44747604746779,32.2464377075417,69.69391375500949,47.849552727319946,5.2010383399260816,39.52789138343822,49.409864229297774,0.04488298316720973,0.04592723070583555,0.04128102195874692,0.042848868278015026,0.04414737006138236,0.04350066306538154,0.04213444727690209,0.04191184239874167,0.044195452426945045,0.04503043856951587,0.04403584809871592
1967,45.790008281723225,23.415345144063014,40.066257246507824,34.34250621129242,21.854322134458812,36.94421122729942,23.935686147264413,47.871372294528825,10.406820064028006,37.98489323370222,62.44092038416804,26.537391163271415,10.927161067229406,36.94421122729942,32.261142198486816,69.72569442898764,47.871372294528825,5.203410032014003,39.54591624330642,49.952736307334426,0.04485062167116031,0.04588668918333206,0.04123245814763748,0.04279671754560629,0.04414208102137767,0.04347673683798428,0.04211711212493472,0.04193122759926905,0.04417343568706613,0.04502630667033222,0.044025610309899516
1968,45.79496411970466,23.417879379394424,40.070593604741575,34.34622308977849,21.856687420768132,36.94820968748898,23.938276698936523,47.876553397873046,10.407946390841968,37.98900432657318,62.447678345051806,26.540263296647016,10.928343710384066,36.94820968748898,32.264633811610096,69.21284349909908,48.396950717415145,5.203973195420984,39.550196285199476,49.95814267604144,0.044863633162951395,0.04588350815405961,0.041237558509942866,0.04281770760093798,0.04413587348295871,0.0435051677039152,0.04209815436013265,0.041925756647544325,0.044153275766307364,0.04498825217209,0.04399379289706152
1969,45.790008281723225,23.415345144063014,40.066257246507824,34.34250621129242,21.854322134458812,36.94421122729942,23.935686147264413,47.871372294528825,10.406820064028006,37.98489323370222,62.44092038416804,26.537391163271415,10.927161067229406,36.94421122729942,32.261142198486816,69.72569442898764,47.871372294528825,5.203410032014003,39.54591624330642,49.952736307334426,0.04485062167116031,0.04588668918333206,0.04123245814763748,0.04279671754560629,0.04414208102137767,0.04347673683798428,0.04211711212493472,0.04193122759926905,0.04417343568706613,0.04502630667033222,0.044025610309899516
1970,45.790008281723225,23.415345144063014,40.066257246507824,34.34250621129242,21.854322134458812,36.94421122729942,23.935686147264413,47.871372294528825,10.406820064028006,37.98489323370222,62.44092038416804,26.537391163271415,10.927161067229406,36.94421122729942,32.261142198486816,69.72569442898764,47.871372294528825,5.203410032014003,39.54591624330642,49.952736307334426,0.04485062167116031,0.04588668918333206,0.04123245814763748,0.04279671754560629,0.04414208102137767,0.04347673683798428,0.04211711212493472,0.04193122759926905,0.04417343568706613,0.04502630667033222,0.044025610309899516
1971,45.7678243304364,23.40400107806407,40.04684628913185,34.3258682478273,21.843734339526463,36.92631281205664,23.924089990909938,47.848179981819875,10.401778256917364,37.96649063774838,62.410669541504184,26.524534555139276,10.921867169763232,37.44640172490251,32.245512596443824,69.17182540850047,47.848179981819875,5.200889128458682,39.52675737628598,49.928535633203346,0.044864503439971025,0.04588081520435955,0.04122866509269783,0.04281161692829901,0.044178085271521554,0.04357106222054278,0.04210449514496312,0.041947324805594585,0.04419286991139173,0.04511727446776097,0.04401437466702985
1972,45.76668376424035,23.40341783398654,40.04584829371031,34.325012823180266,21.84318997838744,36.9253925825121,23.923493785852912,47.846987571705824,10.401519037327352,37.96554448624484,62.40911422396412,26.52387354518475,10.92159498919372,37.44546853437847,31.724633063848426,70.21025350195963,47.846987571705824,5.200759518663676,39.52577234184394,49.407215427304926,0.04488972796279036,0.04592362118451533,0.04129274742953105,0.042855527297505934,0.04415146620170232,0.04350989623448706,0.04214381424339029,0.04191530819937233,0.04419017581423847,0.045023152174402864,0.04402861139169645
1973,45.790008281723225,23.415345144063014,40.066257246507824,34.34250621129242,21.854322134458812,36.94421122729942,23.935686147264413,47.871372294528825,10.406820064028006,37.98489323370222,62.44092038416804,26.537391163271415,10.927161067229406,36.94421122729942,32.261142198486816,69.72569442898764,47.871372294528825,5.203410032014003,39.54591624330642,49.952736307334426,0.04485062167116031,0.04588668918333206,0.04123245814763748,0.04279671754560629,0.04414208102137767,0.04347673683798428,0.04211711212493472,0.04193122759926905,0.04417343568706613,0.04502630667033222,0.044025610309899516
1974,45.79496411970466,23.417879379394424,40.070593604741575,34.34622308977849,21.856687420768132,36.94820968748898,23.938276698936523,47.876553397873046,10.407946390841968,37.98900432657318,62.447678345051806,26.540263296647016,10.928343710384066,36.94820968748898,32.264633811610096,69.21284349909908,48.396950717415145,5.203973195420984,39.550196285199476,49.95814267604144,0.044863633162951395,0.04588350815405961,0.041237558509942866,0.04281770760093798,0.04413587348295871,0.0435051677039152,0.04209815436013265,0.041925756647544325,0.044153275766307364,0.04498825217209,0.04399379289706152
1975,45.79099096094598,23.415847650483745,40.067117090827736,34.34324322070949,21.854791140451493,36.94500407076324,23.936199820494494,47.87239964098899,10.407043400214997,37.98570841078474,62.44226040128998,26.53796067054824,10.927395570225746,36.94500407076324,32.26183454066649,69.72719078144048,47.87239964098899,5.2035217001074985,39.54676492081699,49.953808321031985,0.044864134931586544,0.045875016646525886,0.041237867366774386,0.04281006125381323,0.04414052709535128,0.04349569745241541,0.04211121752560211,0.04193884605674811,0.04416196122436668,0.04500562464352794,0.04400687579253855
1976,45.790008281723225,23.415345144063014,40.066257246507824,34.34250621129242,21.854322134458812,36.94421122729942,23.935686147264413,47.871372294528825,10.406820064028006,37.98489323370222,62.44092038416804,26.537391163271415,10.927161067229406,36.94421122729942,32.261142198486816,69.72569442898764,47.871372294528825,5.203410032014003,39.54591624330642,49.952736307334426,0.04485062167116031,0.04588668918333206,0.04123245814763748,0.04279671754560629,0.04414208102137767,0.04347673683798428,0.04211711212493472,0.04193122759926905,0.04417343568706613,0.04502630667033222,0.044025610309899516
1977,45.76913739134952,23.404672529667366,40.047995217430824,34.32685304351214,21.84436102768954,36.92737221347518,23.924776363659973,47.849552727319946,10.402076679852163,37.967579881460395,62.412460079112975,26.525295533623016,10.92218051384477,37.44747604746779,32.2464377075417,69.69391375500949,47.849552727319946,5.2010383399260816,39.52789138343822,49.409864229297774,0.04488298316720973,0.04592723070583555,0.04128102195874692,0.042848868278015026,0.04414737006138236,0.04350066306538154,0.04213444727690209,0.04191184239874167,0.044195452426945045,0.04503043856951587,0.04403584809871592
1978,45.790008281723225,23.415345144063014,40.066257246507824,34.34250621129242,21.854322134458812,36.94421122729942,23.935686147264413,47.871372294528825,10.406820064028006,37.98489323370222,62.44092038416804,26.537391163271415,10.927161067229406,36.94421122729942,32.261142198486816,69.72569442898764,47.871372294528825,5.203410032014003,39.54591624330642,49.952736307334426,0.04485062167116031,0.04588668918333206,0.04123245814763748,0.04279671754560629,0.04414208102137767,0.04347673683798428,0.04211711212493472,0.04193122759926905,0.04417343568706613,0.04502630667033222,0.044025610309899516
1979,45.790008281723225,23.415345144063014,40.066257246507824,34.34250621129242,21.854322134458812,36.94421122729942,23.935686147264413,47.871372294528825,10.406820064028006,37.98489323370222,62.44092038416804,26.537391163271415,10.927161067229406,36.94421122729942,32.261142198486816,69.72569442898764,47.871372294528825,5.203410032014003,39.54591624330642,49.952736307334426,0.04485062167116031,0.04588668918333206,0.04123245814763748,0.04279671754560629,0.04414208102137767,0.04347673683798428,0.04211711212493472,0.04193122759926905,0.04417343568706613,0.04502630667033222,0.044025610309899516
1980,45.73541589251514,23.38742858139979,40.01848890595075,34.30156191938635,21.828266675973136,36.90016509509744,23.907149216542006,47.81429843308401,10.39441270284435,37.93960636538188,62.3664762170661,26.505752392253093,10.914133337986568,37.93960636538188,32.22267937881748,68.6031238387727,47.81429843308401,5.197206351422175,39.498768270808526,49.89318097365288,0.04481878096738808,0.04579830480650799,0.04139036578570448,0.04285857089269476,0.04424336341511192,0.04354266199386263,0.0422391697893518,0.04195080406013919,0.04418607604153312,0.045068797486772116,0.04418246961871635
1981,45.25539621815335,23.407963561113803,40.05362653790584,34.33167988963358,21.847432657039548,36.93256472975733,23.928140529138552,47.856281058277105,10.403539360495023,37.97291866580684,62.94141313099489,26.52902536926231,10.923716328519774,37.45274169778208,32.25097201753457,69.70371371531665,47.856281058277105,5.201769680247511,39.533449569881085,49.41681196235136,0.044876252013524943,0.04598344755460173,0.04126270012548726,0.04281803230222586,0.04413396716601198,0.043478944874036696,0.04219513515809023,0.041874027891768875,0.04419641898147912,0.04499898812571381,0.04400511778230828
1982,45.765006833131324,23.4025603123967,40.044380978989906,34.323755124848496,21.842389624903586,36.92403960400368,23.922617208227738,47.845234416455476,10.401137916620755,37.96415339566576,62.92688439555557,26.522901687382927,10.921194812451793,37.44409649983472,32.243527541524344,69.16756714552803,47.845234416455476,5.200568958310377,39.524324083158874,49.40540510394859,0.04488371484951635,0.046001468146419505,0.041266157689897776,0.042805643632911027,0.04412330375542933,0.0434832743425925,0.04219123707932079,0.041891387718579316,0.04420153421085409,0.04505869087507512,0.044036691868366354
1983,45.77065270579811,23.405447406374037,40.04932111757335,34.327989529348585,21.845084245949103,36.92859479672348,23.925568459849014,47.85113691969803,10.402421069499573,37.968836903673434,62.41452641699743,26.52617372722391,10.922542122974551,37.44871585019846,31.727384261973693,69.69622116564713,48.37125797317301,5.201210534749786,39.529200064098376,49.41150008012297,0.04488922867999006,0.04593211239916138,0.041292443495928664,0.04286317352824379,0.04414681600844986,0.0435193626897999,0.04213076083965866,0.041902223697781044,0.04418149741387702,0.0450057904455888,0.04401553732654223
1984,45.790008281723225,23.415345144063014,40.066257246507824,34.34250621129242,21.854322134458812,36.94421122729942,23.935686147264413,47.871372294528825,10.406820064028006,37.98489323370222,62.44092038416804,26.537391163271415,10.927161067229406,36.94421122729942,32.261142198486816,69.72569442898764,47.871372294528825,5.203410032014003,39.54591624330642,49.952736307334426,0.04485062167116031,0.04588668918333206,0.04123245814763748,0.04279671754560629,0.04414208102137767,0.04347673683798428,0.04211711212493472,0.04193122759926905,0.04417343568706613,0.04502630667033222,0.044025610309899516
1985,45.790008281723225,23.415345144063014,40.066257246507824,34.34250621129242,21.854322134458812,36.94421122729942,23.935686147264413,47.871372294528825,10.406820064028006,37.98489323370222,62.44092038416804,26.537391163271415,10.927161067229406,36.94421122729942,32.261142198486816,69.72569442898764,47.871372294528825,5.203410032014003,39.54591624330642,49.952736307334426,0.04485062167116031,0.04588668918333206,0.04123245814763748,0.04279671754560629,0.04414208102137767,0.04347673683798428,0.04211711212493472,0.04193122759926905,0.04417343568706613,0.04502630667033222,0.044025610309899516
1986,45.790008281723225,23.415345144063014,40.066257246507824,34.34250621129242,21.854322134458812,36.94421122729942,23.935686147264413,47.871372294528825,10.406820064028006,37.98489323370222,62.44092038416804,26.537391163271415,10.927161067229406,36.94421122729942,32.261142198486816,69.72569442898764,47.871372294528825,5.203410032014003,39.54591624330642,49.952736307334426,0.04485062167116031,0.04588668918333206,0.04123245814763748,0.04279671754560629,0.04414208102137767,0.04347673683798428,0.04211711212493472,0.04193122759926905,0.04417343568706613,0.04502630667033222,0.044025610309899516
1987,45.790008281723225,23.415345144063014,40.066257246507824,34.34250621129242,21.854322134458812,36.94421122729942,23.935686147264413,47.871372294528825,10.406820064028006,37.98489323370222,62.44092038416804,26.537391163271415,10.927161067229406,36.94421122729942,32.261142198486816,69.72569442898764,47.871372294528825,5.203410032014003,39.54591624330642,49.952736307334426,0.04485062167116031,0.04588668918333206,0.04123245814763748,0.04279671754560629,0.04414208102137767,0.04347673683798428,0.04211711212493472,0.04193122759926905,0.04417343568706613,0.04502630667033222,0.044025610309899516
1988,45.79496411970466,23.417879379394424,40.070593604741575,34.34622308977849,21.856687420768132,36.94820968748898,23.938276698936523,47.876553397873046,10.407946390841968,37.98900432657318,62.447678345051806,26.540263296647016,10.928343710384066,36.94820968748898,32.264633811610096,69.21284349909908,48.396950717415145,5.203973195420984,39.550196285199476,49.95814267604144,0.044863633162951395,0.04588350815405961,0.041237558509942866,0.04281770760093798,0.04413587348295871,0.0435051677039152,0.04209815436013265,0.041925756647544325,0.044153275766307364,0.04498825217209,0.04399379289706152
1989,45.790008281723225,23.415345144063014,40.066257246507824,34.34250621129242,21.854322134458812,36.94421122729942,23.935686147264413,47.871372294528825,10.406820064028006,37.98489323370222,62.44092038416804,26.537391163271415,10.927161067229406,36.94421122729942,32.261142198486816,69.72569442898764,47.871372294528825,5.203410032014003,39.54591624330642,49.952736307334426,0.04485062167116031,0.04588668918333206,0.04123245814763748,0.04279671754560629,0.04414208102137767,0.04347673683798428,0.04211711212493472,0.04193122759926905,0.04417343568706613,0.04502630667033222,0.044025610309899516
1990,45.29661564502789,23.429283954324774,40.09010809962239,34.362949799676336,21.86733169070312,36.96620357237909,23.949934708865324,47.89986941773065,10.41301509081101,38.00750508146019,63.519392053947165,26.553188481568075,10.93366584535156,36.44555281783853,32.28034678151413,69.76720110843377,47.89986941773065,5.206507545405505,39.56945734508184,49.98247243589285,0.04483843024260584,0.04591764352786725,0.04117962859312493,0.042750790306268466,0.04411373947914866,0.043456318497588436,0.04213232587841983,0.04189397445926205,0.04413574304473278,0.04498728660412618,0.04394336482630507
1991,45.78579470374117,23.413190473504006,40.062570365773524,34.339346027805874,21.85231110860374,36.940811635972985,23.933483595137428,47.866967190274856,10.405862432668448,37.981397879239836,63.47576083927753,26.534949203304542,10.92615555430187,36.940811635972985,32.258173541272186,69.19898517724518,47.866967190274856,5.202931216334224,39.5422772441401,49.42784655517512,0.04487828403537396,0.04597622966487575,0.04123171248590839,0.042790602191436995,0.04410837978374957,0.04348459940306576,0.042145775057914066,0.0418919622954763,0.04416291654885426,0.04505117036919971,0.04398524653072285
1992,45.790008281723225,23.415345144063014,40.066257246507824,34.34250621129242,21.854322134458812,36.94421122729942,23.935686147264413,47.871372294528825,10.406820064028006,37.98489323370222,62.44092038416804,26.537391163271415,10.927161067229406,36.94421122729942,32.261142198486816,69.72569442898764,47.871372294528825,5.203410032014003,39.54591624330642,49.952736307334426,0.04485062167116031,0.04588668918333206,0.04123245814763748,0.04279671754560629,0.04414208102137767,0.04347673683798428,0.04211711212493472,0.04193122759926905,0.04417343568706613,0.04502630667033222,0.044025610309899516
1993,45.790008281723225,23.415345144063014,40.066257246507824,34.34250621129242,21.854322134458812,36.94421122729942,23.935686147264413,47.871372294528825,10.406820064028006,37.98489323370222,62.44092038416804,26.537391163271415,10.927161067229406,36.94421122729942,32.261142198486816,69.72569442898764,47.871372294528825,5.203410032014003,39.54591624330642,49.952736307334426,0.04485062167116031,0.04588668918333206,0.04123245814763748,0.04279671754560629,0.04414208102137767,0.04347673683798428,0.04211711212493472,0.04193122759926905,0.04417343568706613,0.04502630667033222,0.044025610309899516
1994,45.79496411970466,23.417879379394424,40.070593604741575,34.34622308977849,21.856687420768132,36.94820968748898,23.938276698936523,47.876553397873046,10.407946390841968,37.98900432657318,62.447678345051806,26.540263296647016,10.928343710384066,36.94820968748898,32.264633811610096,69.21284349909908,48.396950717415145,5.203973195420984,39.550196285199476,49.95814267604144,0.044863633162951395,0.04588350815405961,0.041237558509942866,0.04281770760093798,0.04413587348295871,0.0435051677039152,0.04209815436013265,0.041925756647544325,0.044153275766307364,0.04498825217209,0.04399379289706152
1995,45.76569108351643,23.40291021316181,40.04497969807688,34.32426831263732,21.842716198951024,36.9245916696553,23.922974884565406,47.84594976913081,10.401293428071916,37.96472101246249,62.4077605684315,26.523298241583387,10.921358099475512,37.444656341058895,32.24400962702294,69.16860129667825,47.84594976913081,5.200646714035958,39.524915026673284,49.9262084547452,0.04487375557069886,0.045892743171313,0.041274070618622455,0.04289080944262162,0.04409395537812872,0.04352802877370351,0.042053340137801834,0.041980977347004185,0.04410205221930984,0.04512694174518238,0.0441186541920178
1996,45.77398471366924,23.407151274035407,40.05223662446059,34.33048853525193,21.846674522433048,36.931283121255866,23.927310191236195,47.85462038247239,10.403178344015737,38.491759872858225,62.41907006409442,26.52810477724013,10.923337261216524,36.931283121255866,32.249852866448784,69.70129490490544,47.3344614652716,5.201589172007869,39.5320777072598,49.93525605127554,0.04494240331391262,0.04588559538055598,0.04122774206730935,0.042890741557485276,0.044152623211956954,0.043409339117025936,0.04212151308252041,0.04192647267490786,0.04421002957762426,0.04501957594631299,0.044055046869601544
1997,45.79496411970466,23.417879379394424,40.070593604741575,34.34622308977849,21.856687420768132,36.94820968748898,23.938276698936523,47.876553397873046,10.407946390841968,37.98900432657318,62.447678345051806,26.540263296647016,10.928343710384066,36.94820968748898,32.264633811610096,69.21284349909908,48.396950717415145,5.203973195420984,39.550196285199476,49.95814267604144,0.044863633162951395,0.04588350815405961,0.041237558509942866,0.04281770760093798,0.04413587348295871,0.0435051677039152,0.04209815436013265,0.041925756647544325,0.044153275766307364,0.04498825217209,0.04399379289706152
1998,45.790008281723225,23.415345144063014,40.066257246507824,34.34250621129242,21.854322134458812,36.94421122729942,23.935686147264413,47.871372294528825,10.406820064028006,37.98489323370222,62.44092038416804,26.537391163271415,10.927161067229406,36.94421122729942,32.261142198486816,69.72569442898764,47.871372294528825,5.203410032014003,39.54591624330642,49.952736307334426,0.04485062167116031,0.04588668918333206,0.04123245814763748,0.04279671754560629,0.04414208102137767,0.04347673683798428,0.04211711212493472,0.04193122759926905,0.04417343568706613,0.04502630667033222,0.044025610309899516
1999,45.76913739134952,23.404672529667366,40.047995217430824,34.32685304351214,21.84436102768954,36.92737221347518,23.924776363659973,47.849552727319946,10.402076679852163,37.967579881460395,62.412460079112975,26.525295533623016,10.92218051384477,37.44747604746779,32.2464377075417,69.69391375500949,47.849552727319946,5.2010383399260816,39.52789138343822,49.409864229297774,0.04488298316720973,0.04592723070583555,0.04128102195874692,0.042848868278015026,0.04414737006138236,0.04350066306538154,0.04213444727690209,0.04191184239874167,0.044195452426945045,0.04503043856951587,0.04403584809871592
2000,45.78587395571762,23.413231000082874,40.06263971125291,34.339405466788214,21.85234893341068,36.940875577908535,23.933525022306938,47.867050044613876,10.405880444481276,37.981463622356664,62.95557668911172,26.534995133427255,10.92617446670534,36.940875577908535,32.25822937789196,69.1991049558005,47.867050044613876,5.202940222240638,39.54234568902885,49.94822613351013,0.04485135660896796,0.04596096413384435,0.04121759148600996,0.04275347790031746,0.0441180042196351,0.04345934234686229,0.04217392938653879,0.041910761842274574,0.044179522231905556,0.04505457223094498,0.0440264553886351
2001,45.25539621815335,23.407963561113803,40.05362653790584,34.33167988963358,21.847432657039548,36.93256472975733,23.928140529138552,47.856281058277105,10.403539360495023,37.97291866580684,62.94141313099489,26.52902536926231,10.923716328519774,37.45274169778208,32.25097201753457,69.70371371531665,47.856281058277105,5.201769680247511,39.533449569881085,49.41681196235136,0.044876252013524943,0.04598344755460173,0.04126270012548726,0.04281803230222586,0.04413396716601198,0.043478944874036696,0.04219513515809023,0.041874027891768875,0.04419641898147912,0.04499898812571381,0.04400511778230828
2002,45.790008281723225,23.415345144063014,40.066257246507824,34.34250621129242,21.854322134458812,36.94421122729942,23.935686147264413,47.871372294528825,10.406820064028006,37.98489323370222,62.44092038416804,26.537391163271415,10.927161067229406,36.94421122729942,32.261142198486816,69.72569442898764,47.871372294528825,5.203410032014003,39.54591624330642,49.952736307334426,0.04485062167116031,0.04588668918333206,0.04123245814763748,0.04279671754560629,0.04414208102137767,0.04347673683798428,0.04211711212493472,0.04193122759926905,0.04417343568706613,0.04502630667033222,0.044025610309899516
2003,45.300708597092864,23.431400998496308,40.09373059742702,34.36605479779459,21.869307598596556,36.96954379762751,23.952098798462895,47.90419759692579,10.413955999331693,38.010939397560676,63.00443379595674,26.555587798295818,10.934653799298278,36.448845997660925,32.28326359792825,70.29420299548893,47.90419759692579,5.206977999665846,39.573032797460435,49.986988796792126,0.04483769363284067,0.04584331373277078,0.04119450201850703,0.0427940593580459,0.044137832404947876,0.04347372464284586,0.04207546589808832,0.041914452732695014,0.04412964837052306,0.044958995582021356,0.043942511660129455
2004,45.77065270579811,23.405447406374037,40.04932111757335,34.327989529348585,21.845084245949103,36.92859479672348,23.925568459849014,47.85113691969803,10.402421069499573,37.968836903673434,62.41452641699743,26.52617372722391,10.922542122974551,37.44871585019846,31.727384261973693,69.69622116564713,48.37125797317301,5.201210534749786,39.529200064098376,49.41150008012297,0.04488922867999006,0.04593211239916138,0.041292443495928664,0.04286317352824379,0.04414681600844986,0.0435193626897999,0.04213076083965866,0.041902223697781044,0.04418149741387702,0.0450057904455888,0.04401553732654223
2005,45.78587395571762,23.413231000082874,40.06263971125291,34.339405466788214,21.85234893341068,36.940875577908535,23.933525022306938,47.867050044613876,10.405880444481276,37.981463622356664,62.95557668911172,26.534995133427255,10.92617446670534,36.940875577908535,32.25822937789196,69.1991049558005,47.867050044613876,5.202940222240638,39.54234568902885,49.94822613351013,0.04485135660896796,0.04596096413384435,0.04121759148600996,0.04275347790031746,0.0441180042196351,0.04345934234686229,0.04217392938653879,0.041910761842274574,0.044179522231905556,0.04505457223094498,0.0440264553886351
2006,45.790008281723225,23.415345144063014,40.066257246507824,34.34250621129242,21.854322134458812,36.94421122729942,23.935686147264413,47.871372294528825,10.406820064028006,37.98489323370222,62.44092038416804,26.537391163271415,10.927161067229406,36.94421122729942,32.261142198486816,69.72569442898764,47.871372294528825,5.203410032014003,39.54591624330642,49.952736307334426,0.04485062167116031,0.04588668918333206,0.04123245814763748,0.04279671754560629,0.04414208102137767,0.04347673683798428,0.04211711212493472,0.04193122759926905,0.04417343568706613,0.04502630667033222,0.044025610309899516
2007,45.77037208876899,23.4053039090296,40.049075577672866,34.32777906657674,21.84495031509429,36.92836838980225,23.9254217736747,47.8508435473494,10.402357292902042,38.48872198373756,62.414143757412255,26.52601109690021,10.922475157547145,36.92836838980225,32.24730760799633,69.6957938624437,47.3307256827043,5.201178646451021,39.528957713027765,49.931315005929804,0.04489119114343355,0.04589312031545556,0.04126008565410828,0.04284665283567863,0.04413304697469017,0.043510024383120155,0.04210129979018451,0.04192257929535914,0.044256064323703735,0.045059084385100014,0.044008986254064165
2008,45.77065270579811,23.405447406374037,40.04932111757335,34.327989529348585,21.845084245949103,36.92859479672348,23.925568459849014,47.85113691969803,10.402421069499573,37.968836903673434,62.41452641699743,26.52617372722391,10.922542122974551,37.44871585019846,31.727384261973693,69.69622116564713,48.37125797317301,5.201210534749786,39.529200064098376,49.41150008012297,0.04488922867999006,0.04593211239916138,0.041292443495928664,0.04286317352824379,0.04414681600844986,0.0435193626897999,0.04213076083965866,0.041902223697781044,0.04418149741387702,0.0450057904455888,0.04401553732654223
2009,45.790008281723225,23.415345144063014,40.066257246507824,34.34250621129242,21.854322134458812,36.94421122729942,23.935686147264413,47.871372294528825,10.406820064028006,37.98489323370222,62.44092038416804,26.537391163271415,10.927161067229406,36.94421122729942,32.261142198486816,69.72569442898764,47.871372294528825,5.203410032014003,39.54591624330642,49.952736307334426,0.04485062167116031,0.04588668918333206,0.04123245814763748,0.04279671754560629,0.04414208102137767,0.04347673683798428,0.04211711212493472,0.04193122759926905,0.04417343568706613,0.04502630667033222,0.044025610309899516
2010,45.790008281723225,23.415345144063014,40.066257246507824,34.34250621129242,21.854322134458812,36.94421122729942,23.935686147264413,47.871372294528825,10.406820064028006,37.98489323370222,62.44092038416804,26.537391163271415,10.927161067229406,36.94421122729942,32.261142198486816,69.72569442898764,47.871372294528825,5.203410032014003,39.54591624330642,49.952736307334426,0.04485062167116031,0.04588668918333206,0.04123245814763748,0.04279671754560629,0.04414208102137767,0.04347673683798428,0.04211711212493472,0.04193122759926905,0.04417343568706613,0.04502630667033222,0.044025610309899516
2011,45.79496411970466,23.417879379394424,40.070593604741575,34.34622308977849,21.856687420768132,36.94820968748898,23.938276698936523,47.876553397873046,10.407946390841968,37.98900432657318,62.447678345051806,26.540263296647016,10.928343710384066,36.94820968748898,32.264633811610096,69.21284349909908,48.396950717415145,5.203973195420984,39.550196285199476,49.95814267604144,0.044863633162951395,0.04588350815405961,0.041237558509942866,0.04281770760093798,0.04413587348295871,0.0435051677039152,0.04209815436013265,0.041925756647544325,0.044153275766307364,0.04498825217209,0.04399379289706152
2012,45.790008281723225,23.415345144063014,40.066257246507824,34.34250621129242,21.854322134458812,36.94421122729942,23.935686147264413,47.871372294528825,10.406820064028006,37.98489323370222,62.44092038416804,26.537391163271415,10.927161067229406,36.94421122729942,32.261142198486816,69.72569442898764,47.871372294528825,5.203410032014003,39.54591624330642,49.952736307334426,0.04485062167116031,0.04588668918333206,0.04123245814763748,0.04279671754560629,0.04414208102137767,0.04347673683798428,0.04211711212493472,0.04193122759926905,0.04417343568706613,0.04502630667033222,0.044025610309899516
2013,45.79152497848742,23.416120727635615,40.067584356176496,34.34364373386557,21.85504601245991,36.94543492582508,23.93647896602752,47.87295793205504,10.40716476783805,37.98615140260889,62.442988607028305,26.538270157987032,10.927523006229954,36.94543492582508,31.741852541906056,69.72800394451494,48.39331617044694,5.203582383919025,39.5472261177846,49.954390885622644,0.044856868960105295,0.0458915717599494,0.04124388328468044,0.042811027591914144,0.044141526540598455,0.043495444197275225,0.04211342343241693,0.04192160515409468,0.04415947358099369,0.0450016471695398,0.04400528993652926
2014,45.790008281723225,23.415345144063014,40.066257246507824,34.34250621129242,21.854322134458812,36.94421122729942,23.935686147264413,47.871372294528825,10.406820064028006,37.98489323370222,62.44092038416804,26.537391163271415,10.927161067229406,36.94421122729942,32.261142198486816,69.72569442898764,47.871372294528825,5.203410032014003,39.54591624330642,49.952736307334426,0.04485062167116031,0.04588668918333206,0.04123245814763748,0.04279671754560629,0.04414208102137767,0.04347673683798428,0.04211711212493472,0.04193122759926905,0.04417343568706613,0.04502630667033222,0.044025610309899516
2015,45.790008281723225,23.415345144063014,40.066257246507824,34.34250621129242,21.854322134458812,36.94421122729942,23.935686147264413,47.871372294528825,10.406820064028006,37.98489323370222,62.44092038416804,26.537391163271415,10.927161067229406,36.94421122729942,32.261142198486816,69.72569442898764,47.871372294528825,5.203410032014003,39.54591624330642,49.952736307334426,0.04485062167116031,0.04588668918333206,0.04123245814763748,0.04279671754560629,0.04414208102137767,0.04347673683798428,0.04211711212493472,0.04193122759926905,0.04417343568706613,0.04502630667033222,0.044025610309899516
2016,45.790008281723225,23.415345144063014,40.066257246507824,34.34250621129242,21.854322134458812,36.94421122729942,23.935686147264413,47.871372294528825,10.406820064028006,37.98489323370222,62.44092038416804,26.537391163271415,10.927161067229406,36.94421122729942,32.261142198486816,69.72569442898764,47.871372294528825,5.203410032014003,39.54591624330642,49.952736307334426,0.04485062167116031,0.04588668918333206,0.04123245814763748,0.04279671754560629,0.04414208102137767,0.04347673683798428,0.04211711212493472,0.04193122759926905,0.04417343568706613,0.04502630667033222,0.044025610309899516
2017,45.25775880535764,23.40918558897809,40.05571756336251,34.333472197167865,21.848573216379553,36.93449281816543,23.929389713177603,47.858779426355206,10.404082483990262,37.974901066564456,62.42449490394158,26.53041033417517,10.924286608189776,37.45469694236495,32.252655700369814,70.22755676693427,47.858779426355206,5.202041241995131,39.535513439163,49.41939179895375,0.04489183479660386,0.045905027720023237,0.041305151381430164,0.04283791148019312,0.044159661273196156,0.043472619335727256,0.04214304877856936,0.041895248000622574,0.044150863470497785,0.045007477643969986,0.04402703191965341
2018,45.790008281723225,23.415345144063014,40.066257246507824,34.34250621129242,21.854322134458812,36.94421122729942,23.935686147264413,47.871372294528825,10.406820064028006,37.98489323370222,62.44092038416804,26.537391163271415,10.927161067229406,36.94421122729942,32.261142198486816,69.72569442898764,47.871372294528825,5.203410032014003,39.54591624330642,49.952736307334426,0.04485062167116031,0.04588668918333206,0.04123245814763748,0.04279671754560629,0.04414208102137767,0.04347673683798428,0.04211711212493472,0.04193122759926905,0.04417343568706613,0.04502630667033222,0.044025610309899516
2019,45.790008281723225,23.415345144063014,40.066257246507824,34.34250621129242,21.854322134458812,36.94421122729942,23.935686147264413,47.871372294528825,10.406820064028006,37.98489323370222,62.44092038416804,26.537391163271415,10.927161067229406,36.94421122729942,32.261142198486816,69.72569442898764,47.871372294528825,5.203410032014003,39.54591624330642,49.952736307334426,0.04485062167116031,0.04588668918333206,0.04123245814763748,0.04279671754560629,0.04414208102137767,0.04347673683798428,0.04211711212493472,0.04193122759926905,0.04417343568706613,0.04502630667033222,0.044025610309899516
2020,45.790008281723225,23.415345144063014,40.066257246507824,34.34250621129242,21.854322134458812,36.94421122729942,23.935686147264413,47.871372294528825,10.406820064028006,37.98489323370222,62.44092038416804,26.537391163271415,10.927161067229406,36.94421122729942,32.261142198486816,69.72569442898764,47.871372294528825,5.203410032014003,39.54591624330642,49.952736307334426,0.04485062167116031,0.04588668918333206,0.04123245814763748,0.04279671754560629,0.04414208102137767,0.04347673683798428,0.04211711212493472,0.04193122759926905,0.04417343568706613,0.04502630667033222,0.044025610309899516
2021,45.790008281723225,23.415345144063014,40.066257246507824,34.34250621129242,21.854322134458812,36.94421122729942,23.935686147264413,47.871372294528825,10.406820064028006,37.98489323370222,62.44092038416804,26.537391163271415,10.927161067229406,36.94421122729942,32.261142198486816,69.72569442898764,47.871372294528825,5.203410032014003,39.54591624330642,49.952736307334426,0.04485062167116031,0.04588668918333206,0.04123245814763748,0.04279671754560629,0.04414208102137767,0.04347673683798428,0.04211711212493472,0.04193122759926905,0.04417343568706613,0.04502630667033222,0.044025610309899516
2022,45.77310675850011,23.406702319687557,40.051468413687594,34.32983006887508,21.846255498375054,36.93057477106259,23.92685126012506,47.85370252025012,10.402978808750024,37.97087265193759,62.41787285250015,26.527595962312564,10.923127749187527,37.45072371150009,32.24923430712508,69.17980907818767,48.37385146068762,5.201489404375012,39.53131947325009,49.41414934156262,0.04488248327269165,0.04593572268878783,0.04128071699194738,0.042856514341206346,0.044142719263562565,0.04351012922749624,0.04212139236093728,0.04189875689503342,0.04418677401889866,0.04501307654174907,0.04402277396018835
2023,45.79496411970466,23.417879379394424,40.070593604741575,34.34622308977849,21.856687420768132,36.94820968748898,23.938276698936523,47.876553397873046,10.407946390841968,37.98900432657318,62.447678345051806,26.540263296647016,10.928343710384066,36.94820968748898,32.264633811610096,69.21284349909908,48.396950717415145,5.203973195420984,39.550196285199476,49.95814267604144,0.044863633162951395,0.04588350815405961,0.041237558509942866,0.04281770760093798,0.04413587348295871,0.0435051677039152,0.04209815436013265,0.041925756647544325,0.044153275766307364,0.04498825217209,0.04399379289706152
2024,45.79496411970466,23.417879379394424,40.070593604741575,34.34622308977849,21.856687420768132,36.94820968748898,23.938276698936523,47.876553397873046,10.407946390841968,37.98900432657318,62.447678345051806,26.540263296647016,10.928343710384066,36.94820968748898,32.264633811610096,69.21284349909908,48.396950717415145,5.203973195420984,39.550196285199476,49.95814267604144,0.044863633162951395,0.04588350815405961,0.041237558509942866,0.04281770760093798,0.04413587348295871,0.0435051677039152,0.04209815436013265,0.041925756647544325,0.044153275766307364,0.04498825217209,0.04399379289706152
2025,45.773696101738864,23.407003688389192,40.05198408902151,34.33027207630415,21.846536775829914,36.93105026390295,23.927159325908953,47.854318651817906,10.403112750395197,37.97136153894247,62.418676502371184,26.52793751350775,10.923268387914957,36.93105026390295,32.24964952622511,69.18069979012806,47.854318651817906,5.201556375197598,39.531828451501745,49.93494120189695,0.044867830402274135,0.04588815278491486,0.04125637660538718,0.042798701655427686,0.044156612424806105,0.043528640387266046,0.04210859261452083,0.04196503043644229,0.04419973186537031,0.04491299310139289,0.04416170020243785
2026,45.790008281723225,23.415345144063014,40.066257246507824,34.34250621129242,21.854322134458812,36.94421122729942,23.935686147264413,47.871372294528825,10.406820064028006,37.98489323370222,62.44092038416804,26.537391163271415,10.927161067229406,36.94421122729942,32.261142198486816,69.72569442898764,47.871372294528825,5.203410032014003,39.54591624330642,49.952736307334426,0.04485062167116031,0.04588668918333206,0.04123245814763748,0.04279671754560629,0.04414208102137767,0.04347673683798428,0.04211711212493472,0.04193122759926905,0.04417343568706613,0.04502630667033222,0.044025610309899516
2027,45.79496411970466,23.417879379394424,40.070593604741575,34.34622308977849,21.856687420768132,36.94820968748898,23.938276698936523,47.876553397873046,10.407946390841968,37.98900432657318,62.447678345051806,26.540263296647016,10.928343710384066,36.94820968748898,32.264633811610096,69.21284349909908,48.396950717415145,5.203973195420984,39.550196285199476,49.95814267604144,0.044863633162951395,0.04588350815405961,0.041237558509942866,0.04281770760093798,0.04413587348295871,0.0435051677039152,0.04209815436013265,0.041925756647544325,0.044153275766307364,0.04498825217209,0.04399379289706152
2028,39.64708538443396,19.030600984528302,47.57650246132075,25.374134646037735,20.61648439990566,24.31687903578616,20.61648439990566,41.23296879981132,5.286278051257861,39.64708538443396,53.92003612283018,19.030600984528302,6.343533661509434,32.24629611267296,19.55922878965409,56.563175148459116,50.21964148694968,5.814905856383648,29.074529281918238,61.849453199716976,0.04488492355684877,0.04455128180709419,0.04084241242361382,0.04317575023613785,0.043397384234934354,0.043717072168553694,0.04111674916088233,0.042113448677019216,0.04248220632953232,0.04199984299884568,0.04309112328075167
2029,45.79496411970466,23.417879379394424,40.070593604741575,34.34622308977849,21.856687420768132,36.94820968748898,23.938276698936523,47.876553397873046,10.407946390841968,37.98900432657318,62.447678345051806,26.540263296647016,10.928343710384066,36.94820968748898,32.264633811610096,69.21284349909908,48.396950717415145,5.203973195420984,39.550196285199476,49.95814267604144,0.044863633162951395,0.04588350815405961,0.041237558509942866,0.04281770760093798,0.04413587348295871,0.0435051677039152,0.04209815436013265,0.041925756647544325,0.044153275766307364,0.04498825217209,0.04399379289706152
2030,45.790008281723225,23.415345144063014,40.066257246507824,34.34250621129242,21.854322134458812,36.94421122729942,23.935686147264413,47.871372294528825,10.406820064028006,37.98489323370222,62.44092038416804,26.537391163271415,10.927161067229406,36.94421122729942,32.261142198486816,69.72569442898764,47.871372294528825,5.203410032014003,39.54591624330642,49.952736307334426,0.04485062167116031,0.04588668918333206,0.04123245814763748,0.04279671754560629,0.04414208102137767,0.04347673683798428,0.04211711212493472,0.04193122759926905,0.04417343568706613,0.04502630667033222,0.044025610309899516
2031,45.78092471161693,23.410700136622296,40.05830912266482,34.3356935337127,21.84998679418081,36.93688243778185,23.930937917436125,47.86187583487225,10.404755616276576,37.977357999409506,61.90829591684563,26.53212682150527,10.924993397090406,37.457120218595676,32.25474241045739,69.19162484823923,48.38211361568608,5.202377808138288,39.53807134185099,49.94282695812757,0.04487732869591989,0.04592258613637547,0.041270829476121325,0.04280026674431087,0.04412177912198701,0.04353283197552736,0.04209752044428142,0.04195937987634344,0.04413917439297293,0.0450309185784522,0.04400960374387936
2032,45.263238059320344,23.412019685855352,40.06056701801916,34.33762887258785,21.851218373464995,36.41869728910832,24.45255389411559,47.864573579970944,10.40534208260238,37.97949860149868,62.43205249561427,26.533622310636066,10.925609186732498,36.93896439323844,32.256560456067376,70.23605905756605,47.864573579970944,5.20267104130119,39.54029991388904,49.94564199649142,0.04487824600362676,0.04588233081127014,0.0412583668794732,0.04284642294701481,0.04418137014005915,0.04349852982262428,0.042123576659654244,0.041901584744626935,0.044171995414429566,0.04496591208433391,0.04402456036276809
2033,37.333799064491075,17.35232914265078,42.0662524670322,25.765579636057222,19.45564176600239,30.498033038598344,20.507298077678197,45.22122140205961,7.361594181730635,41.014596155356394,47.324534025411225,25.23975148021932,9.990734960920147,34.17883012946366,21.0331262335161,59.94440976552088,43.643736934545906,4.732453402541123,32.601345661949956,47.324534025411225,0.04238480670728267,0.04356716803013036,0.043431378885610994,0.04504725704621288,0.042668901262719626,0.04275834295842433,0.04377592639441102,0.04288087548460384,0.043033121993487376,0.04252906365931955,0.042095001739894826
2034,46.49557889104357,22.7194305944872,43.85378463587064,33.814966466213505,23.247789445521786,33.286607615178916,26.946301402763886,51.77916740138943,13.737330126899236,39.09855497655936,70.27172718759994,21.66271289241803,6.868665063449618,42.26870808276688,28.003019104833058,69.74336833656535,56.006038209666116,5.811947361380446,32.758248764144334,66.04485637932325,0.04360979243599416,0.04377867449812605,0.042710560360423866,0.04380442496595991,0.04190124012446094,0.042947646557368775,0.04170855236506702,0.042599342582985575,0.04343072518288203,0.0426928283030155,0.042457361589130244
2035,45.387443200819774,22.43287422569253,40.17049570647267,34.43185346269086,21.91117947625782,37.56202195929912,23.99795847399666,47.99591694799332,10.4338949886942,38.60541145816854,63.646759431034624,26.606432221170213,10.95558973812891,37.040327209864415,32.34507446495202,70.42879117368585,47.474222198558614,5.2169474943471,40.17049570647267,49.039306446862746,0.04474933463904637,0.0456347586638663,0.04150653737906799,0.04275649483923105,0.043888858257644416,0.043079383235912344,0.042055299681384446,0.042005372789565766,0.04393151016837289,0.04472150024002089,0.04397620067117742
2036,44.12963081369486,19.912150489106217,47.89679441974198,22.06481540684743,17.2213193419297,34.980804913294705,23.141147865718036,36.05713737216531,13.454155735882578,43.05329835482425,64.04178130280107,20.988482947976824,7.534327212094244,26.370145242329855,23.679314095153337,55.43112163183622,55.43112163183622,3.767163606047122,28.522810160071067,45.20596327256546,0.04301524567862894,0.043333011068932656,0.04073542060282458,0.041459181694913916,0.04293764049910357,0.04201291082804212,0.04077182730207509,0.041795591076910964,0.04259349533021754,0.04069231111074099,0.04248713537230659
2037,43.95869195072398,19.362757168771278,59.13490702895012,35.5856077696337,28.782476872497845,27.212523588543416,21.456028214043847,47.62191627995098,7.8497664197721395,40.29546762149698,65.41472016476783,30.875747917770415,11.512990748999139,37.67887881490627,30.35243015645227,58.61158926763198,48.14523404126912,7.326448658453997,40.29546762149698,51.28514060917798,0.04393066937880636,0.04447076471707656,0.04382072437630743,0.044120764352455655,0.04291731397660813,0.042944587384225054,0.04291218176016722,0.04287812203971899,0.04367108097930991,0.04228416599057848,0.042731863726603515
2038,43.78011037847428,21.098848375168327,43.25263916909507,36.92298465654457,22.681262003305953,32.1757437721317,25.846089259581202,52.74712093792082,11.076895396963373,42.197696750336654,71.20861326619311,22.681262003305953,6.857125721929706,42.197696750336654,27.428502887718825,66.46137238178024,56.43941940357528,6.329654512550499,33.23068619089012,64.3514875442634,0.04386924015967754,0.04370514783586679,0.042618405291303126,0.04403701145575349,0.04215050046157151,0.04232884405296274,0.041774440891064565,0.042698155933975045,0.043601312637980325,0.043220289818539925,0.04252544208209679
2039,45.8151772542664,22.386961612880174,40.08828009748311,34.361382940699805,21.866334598627148,38.005772040470994,23.948842655639258,47.897685311278515,9.89191327080752,38.526399054724024,61.954614696110255,26.551977726904394,10.933167299313574,38.005772040470994,32.27887488368769,68.72276588139961,47.897685311278515,5.206270142530273,40.60890711173613,49.4595663540376,0.045046562577820935,0.04577226628291458,0.04126773198258616,0.04291474995918663,0.04406793847589462,0.04331510316230221,0.04194738624608759,0.04199262193442455,0.04393506602628575,0.04498245556450296,0.04413110353496655
2040,45.34024165913594,22.14290871725244,41.649756872927206,34.79599941282526,23.197332941883506,32.68715096356312,27.41502984040778,51.13957489460682,13.70751492020389,39.540908423665066,69.59199882565052,22.14290871725244,6.326545347786411,42.70418109755827,27.942241952723315,69.59199882565052,55.88448390544663,5.799333235470876,32.68715096356312,66.42872615175732,0.043800157839714714,0.04365687322077639,0.04277396299852034,0.04412239836988797,0.04201835662225076,0.04300526838314268,0.041602246060724137,0.04279257308763194,0.04368945331622914,0.042586170206425175,0.04274042757916248
2041,45.288590633626725,22.904574573328457,40.0830055033248,34.35686185999269,21.863457547268073,37.48021293817384,23.945691599388844,47.89138319877769,9.890611747573653,38.521329964234226,62.46702156362307,26.548484164539804,10.931728773634037,36.95965442514365,32.274627807871916,70.27539925907595,47.37082468574749,5.205585130301922,40.603564016354994,49.45305873786826,0.04482273245631471,0.045850920254687705,0.041402476770144865,0.04287231349024046,0.0441469309955832,0.04327864954835774,0.042056013256824114,0.04197337766276452,0.043994962557538764,0.04487212979289958,0.04417098018445208
2042,40.845233395238004,23.34013336870743,42.4366061249226,27.053336404638156,17.505100026530574,32.357912170253485,20.157387909338233,32.888369746815016,10.078693954669117,41.90614854836107,65.2462819170685,17.505100026530574,10.078693954669117,27.053336404638156,21.748760639022834,49.332554620222524,62.0635364576993,4.774118189053793,26.522878828076625,41.90614854836107,0.04466648676298271,0.0432481476366122,0.041697457701838705,0.041532259763099925,0.043211185645711844,0.04314449720799777,0.0411977086041846,0.04248053516976818,0.04342213481744566,0.04155885452326541,0.043383155605560574
2043,40.845233395238004,23.34013336870743,42.4366061249226,27.053336404638156,17.505100026530574,32.357912170253485,20.157387909338233,32.888369746815016,10.078693954669117,41.90614854836107,65.2462819170685,17.505100026530574,10.078693954669117,27.053336404638156,21.748760639022834,49.332554620222524,62.0635364576993,4.774118189053793,26.522878828076625,41.90614854836107,0.04466648676298271,0.0432481476366122,0.041697457701838705,0.041532259763099925,0.043211185645711844,0.04314449720799777,0.0411977086041846,0.04248053516976818,0.04342213481744566,0.04155885452326541,0.043383155605560574
2044,40.83219609172956,23.33268348098832,42.42306087452421,27.044701307509186,17.499512610741238,32.34758391682471,20.150953915399,32.87787217775627,10.0754769576995,42.42306087452421,64.69516783364942,17.499512610741238,10.0754769576995,27.044701307509186,21.741818698193658,48.78652000570285,62.04372652899166,4.772594348383974,26.514413046577634,42.42306087452421,0.04470372532776301,0.04324665523705502,0.041671236462201555,0.041517194727058365,0.043184765361764715,0.04319938657572001,0.04130847630500984,0.042410539804581836,0.043405766332176555,0.04170318914839882,0.04336080378671767
2045,40.79122751034612,23.839029064487992,42.38049611464532,27.01756627308639,17.481954647291193,32.31512828741706,20.130735654456526,32.84488448885012,10.065367827228263,41.85073991321225,64.63025657483412,17.481954647291193,10.065367827228263,27.01756627308639,22.249760460188792,48.73757053184212,61.98147556766878,4.767805812897598,26.487810071653325,41.85073991321225,0.04468270320135338,0.04336010330197713,0.04170313392903536,0.041627748069375976,0.04334870274709278,0.04322659071717321,0.04114789878774399,0.04236457663200884,0.04364436678626893,0.041685884625250455,0.043452089769653486
2046,40.845233395238004,23.34013336870743,42.4366061249226,27.053336404638156,17.505100026530574,32.357912170253485,20.157387909338233,32.888369746815016,10.078693954669117,41.90614854836107,65.2462819170685,17.505100026530574,10.078693954669117,27.053336404638156,21.748760639022834,49.332554620222524,62.0635364576993,4.774118189053793,26.522878828076625,41.90614854836107,0.04466648676298271,0.0432481476366122,0.041697457701838705,0.041532259763099925,0.043211185645711844,0.04314449720799777,0.0411977086041846,0.04248053516976818,0.04342213481744566,0.04155885452326541,0.043383155605560574
2047,40.85759075703734,23.347194718307055,42.449444942376466,27.061521150764996,17.510396038730292,32.36770176856206,20.16348634762882,32.89831983034176,10.08174317381441,41.91882688059676,64.20478547534441,17.510396038730292,10.08174317381441,27.061521150764996,22.285958594747644,49.347479745512636,62.08231322822558,4.775562556017352,26.53090308898529,42.449444942376466,0.044609071255393554,0.04321272482294619,0.041702524433594707,0.04156175309569615,0.04313712397554564,0.043147209590259396,0.04121328361217051,0.04249676326336443,0.04339855109089595,0.041542115917125894,0.04336081716330178
2048,40.84392812323165,23.339387498989513,42.43524999816275,27.052471873828754,17.504540624242136,32.3568781235991,20.15674374912731,32.887318748576135,10.078371874563654,41.90480937318572,64.7137562471982,17.504540624242136,10.078371874563654,27.052471873828754,21.748065624058412,49.3309781228642,62.06155312231303,4.77396562479331,26.52203124885172,42.43524999816275,0.044664964065172924,0.04323386166670672,0.04169972384600826,0.04154147966584016,0.0432132845968786,0.043168491800975504,0.0411948338987595,0.04248303139192961,0.04342602582665723,0.04156104330395351,0.04337263496008358
2049,40.84715627133038,23.34123215504593,42.43860391826533,27.054609997894147,17.505924116284447,32.35943548767731,20.15833686117603,32.88991803665563,10.079168430588014,42.43860391826533,64.71887097535462,17.505924116284447,10.079168430588014,27.054609997894147,22.280267057089297,48.804394506005124,62.06645823046304,4.774342940804849,26.52412744891583,41.90812136928701,0.04464938376318545,0.04323981512114459,0.041671759646438836,0.041528233744999844,0.04310651469193002,0.04315412539691134,0.04132983778389352,0.04242174526979372,0.0433743999979955,0.041682129791316254,0.04335950581407446
2050,46.39388189743538,22.66973774533774,43.23066267715569,35.32261462645648,23.19694094871769,31.632192202796848,26.360160168997375,48.50269471095517,12.65287688111874,40.067443456876006,71.17243245629291,22.66973774533774,6.8536416439393175,42.1762562703958,26.887363372377322,70.64522925291296,54.30192994813459,5.799235237179422,33.741005016316635,64.84599401573354,0.043365642782028334,0.04374840997527039,0.04289852471687227,0.04422256747265165,0.04223618638831928,0.04266092363628875,0.04202317901701083,0.043026730917932514,0.043424736619707395,0.042902327525720305,0.042287567568250785
2051,41.214805461810194,23.01606019295894,45.49686317212814,26.76286068948714,18.198745268851255,34.25646168254354,20.87503133779997,32.650690041174315,10.169887062005113,41.214805461810194,64.76612286855888,16.592973627482028,10.169887062005113,26.76286068948714,21.945545765379457,49.77892088244608,63.16035122718965,4.282057710317942,26.227603475697396,42.820577103179424,0.04426809885517419,0.04250394180840167,0.04128606072789525,0.04133888166862201,0.04289064011786147,0.042993322435470174,0.04035679657036202,0.04201052783610643,0.0429939733776565,0.041364919911259186,0.0427356229014483
2052,46.62660668228305,21.723759931518238,43.977367666244234,33.380411602089,23.313303341141523,32.85056379888124,27.022237963595856,53.514628123983954,13.776042883401809,39.73858524058214,70.46975782663233,21.723759931518238,5.828325835285381,42.91767205982871,28.08193357001138,69.41006222021682,56.16386714002276,5.828325835285381,32.320715995673474,65.70112759776248,0.04347096234088899,0.04362512901067147,0.04262658243137388,0.04364673848418775,0.04181700882754281,0.04254712072149158,0.04137544987072209,0.042612725241421456,0.04332217932587622,0.04259387953012096,0.04251442100794101
2053,45.00408932129049,21.70785484909306,45.00408932129049,34.944351708296146,23.296234472197433,32.29705233645553,26.472993718406173,51.35760781370797,13.236496859203086,39.70949057760926,68.30032379348792,22.237314723461186,5.824058618049358,43.41570969818612,28.590833215878668,69.35924354222418,56.652206557389206,5.824058618049358,32.29705233645553,68.30032379348792,0.04359175679754571,0.04375051482282131,0.04240502954187291,0.04363232431374221,0.04204855636894794,0.04248666050018365,0.041468789618036114,0.042629766496407186,0.04346942201726552,0.042535173223172136,0.042522131931881785
2054,45.43931192541668,22.71965596270834,42.79749146463664,34.343665990140515,23.248020054864348,32.75857371367249,27.474932792112412,51.25131693913277,13.737466396056206,39.62730691170059,69.74406016459305,21.134563686240316,6.340369105872095,42.79749146463664,28.003296884268423,69.74406016459305,56.53495786069285,5.812005013716087,32.23020962151649,66.573875611657,0.04379530364121831,0.043615713103415,0.04266676873447357,0.043833794701722543,0.04201513648935772,0.0426476666730375,0.041669143734923066,0.0427214805387602,0.04359849307534614,0.042844820445607355,0.04222758670613066
2055,47.04435791225361,22.200708228254513,44.93000474765795,32.772474051232855,23.257884810552348,32.243885760083934,26.958002848594766,51.27306424144495,13.214707278722924,40.17271012731769,68.71647784935921,22.200708228254513,5.28588291148917,43.34423987421119,28.0151794308926,69.24506614050813,56.0303588617852,5.814471202638087,33.30106234238177,66.60212468476354,0.04375211819933197,0.04399292930871846,0.04250876654655007,0.0438204066117184,0.04231344682266079,0.042458029471088655,0.041202005825446836,0.04265184742693793,0.04331737734420009,0.042613119115449155,0.0427816621789807
2056,36.82997556258451,18.414987781292254,43.14368565902757,23.676412861661472,19.4672727973661,31.042407974178374,20.519557813439942,43.14368565902757,8.418280128590746,40.512973118842964,49.45739575547063,23.15027035362455,9.470565144664588,33.14697800632606,22.62412784558763,56.823390867987534,45.77439819921218,4.735282572332294,33.14697800632606,47.87896823135986,0.04266188158710246,0.04387312084175892,0.0429604151340649,0.04476288815762276,0.04293746541524989,0.04240997644450924,0.04297629451184129,0.04295459218516231,0.04406131561494496,0.043119330441562714,0.041140211629258884
2057,38.21633293661357,18.32289935317089,45.545492677881924,26.17557050452984,19.369922173352084,31.410684605435808,18.846410763261485,43.451447037519536,5.7586255109965645,41.880912807247746,47.116026908153714,24.60503627425805,9.423205381630742,32.9812188357076,23.558013454076857,52.87465241915028,43.974958447610135,5.235114100905968,34.02824165588879,47.116026908153714,0.04323929447159892,0.044604143445301885,0.04283602767926367,0.045272760435781184,0.04245296169337931,0.0424907624923183,0.04385730693355783,0.04292977807003629,0.043727641456607964,0.043219014822125965,0.04185889840943194
2058,45.87121019579201,22.935605097896005,40.13730892131801,34.40340764684401,21.893077593446186,37.00972640796855,23.978132602345823,47.95626520469165,10.425275044498184,38.05225391241837,62.55165026698911,26.584451363470368,10.946538796723093,37.00972640796855,32.31835263794437,69.84934279813783,48.47752895691656,5.212637522249092,39.6160451690931,50.041320213591284,0.044704451901424795,0.045787169566773686,0.041259742329328226,0.04279013566428987,0.04416474786008552,0.04332924405125145,0.04200512920038797,0.04185012745921736,0.043984877523961755,0.044979661753316864,0.04388096046505325
2059,45.87121019579201,22.935605097896005,40.13730892131801,34.40340764684401,21.893077593446186,37.00972640796855,23.978132602345823,47.95626520469165,10.425275044498184,38.05225391241837,62.55165026698911,26.584451363470368,10.946538796723093,37.00972640796855,32.31835263794437,69.84934279813783,48.47752895691656,5.212637522249092,39.6160451690931,50.041320213591284,0.044704451901424795,0.045787169566773686,0.041259742329328226,0.04279013566428987,0.04416474786008552,0.04332924405125145,0.04200512920038797,0.04185012745921736,0.043984877523961755,0.044979661753316864,0.04388096046505325
2060,45.790008281723225,23.415345144063014,40.066257246507824,34.34250621129242,21.854322134458812,36.94421122729942,23.935686147264413,47.871372294528825,10.406820064028006,37.98489323370222,62.44092038416804,26.537391163271415,10.927161067229406,36.94421122729942,32.261142198486816,69.72569442898764,47.871372294528825,5.203410032014003,39.54591624330642,49.952736307334426,0.04485062167116031,0.04588668918333206,0.04123245814763748,0.04279671754560629,0.04414208102137767,0.04347673683798428,0.04211711212493472,0.04193122759926905,0.04417343568706613,0.04502630667033222,0.044025610309899516
2061,45.790008281723225,23.415345144063014,40.066257246507824,34.34250621129242,21.854322134458812,36.94421122729942,23.935686147264413,47.871372294528825,10.406820064028006,37.98489323370222,62.44092038416804,26.537391163271415,10.927161067229406,36.94421122729942,32.261142198486816,69.72569442898764,47.871372294528825,5.203410032014003,39.54591624330642,49.952736307334426,0.04485062167116031,0.04588668918333206,0.04123245814763748,0.04279671754560629,0.04414208102137767,0.04347673683798428,0.04211711212493472,0.04193122759926905,0.04417343568706613,0.04502630667033222,0.044025610309899516
2062,45.790008281723225,23.415345144063014,40.066257246507824,34.34250621129242,21.854322134458812,36.94421122729942,23.935686147264413,47.871372294528825,10.406820064028006,37.98489323370222,62.44092038416804,26.537391163271415,10.927161067229406,36.94421122729942,32.261142198486816,69.72569442898764,47.871372294528825,5.203410032014003,39.54591624330642,49.952736307334426,0.04485062167116031,0.04588668918333206,0.04123245814763748,0.04279671754560629,0.04414208102137767,0.04347673683798428,0.04211711212493472,0.04193122759926905,0.04417343568706613,0.04502630667033222,0.044025610309899516
2063,45.790008281723225,23.415345144063014,40.066257246507824,34.34250621129242,21.854322134458812,36.94421122729942,23.935686147264413,47.871372294528825,10.406820064028006,37.98489323370222,62.44092038416804,26.537391163271415,10.927161067229406,36.94421122729942,32.261142198486816,69.72569442898764,47.871372294528825,5.203410032014003,39.54591624330642,49.952736307334426,0.04485062167116031,0.04588668918333206,0.04123245814763748,0.04279671754560629,0.04414208102137767,0.04347673683798428,0.04211711212493472,0.04193122759926905,0.04417343568706613,0.04502630667033222,0.044025610309899516
2064,45.790008281723225,23.415345144063014,40.066257246507824,34.34250621129242,21.854322134458812,36.94421122729942,23.935686147264413,47.871372294528825,10.406820064028006,37.98489323370222,62.44092038416804,26.537391163271415,10.927161067229406,36.94421122729942,32.261142198486816,69.72569442898764,47.871372294528825,5.203410032014003,39.54591624330642,49.952736307334426,0.04485062167116031,0.04588668918333206,0.04123245814763748,0.04279671754560629,0.04414208102137767,0.04347673683798428,0.04211711212493472,0.04193122759926905,0.04417343568706613,0.04502630667033222,0.044025610309899516
2065,45.80539824081059,23.423215009505416,40.07972346070927,34.35404868060794,21.861667342205052,36.95662812610854,23.943730898605533,47.36694590811095,10.410317782002407,37.99765990430878,62.46190669201444,26.546310344106136,10.930833671102526,36.95662812610854,32.27198512420746,70.26964502851624,47.88746179721107,5.205158891001203,39.55920757160914,49.96952535361155,0.04483237322162243,0.04588547681305256,0.04122165399238399,0.04280943376518755,0.04414143912566323,0.04345332992856103,0.042085237437706965,0.041898852646382406,0.04414784100630425,0.04500163669396823,0.04400683626904701
2066,45.80539824081059,23.423215009505416,40.07972346070927,34.35404868060794,21.861667342205052,36.95662812610854,23.943730898605533,47.36694590811095,10.410317782002407,37.99765990430878,62.46190669201444,26.546310344106136,10.930833671102526,36.95662812610854,32.27198512420746,70.26964502851624,47.88746179721107,5.205158891001203,39.55920757160914,49.96952535361155,0.04483237322162243,0.04588547681305256,0.04122165399238399,0.04280943376518755,0.04414143912566323,0.04345332992856103,0.042085237437706965,0.041898852646382406,0.04414784100630425,0.04500163669396823,0.04400683626904701
2067,39.64649405896113,19.030317148301343,47.57579287075336,25.373756197735126,20.61617691065979,23.78789643537668,20.61617691065979,41.23235382131958,5.814819128647633,40.17511397974728,53.91923192018714,19.030317148301343,6.343439049433782,32.24581516795505,19.55893706908749,56.56233152411788,50.218892474684104,5.814819128647633,29.074095643238163,61.31991081119322,0.04488675201577323,0.044542494600003785,0.04086011121892135,0.04315741955949451,0.04340700972510944,0.043692973583592865,0.0411157868495032,0.04211346357830082,0.04251638509043743,0.04200953365026822,0.04307814934244662
2068,39.64649405896113,19.030317148301343,47.57579287075336,25.373756197735126,20.61617691065979,23.78789643537668,20.61617691065979,41.23235382131958,5.814819128647633,40.17511397974728,53.91923192018714,19.030317148301343,6.343439049433782,32.24581516795505,19.55893706908749,56.56233152411788,50.218892474684104,5.814819128647633,29.074095643238163,61.31991081119322,0.04488675201577323,0.044542494600003785,0.04086011121892135,0.04315741955949451,0.04340700972510944,0.043692973583592865,0.0411157868495032,0.04211346357830082,0.04251638509043743,0.04200953365026822,0.04307814934244662
2069,45.79496411970466,23.417879379394424,40.070593604741575,34.34622308977849,21.856687420768132,36.94820968748898,23.938276698936523,47.876553397873046,10.407946390841968,37.98900432657318,62.447678345051806,26.540263296647016,10.928343710384066,36.94820968748898,32.264633811610096,69.21284349909908,48.396950717415145,5.203973195420984,39.550196285199476,49.95814267604144,0.044863633162951395,0.04588350815405961,0.041237558509942866,0.04281770760093798,0.04413587348295871,0.0435051677039152,0.04209815436013265,0.041925756647544325,0.044153275766307364,0.04498825217209,0.04399379289706152
2070,45.79496411970466,23.417879379394424,40.070593604741575,34.34622308977849,21.856687420768132,36.94820968748898,23.938276698936523,47.876553397873046,10.407946390841968,37.98900432657318,62.447678345051806,26.540263296647016,10.928343710384066,36.94820968748898,32.264633811610096,69.21284349909908,48.396950717415145,5.203973195420984,39.550196285199476,49.95814267604144,0.044863633162951395,0.04588350815405961,0.041237558509942866,0.04281770760093798,0.04413587348295871,0.0435051677039152,0.04209815436013265,0.041925756647544325,0.044153275766307364,0.04498825217209,0.04399379289706152
2071,45.79496411970466,23.417879379394424,40.070593604741575,34.34622308977849,21.856687420768132,36.94820968748898,23.938276698936523,47.876553397873046,10.407946390841968,37.98900432657318,62.447678345051806,26.540263296647016,10.928343710384066,36.94820968748898,32.264633811610096,69.21284349909908,48.396950717415145,5.203973195420984,39.550196285199476,49.95814267604144,0.044863633162951395,0.04588350815405961,0.041237558509942866,0.04281770760093798,0.04413587348295871,0.0435051677039152,0.04209815436013265,0.041925756647544325,0.044153275766307364,0.04498825217209,0.04399379289706152
2072,45.79496411970466,23.417879379394424,40.070593604741575,34.34622308977849,21.856687420768132,36.94820968748898,23.938276698936523,47.876553397873046,10.407946390841968,37.98900432657318,62.447678345051806,26.540263296647016,10.928343710384066,36.94820968748898,32.264633811610096,69.21284349909908,48.396950717415145,5.203973195420984,39.550196285199476,49.95814267604144,0.044863633162951395,0.04588350815405961,0.041237558509942866,0.04281770760093798,0.04413587348295871,0.0435051677039152,0.04209815436013265,0.041925756647544325,0.044153275766307364,0.04498825217209,0.04399379289706152
2073,45.79496411970466,23.417879379394424,40.070593604741575,34.34622308977849,21.856687420768132,36.94820968748898,23.938276698936523,47.876553397873046,10.407946390841968,37.98900432657318,62.447678345051806,26.540263296647016,10.928343710384066,36.94820968748898,32.264633811610096,69.21284349909908,48.396950717415145,5.203973195420984,39.550196285199476,49.95814267604144,0.044863633162951395,0.04588350815405961,0.041237558509942866,0.04281770760093798,0.04413587348295871,0.0435051677039152,0.04209815436013265,0.041925756647544325,0.044153275766307364,0.04498825217209,0.04399379289706152
2074,45.786518945081454,23.413560824189382,40.06320407694628,34.339889208811094,21.852656769243424,36.941395967054355,23.933862175838033,47.86772435167607,10.406027032973059,38.50230002200031,62.43616219783835,26.535368934081298,10.926328384621712,36.941395967054355,32.25868380221648,69.7203811209195,47.86772435167607,5.203013516486529,39.54290272529762,49.428628406622025,0.04487778288126493,0.04587447849548789,0.04124087525407876,0.042816015524496945,0.0441564671003097,0.04349418346253591,0.04210971132514566,0.04192365240691575,0.044180986135308874,0.04501109167773324,0.044013404088069426
2075,45.79496411970466,23.417879379394424,40.070593604741575,34.34622308977849,21.856687420768132,36.94820968748898,23.938276698936523,47.876553397873046,10.407946390841968,37.98900432657318,62.447678345051806,26.540263296647016,10.928343710384066,36.94820968748898,32.264633811610096,69.21284349909908,48.396950717415145,5.203973195420984,39.550196285199476,49.95814267604144,0.044863633162951395,0.04588350815405961,0.041237558509942866,0.04281770760093798,0.04413587348295871,0.0435051677039152,0.04209815436013265,0.041925756647544325,0.044153275766307364,0.04498825217209,0.04399379289706152
2076,45.79496411970466,23.417879379394424,40.070593604741575,34.34622308977849,21.856687420768132,36.94820968748898,23.938276698936523,47.876553397873046,10.407946390841968,37.98900432657318,62.447678345051806,26.540263296647016,10.928343710384066,36.94820968748898,32.264633811610096,69.21284349909908,48.396950717415145,5.203973195420984,39.550196285199476,49.95814267604144,0.044863633162951395,0.04588350815405961,0.041237558509942866,0.04281770760093798,0.04413587348295871,0.0435051677039152,0.04209815436013265,0.041925756647544325,0.044153275766307364,0.04498825217209,0.04399379289706152
2077,45.79496411970466,23.417879379394424,40.070593604741575,34.34622308977849,21.856687420768132,36.94820968748898,23.938276698936523,47.876553397873046,10.407946390841968,37.98900432657318,62.447678345051806,26.540263296647016,10.928343710384066,36.94820968748898,32.264633811610096,69.21284349909908,48.396950717415145,5.203973195420984,39.550196285199476,49.95814267604144,0.044863633162951395,0.04588350815405961,0.041237558509942866,0.04281770760093798,0.04413587348295871,0.0435051677039152,0.04209815436013265,0.041925756647544325,0.044153275766307364,0.04498825217209,0.04399379289706152
2078,45.79496411970466,23.417879379394424,40.070593604741575,34.34622308977849,21.856687420768132,36.94820968748898,23.938276698936523,47.876553397873046,10.407946390841968,37.98900432657318,62.447678345051806,26.540263296647016,10.928343710384066,36.94820968748898,32.264633811610096,69.21284349909908,48.396950717415145,5.203973195420984,39.550196285199476,49.95814267604144,0.044863633162951395,0.04588350815405961,0.041237558509942866,0.04281770760093798,0.04413587348295871,0.0435051677039152,0.04209815436013265,0.041925756647544325,0.044153275766307364,0.04498825217209,0.04399379289706152
2079,45.79496411970466,23.417879379394424,40.070593604741575,34.34622308977849,21.856687420768132,36.94820968748898,23.938276698936523,47.876553397873046,10.407946390841968,37.98900432657318,62.447678345051806,26.540263296647016,10.928343710384066,36.94820968748898,32.264633811610096,69.21284349909908,48.396950717415145,5.203973195420984,39.550196285199476,49.95814267604144,0.044863633162951395,0.04588350815405961,0.041237558509942866,0.04281770760093798,0.04413587348295871,0.0435051677039152,0.04209815436013265,0.041925756647544325,0.044153275766307364,0.04498825217209,0.04399379289706152
2080,45.790008281723225,23.415345144063014,40.066257246507824,34.34250621129242,21.854322134458812,36.94421122729942,23.935686147264413,47.871372294528825,10.406820064028006,37.98489323370222,62.44092038416804,26.537391163271415,10.927161067229406,36.94421122729942,32.261142198486816,69.72569442898764,47.871372294528825,5.203410032014003,39.54591624330642,49.952736307334426,0.04485062167116031,0.04588668918333206,0.04123245814763748,0.04279671754560629,0.04414208102137767,0.04347673683798428,0.04211711212493472,0.04193122759926905,0.04417343568706613,0.04502630667033222,0.044025610309899516
2081,45.79496411970466,23.417879379394424,40.070593604741575,34.34622308977849,21.856687420768132,36.94820968748898,23.938276698936523,47.876553397873046,10.407946390841968,37.98900432657318,62.447678345051806,26.540263296647016,10.928343710384066,36.94820968748898,32.264633811610096,69.21284349909908,48.396950717415145,5.203973195420984,39.550196285199476,49.95814267604144,0.044863633162951395,0.04588350815405961,0.041237558509942866,0.04281770760093798,0.04413587348295871,0.0435051677039152,0.04209815436013265,0.041925756647544325,0.044153275766307364,0.04498825217209,0.04399379289706152
2082,45.79496411970466,23.417879379394424,40.070593604741575,34.34622308977849,21.856687420768132,36.94820968748898,23.938276698936523,47.876553397873046,10.407946390841968,37.98900432657318,62.447678345051806,26.540263296647016,10.928343710384066,36.94820968748898,32.264633811610096,69.21284349909908,48.396950717415145,5.203973195420984,39.550196285199476,49.95814267604144,0.044863633162951395,0.04588350815405961,0.041237558509942866,0.04281770760093798,0.04413587348295871,0.0435051677039152,0.04209815436013265,0.041925756647544325,0.044153275766307364,0.04498825217209,0.04399379289706152
2083,45.79496411970466,23.417879379394424,40.070593604741575,34.34622308977849,21.856687420768132,36.94820968748898,23.938276698936523,47.876553397873046,10.407946390841968,37.98900432657318,62.447678345051806,26.540263296647016,10.928343710384066,36.94820968748898,32.264633811610096,69.21284349909908,48.396950717415145,5.203973195420984,39.550196285199476,49.95814267604144,0.044863633162951395,0.04588350815405961,0.041237558509942866,0.04281770760093798,0.04413587348295871,0.0435051677039152,0.04209815436013265,0.041925756647544325,0.044153275766307364,0.04498825217209,0.04399379289706152
2084,45.79496411970466,23.417879379394424,40.070593604741575,34.34622308977849,21.856687420768132,36.94820968748898,23.938276698936523,47.876553397873046,10.407946390841968,37.98900432657318,62.447678345051806,26.540263296647016,10.928343710384066,36.94820968748898,32.264633811610096,69.21284349909908,48.396950717415145,5.203973195420984,39.550196285199476,49.95814267604144,0.044863633162951395,0.04588350815405961,0.041237558509942866,0.04281770760093798,0.04413587348295871,0.0435051677039152,0.04209815436013265,0.041925756647544325,0.044153275766307364,0.04498825217209,0.04399379289706152
2085,45.79496411970466,23.417879379394424,40.070593604741575,34.34622308977849,21.856687420768132,36.94820968748898,23.938276698936523,47.876553397873046,10.407946390841968,37.98900432657318,62.447678345051806,26.540263296647016,10.928343710384066,36.94820968748898,32.264633811610096,69.21284349909908,48.396950717415145,5.203973195420984,39.550196285199476,49.95814267604144,0.044863633162951395,0.04588350815405961,0.041237558509942866,0.04281770760093798,0.04413587348295871,0.0435051677039152,0.04209815436013265,0.041925756647544325,0.044153275766307364,0.04498825217209,0.04399379289706152
2086,45.79496411970466,23.417879379394424,40.070593604741575,34.34622308977849,21.856687420768132,36.94820968748898,23.938276698936523,47.876553397873046,10.407946390841968,37.98900432657318,62.447678345051806,26.540263296647016,10.928343710384066,36.94820968748898,32.264633811610096,69.21284349909908,48.396950717415145,5.203973195420984,39.550196285199476,49.95814267604144,0.044863633162951395,0.04588350815405961,0.041237558509942866,0.04281770760093798,0.04413587348295871,0.0435051677039152,0.04209815436013265,0.041925756647544325,0.044153275766307364,0.04498825217209,0.04399379289706152
2087,45.79496411970466,23.417879379394424,40.070593604741575,34.34622308977849,21.856687420768132,36.94820968748898,23.938276698936523,47.876553397873046,10.407946390841968,37.98900432657318,62.447678345051806,26.540263296647016,10.928343710384066,36.94820968748898,32.264633811610096,69.21284349909908,48.396950717415145,5.203973195420984,39.550196285199476,49.95814267604144,0.044863633162951395,0.04588350815405961,0.041237558509942866,0.04281770760093798,0.04413587348295871,0.0435051677039152,0.04209815436013265,0.041925756647544325,0.044153275766307364,0.04498825217209,0.04399379289706152
2088,45.79152497848742,23.416120727635615,40.067584356176496,34.34364373386557,21.85504601245991,36.94543492582508,23.93647896602752,47.87295793205504,10.40716476783805,37.98615140260889,62.442988607028305,26.538270157987032,10.927523006229954,36.94543492582508,31.741852541906056,69.72800394451494,48.39331617044694,5.203582383919025,39.5472261177846,49.954390885622644,0.044856868960105295,0.0458915717599494,0.04124388328468044,0.042811027591914144,0.044141526540598455,0.043495444197275225,0.04211342343241693,0.04192160515409468,0.04415947358099369,0.0450016471695398,0.04400528993652926
2089,45.79496411970466,23.417879379394424,40.070593604741575,34.34622308977849,21.856687420768132,36.94820968748898,23.938276698936523,47.876553397873046,10.407946390841968,37.98900432657318,62.447678345051806,26.540263296647016,10.928343710384066,36.94820968748898,32.264633811610096,69.21284349909908,48.396950717415145,5.203973195420984,39.550196285199476,49.95814267604144,0.044863633162951395,0.04588350815405961,0.041237558509942866,0.04281770760093798,0.04413587348295871,0.0435051677039152,0.04209815436013265,0.041925756647544325,0.044153275766307364,0.04498825217209,0.04399379289706152
2090,45.79496411970466,23.417879379394424,40.070593604741575,34.34622308977849,21.856687420768132,36.94820968748898,23.938276698936523,47.876553397873046,10.407946390841968,37.98900432657318,62.447678345051806,26.540263296647016,10.928343710384066,36.94820968748898,32.264633811610096,69.21284349909908,48.396950717415145,5.203973195420984,39.550196285199476,49.95814267604144,0.044863633162951395,0.04588350815405961,0.041237558509942866,0.04281770760093798,0.04413587348295871,0.0435051677039152,0.04209815436013265,0.041925756647544325,0.044153275766307364,0.04498825217209,0.04399379289706152
2091,45.79496411970466,23.417879379394424,40.070593604741575,34.34622308977849,21.856687420768132,36.94820968748898,23.938276698936523,47.876553397873046,10.407946390841968,37.98900432657318,62.447678345051806,26.540263296647016,10.928343710384066,36.94820968748898,32.264633811610096,69.21284349909908,48.396950717415145,5.203973195420984,39.550196285199476,49.95814267604144,0.044863633162951395,0.04588350815405961,0.041237558509942866,0.04281770760093798,0.04413587348295871,0.0435051677039152,0.04209815436013265,0.041925756647544325,0.044153275766307364,0.04498825217209,0.04399379289706152
2092,43.414695577085986,22.511323632563105,45.558631161139616,26.79919480067036,18.223452464455846,34.30296934485806,20.90337194452288,32.69501765681784,11.255661816281552,40.19879220100554,65.39003531363568,16.615500776415622,10.183694024254738,26.79919480067036,21.43935584053629,49.846502329246874,62.17413193755524,4.287871168107258,25.727227008643546,42.87871168107258,0.04420037816049922,0.042430636334342985,0.04133506065466528,0.04137493314315132,0.04253771393182083,0.042836549118990264,0.040507039728743977,0.04198396293449514,0.0429060970807919,0.041194633493367244,0.04270909940572468
2093,49.88561054936052,22.864238168456907,50.9248941024722,33.77671547612952,22.344596391901067,34.29635725268536,25.4624470512361,47.80704344313717,9.873193754560937,39.49277501824375,58.71952075080978,25.982088827791937,10.392835531116775,35.85528258235288,30.658864816794487,59.75880430392146,48.326685219693005,5.716059542114227,42.09098390102294,44.1695510072463,0.04493416646197187,0.04552660777620028,0.042373438413061106,0.041263836636178275,0.044846236432451954,0.04426961890616245,0.04327994910621062,0.042101866006984796,0.044006789682497355,0.044302187887263006,0.04345352613517951
2094,43.96205874033169,19.364240159431816,59.13943616258906,35.5883332659828,28.78468131807432,27.214607791633902,21.457671528019038,47.62556363535933,7.850367632202087,40.29855384530405,65.41973026835073,30.878112686661545,11.513872527229728,37.68176463457002,29.831397002367932,58.09272047829545,49.195637161799745,7.327009790055282,40.29855384530405,51.28906853038697,0.04393639319472377,0.04447402888131834,0.043809269969761123,0.04411996951985822,0.04290607928692331,0.04293445414654013,0.04293072499450742,0.04288427424813516,0.04364243205742318,0.04227659115317334,0.042727940400830125
2095,45.79154699269082,22.89577349634541,40.067603618604466,34.34366024451811,21.8550565192388,36.945452687284636,23.936490473452018,47.872980946904036,9.88681128251279,37.98616966439125,62.96337711494987,26.53828291621854,10.9275282596194,37.46581117583794,31.74186780175159,69.20767897758952,47.872980946904036,5.203584885533047,40.58796210715777,49.954414901117254,0.044841259743285115,0.04569358891610384,0.041391549960225454,0.04285475345162845,0.04416244692886483,0.04342521677101234,0.04210145170263824,0.041978321147649655,0.044218176175564415,0.04489557194827639,0.04407917470144648
2096,45.892730261383015,22.155111160667662,43.2552170279702,36.39768262109687,23.21011645403279,32.70516409431893,26.375132334128168,49.58524878816096,11.605058227016395,39.56269850119225,71.21285730214606,22.155111160667662,7.385037053555887,42.20021173460507,26.90263498081073,70.15785200878094,54.86027525498659,5.802529113508197,33.76016938768406,64.35532289527274,0.04354342119110521,0.04392172996366505,0.042811288988910394,0.04417149306311938,0.04204541456459632,0.04246014273111698,0.04199990419223038,0.04286129143738536,0.043528019035158357,0.04292537924640306,0.042229268903746196
2097,47.74291852938977,21.749551774499782,44.56005729409712,33.42004297057284,22.810505519597335,32.88956609802406,28.115274245085086,53.04768725487752,13.26192181371938,40.316242313706915,68.96199343134077,20.158121156853458,6.365722470585302,42.96862667645079,27.58479737253631,68.96199343134077,56.23054849017017,5.835245598036527,32.88956609802406,66.84008594114567,0.04349124838033885,0.04347349294497762,0.042264984075430376,0.04354736602488795,0.04191445045871159,0.04278026039985832,0.041445329786246904,0.04254253313450499,0.043136315927172056,0.0424857577308904,0.042441388588205946
2098,45.34255987546033,22.671279937730166,44.28808173882172,33.21606130411629,23.19851900604947,32.16158316747767,27.943670620923225,52.19666776361131,12.653737639663348,39.01569105562866,69.06831794982911,21.089562732772247,5.799629751512367,44.28808173882172,27.943670620923225,69.06831794982911,54.30562403688853,5.799629751512367,32.688822235796984,68.01383981319049,0.04369595997953449,0.04391610317852365,0.04267729604199885,0.04381231279874435,0.04220377785997431,0.042759880068096744,0.041805781565098614,0.042793664731870164,0.04370299758995247,0.04269072311137675,0.04270243475552336
2099,47.135484823720624,21.71409975025332,43.95781168953721,32.83595571989527,23.30293631734503,32.83595571989527,27.53983382958958,51.37238233596518,13.24030472576422,39.72091417729266,68.31997238494338,21.71409975025332,5.825734079336257,44.48742387856778,28.069446018620148,70.43842114106565,56.138892037240296,5.825734079336257,32.83595571989527,66.73113581785167,0.043619882500800594,0.043474269347228284,0.042579397810970705,0.043604768979498276,0.04186522749438571,0.04253618340563639,0.04149733159180526,0.042538217790509356,0.043425558553588935,0.042631506019718,0.04261546747528961
2100,45.892730261383015,22.155111160667662,43.2552170279702,36.39768262109687,23.21011645403279,32.70516409431893,26.375132334128168,49.58524878816096,11.605058227016395,39.56269850119225,71.21285730214606,22.155111160667662,7.385037053555887,42.20021173460507,26.90263498081073,70.15785200878094,54.86027525498659,5.802529113508197,33.76016938768406,64.35532289527274,0.04354342119110521,0.04392172996366505,0.042811288988910394,0.04417149306311938,0.04204541456459632,0.04246014273111698,0.04199990419223038,0.04286129143738536,0.043528019035158357,0.04292537924640306,0.042229268903746196
2101,47.47291589284483,22.681504259914753,42.725624303560345,34.813471654752874,23.208981103168583,32.70356428173755,26.373842162691574,51.16525379562165,13.714397924599618,38.505809557529695,68.57198962299809,22.15402741666092,6.329722119045977,43.25310114681418,27.956272692453066,69.09946646625193,56.44002222815996,5.802245275792146,32.70356428173755,65.4071285634751,0.043495017398377064,0.04374638377740482,0.04289894939200101,0.0437727979919927,0.04180604399175184,0.04284058843335823,0.041768110856994244,0.04296754793519179,0.04381101084225011,0.04277245154477403,0.04264425458207262
2102,45.867229834923215,22.14280060996293,43.23118214326096,36.904667683271555,23.197219686627832,32.15978183827949,26.360476916622538,49.03048706491792,11.598609843313916,39.540715374933804,71.7004972132133,22.14280060996293,6.853723998321859,42.17676306659606,26.887686454954988,70.11886859821595,54.829791986574875,5.799304921656958,33.74141045327685,64.84677321489144,0.04375315159917349,0.043836028986344595,0.04293791092134095,0.044098602887485114,0.04194958230424279,0.042604769537606266,0.04203662572371465,0.04290069892878692,0.04345046988236698,0.04293893405929786,0.04228368683718955
2103,43.43844288108954,19.36412513976281,60.709149086823935,34.54141241146879,28.78451034289066,27.21444614236935,23.027608274312527,45.00850708161085,8.897030469620749,40.298314480046926,66.46605115540207,30.354574543411967,10.99044940364916,38.20489554601851,29.831219809904866,56.522311218767115,48.67199021616057,7.326966269099441,40.298314480046926,50.76540915018898,0.04404873492827503,0.044246528051319345,0.0435273542986037,0.044420384507453906,0.0427043115667998,0.042562007407352345,0.043145939736712234,0.04267900970025407,0.044051720698089214,0.042080888585864125,0.04317838701217334
2104,46.58744896930641,21.705515997063213,43.94043482332309,33.352378239389814,23.293724484653204,32.82297541019315,27.528947118226515,51.352074432076385,13.235070729916593,40.23461501894644,68.82236779556628,21.705515997063213,5.823431121163301,43.411031994126425,27.528947118226515,70.93997911235294,56.116699894846356,5.823431121163301,32.82297541019315,66.70475647877963,0.04353029243983189,0.04351410190791017,0.04255461902670865,0.04374867828667102,0.041916612559413736,0.042514737909481175,0.041494924314316006,0.04263089765700521,0.043474608768028555,0.04263188692166704,0.04258581101230283
2105,46.46957451835408,21.650597218778604,45.41344782475512,33.796054195166604,23.23478725917704,32.211864154768165,27.98735738037234,52.27827133314834,13.201583669986954,39.60475100996086,70.23242512433059,22.17866056557808,5.2806334679947815,42.77313109075773,27.459294033572863,68.64823508393216,54.91858806714573,5.80869681479426,32.73992750156764,66.00791834993477,0.04370967574031239,0.043713057489238545,0.04262788682661274,0.043892179673638905,0.04221157022305285,0.04262370181095325,0.04160158139347601,0.04277183730189084,0.04347091394207254,0.04267836826878638,0.04263588053048731
2106,45.76611210339516,23.40312550741798,40.04534809047077,34.32458407754637,21.84291714025678,36.92493135614837,23.92319496313838,47.84638992627676,10.40138911440799,38.485139723309565,62.408334686447944,26.523542241740376,10.92145857012839,36.92493135614837,32.24430625466477,69.68930706653354,47.84638992627676,5.200694557203995,39.525278634750364,49.40659829343796,0.044868681961485364,0.04593597207929783,0.0413046165393211,0.04282066536956179,0.044167884994991205,0.0435391123112246,0.04213417814607053,0.0418973535516151,0.044242859508840264,0.044972211425139075,0.04404700839205359
2107,45.79344270176303,23.417101381583365,40.06926236404265,33.824701995620416,21.855961289477808,36.42660214912968,23.93748141228522,47.35458279386858,11.448360675440757,37.98774224123524,62.445603684222306,26.539381565794482,10.927980644738904,37.98774224123524,32.26356190351486,69.21054408334639,47.87496282457044,5.2038003070185255,39.54888233334079,49.95648294737784,0.04465922150793141,0.04586342558550077,0.04126567928088291,0.042723509007340225,0.04407313872868748,0.04351801389548647,0.042311598566754684,0.04195380409630502,0.044141422792186864,0.0450691685337598,0.044040987303311886
2108,46.57279166047415,21.698687023630004,43.92661031612903,33.34188493874854,23.286395830237076,32.283412401010494,27.52028598118927,51.33591808029537,13.760142990594636,40.22195643404586,68.80071495297318,22.227923292499028,5.821598957559269,43.39737404726001,28.0495222500583,70.38842375958025,56.0990445001166,5.821598957559269,32.283412401010494,66.68376987749708,0.043464541345825586,0.04347929730444139,0.042611166686155624,0.043836625505901824,0.041991150934021185,0.04247237026133006,0.041463930601070655,0.04265867256871431,0.04347712097958847,0.04268785516020398,0.042620999783722587
2109,46.58744896930641,21.705515997063213,43.94043482332309,33.352378239389814,23.293724484653204,32.82297541019315,27.528947118226515,51.352074432076385,13.235070729916593,40.23461501894644,68.82236779556628,21.705515997063213,5.823431121163301,43.411031994126425,27.528947118226515,70.93997911235294,56.116699894846356,5.823431121163301,32.82297541019315,66.70475647877963,0.04353029243983189,0.04351410190791017,0.04255461902670865,0.04374867828667102,0.041916612559413736,0.042514737909481175,0.041494924314316006,0.04263089765700521,0.043474608768028555,0.04263188692166704,0.04258581101230283
2110,43.43918598923177,19.364456404838258,60.18682396098377,35.06536700335577,28.78500276394876,27.214911704097013,23.02800221115901,45.009277049083515,8.897182672493253,39.25227649629377,66.99055188700802,30.355093823800512,10.990637418962255,38.205549123059264,30.355093823800512,55.99991446804577,49.19618654202152,7.327091612641503,40.29900386952826,50.76627760187327,0.04403623406806051,0.044205936647168056,0.04347953854994516,0.044429360346047476,0.042706997838887026,0.042520597989772854,0.04320699780837144,0.04272149595299146,0.044078807175681634,0.04205083505672609,0.04319951194909807
2111,45.790008281723225,23.415345144063014,40.066257246507824,34.34250621129242,21.854322134458812,36.94421122729942,23.935686147264413,47.871372294528825,10.406820064028006,37.98489323370222,62.44092038416804,26.537391163271415,10.927161067229406,36.94421122729942,32.261142198486816,69.72569442898764,47.871372294528825,5.203410032014003,39.54591624330642,49.952736307334426,0.04485062167116031,0.04588668918333206,0.04123245814763748,0.04279671754560629,0.04414208102137767,0.04347673683798428,0.04211711212493472,0.04193122759926905,0.04417343568706613,0.04502630667033222,0.044025610309899516
2112,43.16604498312908,17.89811621251694,55.800009368435155,37.90189315591822,29.47925023238084,27.900004684217578,21.58302249156454,48.95661199306104,9.475473288979556,40.00755388680257,65.8018978401358,29.47925023238084,10.001888471700642,37.90189315591822,27.900004684217578,58.95850046476168,53.69434863755081,7.896227740816296,39.48113870408148,54.2207638202719,0.04403317534663022,0.04385451037909129,0.04364520807738101,0.04403895926612059,0.042150223527324546,0.043194491334200814,0.04321758333340465,0.04262513407153018,0.04383273319582105,0.04118426350841508,0.041808535238994214
2113,46.55199513918386,21.68899773530157,43.906995415366595,32.79799657533408,23.27599756959193,32.268996630570626,27.50799712769955,51.31299464205493,13.753998563849775,40.732995746785875,68.24099287448543,22.21799768006502,5.818999392397982,44.43599536013004,28.036997072463006,70.35699265353924,56.07399414492601,5.818999392397982,32.79799657533408,66.12499309543162,0.04363102626554702,0.04347591096315073,0.04250949166067495,0.043825782040487544,0.041932669984640396,0.042600358302018415,0.041707633543081074,0.04244423720354949,0.04362116476768738,0.04285377209707212,0.04239800840863796
2114,45.98935968196359,21.673146516787437,43.87490636325262,32.77402644002003,23.258986505820666,31.716799780664545,26.959279813564862,50.74687964906327,13.743946571621303,39.11738639615294,68.19111952842877,23.258986505820666,5.814746626455166,44.40351969293036,28.016506472920348,70.30557284713974,56.033012945840696,5.814746626455166,32.77402644002003,67.66250619875103,0.04366825586932845,0.043486898463857296,0.042579652390219005,0.04381536743600137,0.04201221512960285,0.04264107958919214,0.041799928692965976,0.04252486276344453,0.043685967452133524,0.04292945331738674,0.04224298921812572
2115,45.98935968196359,21.673146516787437,43.87490636325262,32.77402644002003,23.258986505820666,31.716799780664545,26.959279813564862,50.74687964906327,13.743946571621303,39.11738639615294,68.19111952842877,23.258986505820666,5.814746626455166,44.40351969293036,28.016506472920348,70.30557284713974,56.033012945840696,5.814746626455166,32.77402644002003,67.66250619875103,0.04366825586932845,0.043486898463857296,0.042579652390219005,0.04381536743600137,0.04201221512960285,0.04264107958919214,0.041799928692965976,0.04252486276344453,0.043685967452133524,0.04292945331738674,0.04224298921812572
2116,37.351754326601906,17.360674546167083,43.664726888844484,25.2518902489703,19.464998733581275,30.512700717505783,21.04324187414192,45.24297002940513,7.89121570280322,39.4560785140161,47.87337526367287,24.725809202116757,9.469458843363864,34.721349092334165,22.095403967849016,57.34283410703673,43.664726888844484,4.734729421681932,32.090943858066424,48.925537357379966,0.04251644774743138,0.043489022610919865,0.04340752522444677,0.04489377329257184,0.04270147122907025,0.04250279273991669,0.043557317934817825,0.042854706941559434,0.04311210037807607,0.042803849754374505,0.04207994529326733
2117,45.93404569743569,22.70303408034178,42.76618047692289,33.790562352136604,22.70303408034178,32.73460727863233,27.45483191111099,52.26977613846131,13.19943841880336,39.59831525641008,69.1650573145296,21.11910147008538,6.335730441025613,43.29415801367502,27.982809447863126,69.1650573145296,57.021573969230516,5.807752904273479,32.73460727863233,65.99719209401681,0.04379914493750685,0.04368687084615821,0.04277409680183122,0.04391261510503259,0.04191575290564095,0.04261684655255617,0.04158157251734099,0.04268744341990718,0.04366211946514361,0.04275637160945348,0.04262962908729432
2118,45.892730261383015,22.155111160667662,43.2552170279702,36.39768262109687,23.21011645403279,32.70516409431893,26.375132334128168,49.58524878816096,11.605058227016395,39.56269850119225,71.21285730214606,22.155111160667662,7.385037053555887,42.20021173460507,26.90263498081073,70.15785200878094,54.86027525498659,5.802529113508197,33.76016938768406,64.35532289527274,0.04354342119110521,0.04392172996366505,0.042811288988910394,0.04417149306311938,0.04204541456459632,0.04246014273111698,0.04199990419223038,0.04286129143738536,0.043528019035158357,0.04292537924640306,0.042229268903746196
2119,43.96205874033169,19.364240159431816,59.13943616258906,35.5883332659828,28.78468131807432,27.214607791633902,21.457671528019038,47.62556363535933,7.850367632202087,40.29855384530405,65.41973026835073,30.878112686661545,11.513872527229728,37.68176463457002,29.831397002367932,58.09272047829545,49.195637161799745,7.327009790055282,40.29855384530405,51.28906853038697,0.04393639319472377,0.04447402888131834,0.043809269969761123,0.04411996951985822,0.04290607928692331,0.04293445414654013,0.04293072499450742,0.04288427424813516,0.04364243205742318,0.04227659115317334,0.042727940400830125
2120,43.958693747136124,19.362757960048054,59.13490944555217,35.5856092238721,28.78247804872008,27.212524700608075,21.45602909086406,47.62191822606413,7.849766740560022,40.295469268208116,65.41472283800019,30.875749179536086,11.512991219488033,37.678880354688104,29.829113614128083,58.61159166284816,48.668553791472135,7.32644895785602,40.295469268208116,51.28514270499214,0.04393454910840865,0.04446930952023699,0.04382112872464332,0.04412010143376025,0.04291647182618497,0.04294312782703993,0.0429145796302026,0.04288143893650398,0.04366762289607227,0.04228070529158939,0.04273318210135619
2121,43.457554606610586,19.372644824633635,60.21227445494238,35.08019468244469,28.79717473932027,27.226419753539165,23.037739791456215,45.02830959239169,8.900944919426266,39.26887464452764,67.54246438858755,30.367929725101376,10.99528490046774,37.698119658746535,29.844344729841005,56.5471794881198,49.74057454973501,7.330189933645159,40.31604463504838,50.26415954499538,0.04398930855015721,0.0441812874344679,0.04343379567350634,0.04443667815542783,0.04269756690509364,0.042518378619230204,0.04315380599260962,0.04267583304933499,0.04409984286101863,0.042063823181426,0.04316468431735914
2122,43.958693747136124,19.362757960048054,59.13490944555217,35.5856092238721,28.78247804872008,27.212524700608075,21.45602909086406,47.62191822606413,7.849766740560022,40.295469268208116,65.41472283800019,30.875749179536086,11.512991219488033,37.678880354688104,29.829113614128083,58.61159166284816,48.668553791472135,7.32644895785602,40.295469268208116,51.28514270499214,0.04393454910840865,0.04446930952023699,0.04382112872464332,0.04412010143376025,0.04291647182618497,0.04294312782703993,0.0429145796302026,0.04288143893650398,0.04366762289607227,0.04228070529158939,0.04273318210135619
2123,42.92392253247258,19.36811138660348,60.19818403944325,35.071985483849545,28.79043584495112,27.220048435226513,23.032348675960897,45.01777241210539,8.898861988439437,39.259685243115165,67.00319614824988,30.360823254675726,10.992711868072245,38.21276030329876,29.837360784767522,57.057409219994035,49.20547217137101,7.328474578714831,40.30661018293157,50.77585958109561,0.04404260535497869,0.04423860553116871,0.04347000369607,0.04441310896829672,0.04272570922738378,0.042482382404834804,0.0431851601250495,0.042672997944629434,0.04411822409925533,0.04200409688632982,0.043184635853801064
2124,42.61342315553639,23.97005052498922,46.342097681645825,27.166057261654448,18.110704841102965,36.22140968220593,19.176040419991377,32.4927351560965,7.990016841663073,41.54808757664798,64.985470312193,17.045369262214557,9.588020209995689,26.10072168276604,22.372047156656606,49.005436628866846,60.19146020719515,4.261342315553639,26.10072168276604,42.61342315553639,0.04450619202310397,0.04267057385271639,0.04169397994679709,0.04183025944768488,0.043039023531906154,0.04308598601589779,0.04060420128898254,0.042138455643512485,0.04320819871699387,0.04149634313028283,0.04305899695791703
2125,43.95073525580683,19.35925243410539,59.124203379835386,35.57916663565315,28.777267131778284,27.207598015499467,21.45214458914381,47.61329652712407,7.848345581394077,40.288173984489596,65.92610288371024,30.870159286816705,11.510906852711313,37.67205879069157,29.823713209297495,58.07775730231617,48.65974260464328,7.325122542634472,40.288173984489596,51.27585779844131,0.04395963667597926,0.044451286939904834,0.043869358781572214,0.0441905666914386,0.04290443630977037,0.04297660351811814,0.042941361014468576,0.042834224453305314,0.04366222185906084,0.04231737135594311,0.042669893640833595
2126,42.59778025881491,23.961251395583385,46.32508603146121,27.68855716822969,18.104056609996338,36.208113219992676,19.16900111646671,32.480807447346365,7.987083798527795,41.53283575234454,64.96161489469273,17.039112103525962,9.584500558233355,26.091140408524133,22.363834635877826,48.98744729763715,60.16936461557606,4.259778025881491,26.091140408524133,42.06530800557972,0.04459898782293624,0.04269266534346733,0.04171805484308901,0.0419227664537666,0.0431996875348285,0.04297856870324678,0.040575905411058454,0.04212374000317826,0.043096287262961205,0.0415524304527482,0.04306865293353302
2127,41.20988085140056,23.013310085847067,46.026620171694134,26.759662890519845,18.196570765553496,34.252368499865405,20.87253705460548,32.64678872643421,10.168671898397541,41.20988085140056,64.75838419505803,16.590990992122304,10.168671898397541,26.759662890519845,21.942923570226274,49.772972976366916,62.61761116381644,4.281546062483176,26.224469632709447,43.35065388264215,0.044233156803815205,0.042547597640171915,0.04137475957918886,0.04132889310936988,0.04289327314875971,0.04298068678376397,0.04040178404949333,0.04196655805780847,0.043038072140576034,0.04131988211763912,0.04272207875901665
2128,40.11090209626568,22.99691720185899,45.45902237576777,26.740601397510453,18.183608950307107,34.76278181676359,20.322857062107946,32.62353370496275,10.161428531053973,41.715338180116305,64.7122553819753,17.11398489440669,10.161428531053973,27.275413425460663,21.927293145958572,49.737518599369444,63.10781929812467,4.278496223601673,26.205789369560243,42.784962236016725,0.044270361611848906,0.042644525224856886,0.041476214305871416,0.04139557712160495,0.04286746452036384,0.04301631193654416,0.04047341807261588,0.04186879931563344,0.04303913544316287,0.04137391000013266,0.04276225449715606
2129,40.09196456919556,22.986059686338788,44.90300031749903,27.262535907052982,18.17502393803532,34.74636929330282,20.313262048392417,32.608131182945726,10.156631024196209,41.69564315196338,64.68170283830217,17.105904882856773,10.156631024196209,27.262535907052982,21.91694063116024,49.714036065802496,63.07802425553435,4.276476220714193,26.19341685187443,42.764762207141935,0.044298772979026804,0.04265930252675666,0.041551692735702125,0.04143657883435993,0.04293129677364374,0.043040047205003526,0.04041823955287871,0.04191642561593382,0.043046883314319564,0.04143778603074201,0.04270344684235891
2130,40.612429316231065,22.978085007867577,44.887421875834335,27.253077567470847,18.168718378313898,34.73431454677657,20.306214658115533,32.596818266974935,10.153107329057766,41.681177456131884,64.65926246399945,17.09997023841308,10.153107329057766,27.253077567470847,21.909336867966758,49.696788505388014,62.52176618419782,4.27499255960327,26.184329427570027,42.749925596032696,0.044272626136853184,0.042634474349119295,0.04157174379614001,0.041417244950852104,0.04301394665884242,0.04306261663149879,0.04043595066984591,0.04201338559469426,0.043041420360991095,0.04147045438332435,0.04269206651742995
2131,42.32280275457847,21.161401377289234,41.29053927275948,33.03243141820759,19.613006154560754,29.41950923184113,22.709796600017714,38.709880568212014,9.806503077280377,42.83893449548796,54.70996453640631,29.41950923184113,7.741976113642402,39.742144050031,26.838850527293662,52.129305831858844,51.61317409094935,6.193580890913922,28.387245750022142,44.903461459125936,0.04586153083084848,0.04650563956074988,0.04281861356200605,0.04361683402356487,0.04346794127869963,0.04331372630810112,0.043207045383040536,0.04451420246115628,0.04375339888285065,0.04299531251278256,0.043814014286706365
2132,45.393841171208244,22.169085223148212,43.81033508384051,36.42064000945778,23.22475594806003,32.725792472266406,26.39176812279549,49.61652407085552,11.612377974030014,40.11548754664914,71.25777393154782,21.6412498606923,7.389695074382737,42.22682899647278,26.9196034852514,70.202103206636,54.894877695414614,5.806188987015007,33.781463197178226,64.39591421962099,0.04347921334599781,0.043856703636859715,0.04280451255479606,0.0440414957287428,0.04197077220922447,0.04244512960571484,0.042033256654741454,0.0429200580021205,0.04344553114232575,0.04297921341806015,0.0421887512455066
2133,45.402963402448506,22.173540266312063,43.81913909771193,36.427959008941244,23.229423136136447,32.7323689645559,26.397071745609598,49.62649488174604,11.614711568068223,39.5956076184144,71.2720937131459,21.64559883139987,7.391180088770687,42.23531479297536,26.92501318052179,70.74415227823373,54.90590923086796,5.807355784034112,33.78825183438028,64.40885505928742,0.04345510211161809,0.04382953025053202,0.04275816267682134,0.04411561246401234,0.04197920654920423,0.042429445738318985,0.041983380060290974,0.04288947316064194,0.04342229526465133,0.043001080943830226,0.042195275867886586
2134,43.44415149695827,19.366669944427183,60.19370388132773,35.069375304773544,28.788293160635,27.218022624600366,23.030634528508,45.01442203299291,8.898199704196273,39.25676340086591,66.99820953747782,30.358563696669638,10.991893752242454,38.20991637684282,29.83514018465809,56.52973929724691,49.72523364109682,7.327929168161637,40.303610424889,50.24865715310836,0.04400320727053042,0.0441789837318186,0.043454196561680786,0.044430467007518425,0.042711521664471425,0.042535089973423236,0.0432065489191955,0.04268584961007141,0.04411072058044754,0.04204525150904423,0.04321465116025296
2135,43.98285313182001,19.37339959377786,59.69101496461287,35.08156142657072,28.798296693453576,27.227480510174292,21.467821171483575,47.64809089280501,7.8540809163964305,40.31761537083501,65.45067430330359,30.892718271159293,11.519318677381431,37.699588398702865,29.845507482306434,58.120198781333585,49.21890707608429,7.330475521970001,40.31761537083501,51.31332865379001,0.043881633455479616,0.044436314006503004,0.04377310076736592,0.04412016995918865,0.04288012052114025,0.042901898224817596,0.04292767794700259,0.04288104736403812,0.0436109286362886,0.04229618997460462,0.04268552471714237
2136,43.424014987520934,22.5161559194553,45.56841078937382,26.804947523161072,18.22736431574953,33.77423387918295,20.907859068065637,32.702035978256504,10.721979009264428,40.207421284741606,66.47626985743946,16.619067464359865,10.185880058801207,26.804947523161072,21.980056968992077,49.32110344261637,62.18747825373369,4.288791603705771,25.73274962223463,42.887916037057714,0.04419519141933038,0.042291252541749584,0.04133163493668489,0.04143545660759349,0.04255236968160901,0.04287856968337321,0.04051588575333711,0.041905789053119626,0.04286838288798805,0.041197328489563464,0.042729188482429875
2137,41.726053292652445,21.38460231248438,54.76544494660634,34.945569632596424,28.686661638698556,29.72981297101487,21.38460231248438,46.941809954234,8.345210658530489,43.290780291126914,64.15380693745314,23.470904977117,7.823634992372334,39.639750628019826,27.643510306382247,61.54592860666236,49.54968828502478,8.345210658530489,39.639750628019826,50.071263951182935,0.04468715977122063,0.04494336043833327,0.04418119460737097,0.04435666068753234,0.043488211269481436,0.04336308774597848,0.043598352612137785,0.041927665008259944,0.04391345193611922,0.041536764916729564,0.04242842484868077
2138,41.726053292652445,21.38460231248438,54.76544494660634,34.945569632596424,28.686661638698556,29.72981297101487,21.38460231248438,46.941809954234,8.345210658530489,43.290780291126914,64.15380693745314,23.470904977117,7.823634992372334,39.639750628019826,27.643510306382247,61.54592860666236,49.54968828502478,8.345210658530489,39.639750628019826,50.071263951182935,0.04468715977122063,0.04494336043833327,0.04418119460737097,0.04435666068753234,0.043488211269481436,0.04336308774597848,0.043598352612137785,0.041927665008259944,0.04391345193611922,0.041536764916729564,0.04242842484868077
2139,45.241348514667706,23.146736449364873,42.611037554512606,35.77222905810935,23.146736449364873,32.08979371389221,26.829171793582013,49.975908242946886,11.573368224682437,40.50678878638853,70.49233373215667,22.094612065302833,6.312746304372238,42.084975362481586,27.355233985613033,69.44020934809463,54.710467971226066,5.786684112341218,33.14191809795425,65.23171181184647,0.04373057693426295,0.04390062286210251,0.043111991123807605,0.04392865031940761,0.04229468405834006,0.042698156960213215,0.04229299590466794,0.042914231463988435,0.043388237974031865,0.04313917628813931,0.042538484080018486
2140,46.376585419422646,22.134279404724445,42.68753885196857,36.3634590220473,23.188292709711323,32.674412454593224,26.350332624671957,49.01161868188984,11.594146354855662,39.52549893700794,71.14589808661428,22.661286057217882,7.3780931349081476,42.68753885196857,26.877339277165397,69.56487812913396,54.80869185931767,5.797073177427831,33.728425759580105,64.29481160419958,0.04356399334412891,0.04391896278322122,0.042951879749133996,0.04413538177250388,0.04215189056718114,0.04263062479798755,0.04219307534196929,0.04293645302432424,0.043367042821652976,0.04283460469154932,0.0423094386129084
2141,45.39958854603014,22.171892080619372,43.815881968843044,36.953153467698954,23.22769646541077,32.72993592853336,26.395109619784964,49.09490389280003,11.613848232705385,39.59266442967745,71.2667959734194,21.643989888223672,7.390630693539791,42.76007758405164,26.923011812180665,70.7388937810237,54.90182800915273,5.806924116352692,33.25783812092906,64.40406747227532,0.043420860941844414,0.04386482537836824,0.04280057003004713,0.04407833629639069,0.04200406841264004,0.04240136731763312,0.041999839461506185,0.042865346256758016,0.0434594722938589,0.04304031375487959,0.042162807460374485
2142,37.23870959217768,16.78364375985473,44.58155373711413,24.650976772286633,18.88159922983657,30.94484318223216,22.028532434809332,44.057064869618664,7.867333012431905,41.434620532141366,50.350931279564186,26.224443374773013,9.440799614918285,35.6652429896913,23.077510169800252,51.92439788205057,45.106042604609584,5.244888674954603,32.51830978471854,45.106042604609584,0.04201689314354995,0.04425662436773064,0.043469372339328564,0.04442469910645845,0.04305603510292412,0.04187344554170381,0.04383304216589551,0.04331583943199888,0.04351213006034201,0.04366809072106161,0.042084960523546155
2143,41.726053292652445,21.38460231248438,54.76544494660634,34.945569632596424,28.686661638698556,29.72981297101487,21.38460231248438,46.941809954234,8.345210658530489,43.290780291126914,64.15380693745314,23.470904977117,7.823634992372334,39.639750628019826,27.643510306382247,61.54592860666236,49.54968828502478,8.345210658530489,39.639750628019826,50.071263951182935,0.04468715977122063,0.04494336043833327,0.04418119460737097,0.04435666068753234,0.043488211269481436,0.04336308774597848,0.043598352612137785,0.041927665008259944,0.04391345193611922,0.041536764916729564,0.04242842484868077
2144,42.8589998575913,21.42949992879565,54.35775591694507,34.49626817806129,29.269560878355037,30.31490233829629,21.42949992879565,46.51769496738568,8.362731679530011,38.6776340178263,65.85651197629883,24.04285357864878,8.362731679530011,39.20030474779692,27.70154868844316,60.10713394662195,52.26707299706256,8.362731679530011,39.20030474779692,51.74440226709194,0.044866327376043964,0.044465714944410886,0.04415182086239107,0.04443735283924517,0.04310728008232449,0.04377797958745404,0.04327615085942153,0.0418587083933988,0.04372717953259351,0.04132909907793451,0.042331656474156425
2145,39.54592305154652,28.618760103092875,50.99342709278366,33.30182993814444,22.37466698969079,29.13910119587638,23.935690268041313,47.351039443299115,8.845798577319615,39.54592305154652,63.48161331958783,17.171256061855726,11.44750404123715,32.781488845360926,27.57807791752586,58.79854348453627,54.115473649484706,7.284775298969095,35.38319430927846,71.28672971134043,0.04561227427845878,0.044417455524025866,0.04269587440558553,0.04440285491437647,0.0434601057137745,0.044626669782398654,0.04266103649448597,0.042744943511015564,0.04376098053411784,0.042759277220732576,0.04251743483752145
2146,39.54592305154652,28.618760103092875,50.99342709278366,33.30182993814444,22.37466698969079,29.13910119587638,23.935690268041313,47.351039443299115,8.845798577319615,39.54592305154652,63.48161331958783,17.171256061855726,11.44750404123715,32.781488845360926,27.57807791752586,58.79854348453627,54.115473649484706,7.284775298969095,35.38319430927846,71.28672971134043,0.04561227427845878,0.044417455524025866,0.04269587440558553,0.04440285491437647,0.0434601057137745,0.044626669782398654,0.04266103649448597,0.042744943511015564,0.04376098053411784,0.042759277220732576,0.04251743483752145
2147,41.726053292652445,21.38460231248438,54.76544494660634,34.945569632596424,28.686661638698556,29.72981297101487,21.38460231248438,46.941809954234,8.345210658530489,43.290780291126914,64.15380693745314,23.470904977117,7.823634992372334,39.639750628019826,27.643510306382247,61.54592860666236,49.54968828502478,8.345210658530489,39.639750628019826,50.071263951182935,0.04468715977122063,0.04494336043833327,0.04418119460737097,0.04435666068753234,0.043488211269481436,0.04336308774597848,0.043598352612137785,0.041927665008259944,0.04391345193611922,0.041536764916729564,0.04242842484868077
2148,46.38967929162057,22.14052875281891,42.69959116615075,36.373725808202494,23.194839645810283,32.68363768273267,26.884927771280104,49.02545652409901,11.597419822905142,39.536658487176624,71.16598527691792,22.14052875281891,7.380176250939636,42.69959116615075,26.884927771280104,69.58451893743086,54.82416643555158,5.798709911452571,33.73794857572405,64.31296447247396,0.043577921345606264,0.04392515064987457,0.0429205922208718,0.0441113319448823,0.0421235800752254,0.04261365500261081,0.04215388396487419,0.042919834232783935,0.043363421659070076,0.04284096236426567,0.042294220044246704
2149,42.87789600113034,21.43894800056517,54.38172175753116,34.511477269202466,29.282465561747546,30.32826790323853,21.43894800056517,46.53820419634878,8.36641873192787,38.17178546442091,65.88554751393198,24.053453854292627,8.36641873192787,39.2175878059119,27.71376204951107,60.13363463573157,52.813018245294685,8.36641873192787,39.2175878059119,51.7672159038037,0.0448087958050556,0.04448914116540704,0.04412003333928623,0.044405653069430576,0.04309053574822072,0.043736314247215906,0.0432427876839734,0.04185216084330286,0.04371460976226814,0.04129475987931718,0.042344037711030465
2150,44.448701013914445,19.348258088409818,60.136477842354836,35.03603491685021,28.760924185474053,27.192146502630013,23.008739348379244,44.971626908195795,8.889740202782889,39.74236796538233,67.45744036229368,30.329701868318093,10.981443779908275,38.17359028253829,29.806775974036746,55.95307068810407,48.63210816816522,7.32096251993885,40.26529385966367,49.67795995672791,0.044093625015481246,0.04417925772170498,0.04355434990453695,0.04446967132293223,0.04274358087033398,0.04258516003236503,0.043279619259520494,0.04264739452099396,0.04418707286900197,0.042076880944794975,0.04325749325698776
2151,41.726053292652445,21.38460231248438,54.76544494660634,34.945569632596424,28.686661638698556,29.72981297101487,21.38460231248438,46.941809954234,8.345210658530489,43.290780291126914,64.15380693745314,23.470904977117,7.823634992372334,39.639750628019826,27.643510306382247,61.54592860666236,49.54968828502478,8.345210658530489,39.639750628019826,50.071263951182935,0.04468715977122063,0.04494336043833327,0.04418119460737097,0.04435666068753234,0.043488211269481436,0.04336308774597848,0.043598352612137785,0.041927665008259944,0.04391345193611922,0.041536764916729564,0.04242842484868077
2152,42.8589998575913,21.42949992879565,54.35775591694507,34.49626817806129,29.269560878355037,30.31490233829629,21.42949992879565,46.51769496738568,8.362731679530011,38.6776340178263,65.85651197629883,24.04285357864878,8.362731679530011,39.20030474779692,27.70154868844316,60.10713394662195,52.26707299706256,8.362731679530011,39.20030474779692,51.74440226709194,0.044866327376043964,0.044465714944410886,0.04415182086239107,0.04443735283924517,0.04310728008232449,0.04377797958745404,0.04327615085942153,0.0418587083933988,0.04372717953259351,0.04132909907793451,0.042331656474156425
2153,42.87789600113034,21.43894800056517,54.38172175753116,34.511477269202466,29.282465561747546,30.32826790323853,21.43894800056517,46.53820419634878,8.36641873192787,38.17178546442091,65.88554751393198,24.053453854292627,8.36641873192787,39.2175878059119,27.71376204951107,60.13363463573157,52.813018245294685,8.36641873192787,39.2175878059119,51.7672159038037,0.0448087958050556,0.04448914116540704,0.04412003333928623,0.044405653069430576,0.04309053574822072,0.043736314247215906,0.0432427876839734,0.04185216084330286,0.04371460976226814,0.04129475987931718,0.042344037711030465
2154,47.24460626166641,21.76436917672273,47.24460626166641,35.03532599179756,23.35688399453171,30.788619810973618,26.541913630149672,51.49131244249036,10.085927179456874,40.874546990430495,74.31735816441908,22.295207449325723,6.900897543838914,38.75119390001852,27.072751902752664,69.53981371099214,54.67634207810832,5.8392209986329275,33.97364944659158,64.7622692575652,0.04343816411291747,0.04343473372124892,0.04193997960883884,0.04356570054498067,0.04210268252114369,0.04280463712125798,0.041045219024829036,0.042520269947143606,0.043367223081115056,0.04252761045194794,0.04241550726158343
2155,46.88013895084865,24.75692731112232,46.353395816569446,34.765046862427084,23.703441042563924,30.0243586539143,26.86389984823911,51.09408402508223,10.534862685583965,41.085964473777466,71.11032312769177,20.542982236888733,6.847660745629577,38.452248802381476,26.86389984823911,67.42312118773738,54.25454283075742,5.794174477071181,33.71156059386869,65.84289178489978,0.043798811511710604,0.043830954801565875,0.042543746322558154,0.044059177248711334,0.04224970666198529,0.04318290651871519,0.04135572593367905,0.04296105051378129,0.043717113169945435,0.04273221075251695,0.042825462285632616
2156,47.15377047502054,22.78215876883015,49.273041058167536,34.96796462192535,23.3119764146169,30.19960580984462,26.490882289337385,50.332676349741035,10.596352915734954,40.795958725579574,73.64465276435793,21.722523477256654,6.88762939522772,39.20650578821933,27.02069993512413,68.87629395227721,53.51158222446152,5.827994103654225,33.908329330351854,64.63775278598322,0.04341683818331255,0.04350580111769461,0.042314264600176,0.04370605277639569,0.04177989511515291,0.04307425567174327,0.04117567139724879,0.042812933574066334,0.0434728188695004,0.042348615921648236,0.04257520698631355
2157,47.41039529366457,24.7587619866915,46.35683095380536,34.76762321535402,23.705197646832286,30.02658368598756,26.865890666409925,51.09787048317182,10.535643398592127,41.08900925450929,70.58881077056725,20.544504627254646,6.848168209084883,38.45509840486126,26.865890666409925,67.95489992091922,53.73178133281985,5.79460386922567,33.71405887549481,65.84777124120079,0.04380364522233876,0.043822777289439466,0.04259665832481207,0.044081744905147865,0.0422165324767406,0.043181134821076446,0.04139279759335927,0.042899560352759894,0.04364652090911471,0.04274950304085527,0.042826955134749246
2158,47.214147073829444,22.2808334505712,47.214147073829444,35.012738279469026,23.34182551964602,30.238273968632342,26.524801726870475,51.45811535012872,10.60992069074819,40.84819465938053,74.26944483523734,21.75033741603379,6.896448448986324,38.7262105212309,27.055297761407886,68.96448448986324,55.17158759189059,5.835456379911505,33.95174621039421,64.72051621356397,0.04341424980613215,0.043481765936993266,0.04200919001424263,0.04363225090929607,0.04208076469464929,0.04280714923614408,0.041116946101602436,0.042593320625192804,0.04338292206514319,0.042542814420998554,0.04244259165219608
2159,47.15377047502054,22.78215876883015,49.273041058167536,34.96796462192535,23.3119764146169,30.19960580984462,26.490882289337385,50.332676349741035,10.596352915734954,40.795958725579574,73.64465276435793,21.722523477256654,6.88762939522772,39.20650578821933,27.02069993512413,68.87629395227721,53.51158222446152,5.827994103654225,33.908329330351854,64.63775278598322,0.04341683818331255,0.04350580111769461,0.042314264600176,0.04370605277639569,0.04177989511515291,0.04307425567174327,0.04117567139724879,0.042812933574066334,0.0434728188695004,0.042348615921648236,0.04257520698631355
2160,47.206681661781474,22.27731044713283,49.32833027579412,35.00720213120873,23.338134754139155,30.233492749680266,26.52060767515813,50.91956673630361,10.608243070063251,40.84173581974352,73.7272893369396,21.746898293629666,6.895357995541113,39.250499359234034,27.051019828661293,68.95357995541114,53.57162750381942,5.834533688534789,33.94637782420241,64.71028272738583,0.04345662223245604,0.04343327063626249,0.04210644045123774,0.04366115820465591,0.041998093066540496,0.042861127130449254,0.041033034894992146,0.04264310629287143,0.043431172373140085,0.0424861123434802,0.04247770887075166
2161,46.05435127818882,22.233135099815293,44.466270199630586,33.87906300924235,23.291855818854117,32.82034229020353,27.52673869500941,51.34795487338294,12.70464862846588,40.760747682994705,69.87556745656235,21.17441438077647,6.35232431423294,42.34882876155294,28.056099054528822,70.40492781608175,55.05347739001882,5.822963954713529,32.82034229020353,66.69940529944587,0.043408886580114,0.04360428004825071,0.04275025576232456,0.04365423954764463,0.04189859359357583,0.04242981471560383,0.04132344253779341,0.042733121468903956,0.04356739538203978,0.04271594065405147,0.04255367019028605
2162,45.4063852215501,22.175211387268654,43.82244155103091,35.90272319843496,23.231173834281446,32.73483585739658,25.87107995181343,50.15821623310767,11.615586917140723,40.12657298648614,71.80544639686993,22.175211387268654,6.8637559055831545,41.71051665700533,26.927042398826224,69.69352150284435,55.43802846817164,5.8077934585703614,33.79079830440938,64.94169049128678,0.043487138474507026,0.04385615402541474,0.04277608481469019,0.04414270169844721,0.0419906806704969,0.042602364315309095,0.0418626050761646,0.04288454275587565,0.04342879446376196,0.04272188590845375,0.042265824290482285
2163,55.95203297613638,22.485396429662284,47.58537383951786,33.46663654647409,21.962480233623626,31.374971762319465,24.054145017778257,46.016625251401884,7.843742940579866,44.44787666328591,56.997865368213695,23.5312288217396,13.072904900966444,41.310379487053964,28.760390782126176,59.61244634840698,53.86036819198175,8.366659136618523,28.760390782126176,64.3186921127549,0.04518168834333741,0.04370664016223123,0.04394860820526406,0.04387310194936556,0.04196885048469409,0.04406893322862597,0.04218774976848652,0.04286254999876191,0.04379253783296052,0.043884339315693556,0.04160880467192137
2164,45.52456007363032,22.232924687121784,44.46584937424357,32.8200316809893,23.29163538650854,32.8200316809893,27.526478184055545,51.87682426995083,12.70452839264102,40.231006576696565,68.28684011044548,21.174213987735033,5.822908846627135,43.40713867485682,28.585188883442296,71.46297220860573,56.11166706749784,5.822908846627135,32.29067633129593,67.22812941105873,0.04353698169454935,0.04338398987063509,0.042521524545062805,0.043749008442029745,0.04207580745441014,0.042548987755594465,0.04165462766443516,0.042586660529815495,0.043333973334633985,0.04260649882338395,0.04264659019207403
2165,42.120747799842235,22.360396980163163,54.080960138069045,34.32060931838997,28.600507765324977,30.680544693712246,21.320378515969526,46.8008308887136,7.280129249355449,41.60073856774542,65.52116324419903,23.920424676453617,8.320147713549083,39.52070163935815,26.520470836937704,60.841080155327674,50.44089551339132,8.320147713549083,39.00069240726133,49.9208862812945,0.04477844102854535,0.04545667494834085,0.04433006068112672,0.04465764538082713,0.04344846917767541,0.043554450376423894,0.0434169168914781,0.04239701218872791,0.04358213884557151,0.04160758193509874,0.04276137644936672
2166,46.048852640212615,21.701183428146177,43.93166401307641,32.81642372061129,23.289074898498335,31.228532250259132,25.9355606824186,50.81252705126909,13.232428919601327,39.16798960201993,68.8086303819269,22.75977774171428,5.822268724624584,43.40236685629235,28.052749309554812,70.39652185227907,56.105498619109625,5.822268724624584,32.81642372061129,66.16214459800663,0.04354479225552906,0.0433525358540214,0.042589465002076485,0.04381633799118671,0.04200102974116128,0.04258147201441534,0.04167873883944668,0.04249889388159935,0.043642528110322334,0.042707967390002446,0.04228908213618588
2167,46.09681745220674,21.723787534948006,44.5072720228203,32.320757064190936,23.313332964334442,31.26106011126664,25.962575346645178,50.86545374036606,13.246211911553662,39.20878725819884,69.41015041654119,22.783484487872297,5.828333241083611,42.91772659343386,28.081969252493764,70.46984736946548,56.16393850498753,5.828333241083611,32.85060554065308,66.2310595577683,0.043498412818091005,0.043285396618476815,0.04253596615938348,0.04374964474038051,0.041935585637752425,0.04253079048494756,0.04158799472516876,0.042521356460040106,0.043589859230089095,0.042687789158933495,0.04222872750459027
2168,46.53077566696643,21.679111390291176,43.8869815949797,33.84056412143013,23.265387833483214,32.25428767823809,26.966699534264635,51.289604996542536,13.218970359933644,40.18566989419828,69.26740468605229,22.207870204688522,6.345105772768149,43.35822278058235,27.49545834866198,70.32492231484699,55.5196755117213,5.816346958370803,32.783046492635435,66.62361061406557,0.043546336815247465,0.043513618616385405,0.04261495468561808,0.043876700545779884,0.04192538336078749,0.04256166406575583,0.04161249435185775,0.04269527083944237,0.043519736452569464,0.04272086514200352,0.04265416072720688
2169,42.17987088628984,22.958663900132443,45.917327800264886,26.162198397825343,17.619439737310945,33.63711222577544,20.822974235003844,33.103189809493294,9.610603493078697,40.57810363744339,65.13853478642228,17.619439737310945,10.144525909360848,26.696120814107495,22.958663900132443,48.05301746539349,61.935000288729384,4.271379330257199,26.162198397825343,43.78163813513629,0.0443322325980077,0.042492818173606076,0.04132731955299895,0.04187133744725096,0.04296299495726139,0.04322303952956413,0.04062815024107789,0.042210827026116844,0.042860618340903635,0.04128286920454503,0.0428853766465175
2170,41.68019617939949,23.511905537097146,45.95508809523533,26.71807447397403,18.168290642302342,34.73349681616624,20.305736600220264,32.59605085824832,10.152868300110132,41.14583468992001,64.65774022701716,16.5652061738639,10.152868300110132,26.71807447397403,21.908821068658703,49.16125703211222,62.52029426909923,4.274891915835845,26.183712984494548,42.74891915835845,0.04432298197056547,0.042658357977232934,0.041523549037259314,0.04151360336147086,0.042954836349979035,0.04317613708517696,0.04023557238524507,0.04208435333901304,0.04315354077358847,0.04111269680384802,0.0429028814371402
2171,42.07930777104901,22.065978465306188,44.64511922050322,36.94768487214059,20.013329305742822,27.197601364214602,22.065978465306188,39.5134963215948,7.184272058471782,39.5134963215948,52.34255356886584,30.27657510355965,9.236921218035148,43.10563235083069,31.816061973232177,49.77674211941163,47.724092959848264,5.644785188799257,25.658114494542076,47.724092959848264,0.04543147472696625,0.04608047664447909,0.04268442873388755,0.04434613193516921,0.04469053556672505,0.04437967301212797,0.04264327107751931,0.04416608302657333,0.043946446776501114,0.04399675208296756,0.04447243652624197
2172,46.59870559997974,21.710760563626923,43.42152112725385,33.889967709076174,23.29935279998987,32.83090621816754,27.535598763624392,51.36448230906858,13.23826863635788,39.71480590907364,69.36852765451529,21.710760563626923,5.824838199997467,42.89199038179953,28.06512950907871,70.95711989087825,56.13025901815742,5.824838199997467,32.83090621816754,66.72087392724372,0.043456261818336624,0.04355057553282075,0.04253301880863457,0.043753169549228664,0.04191066490055965,0.04255347841178909,0.0415283634559794,0.04265301753090345,0.04339621335935612,0.042572074241969335,0.04256241693610712
2173,46.171799086095,21.75912370724017,44.5796680831262,33.43475106234465,23.351254710208963,33.43475106234465,26.00480638182362,51.47890242932431,13.267758358073275,39.803275074219826,70.05376413062689,21.228413372917238,5.837813677552241,42.98753708015741,27.066227050469482,71.11518479927275,56.786005772553615,5.837813677552241,32.90404072802172,67.93092279333517,0.04339014323175581,0.04335794109008646,0.04245553851350043,0.04347822526224548,0.042018087130825506,0.0424246748162754,0.041291908954519944,0.042449679730142416,0.04343910954642003,0.04261832726092586,0.042366030140371526
2174,47.04609619929022,22.201528543485274,45.460272731898414,33.30229281522791,23.258744188413143,32.773684992763975,26.95899894566069,51.2749587790017,12.686587739134442,39.64558668479513,68.71901692031156,21.144312898557402,5.814686047103286,43.345841442042676,28.016214590588557,69.2476247427755,54.97521353624925,5.814686047103286,32.773684992763975,68.19040909784762,0.04361505687335886,0.04371633913894002,0.042551129533956844,0.04380210459299151,0.04201911243520218,0.04244537788528043,0.04163613783716016,0.04266547473916103,0.043605099974731054,0.04253999290849637,0.04279635161678658
2175,46.59138149589287,21.707348196950086,43.94414391089896,33.355193570923305,23.295690747946434,32.825746053924526,27.531270883936696,51.356409148881916,13.236187924969565,40.238011291907476,68.82817720984174,21.707348196950086,5.8239226869866085,43.41469639390017,28.060718400935478,70.41651976083809,56.121436801870956,5.8239226869866085,32.825746053924526,66.71038714184661,0.043508287278460324,0.04350317256650874,0.04256310329047954,0.043758698418179164,0.04192303125303942,0.04249891220986719,0.04149184649680168,0.04261983018179354,0.04347199582790542,0.04262848916933058,0.042585116308851687
2176,46.568420036288366,21.696650244179807,45.51004685364545,32.80956866193044,23.284210018144183,32.80956866193044,27.517702748715852,51.86028594950295,13.758851374357926,40.21818094043086,68.79425687178963,22.225836835501266,6.350239095857504,43.393300488359614,28.04688934003731,70.381816645754,53.44784572346733,5.821052504536046,32.28038207060898,66.6775105065038,0.04345955993822108,0.043579279174752066,0.042516849685650115,0.043813749690379745,0.04198210051179761,0.04245364857348128,0.04143752356903731,0.04262874184111522,0.04363336264818391,0.042803358619259456,0.04250523442666351
2177,46.568420036288366,21.696650244179807,45.51004685364545,32.80956866193044,23.284210018144183,32.80956866193044,27.517702748715852,51.86028594950295,13.758851374357926,40.21818094043086,68.79425687178963,22.225836835501266,6.350239095857504,43.393300488359614,28.04688934003731,70.381816645754,53.44784572346733,5.821052504536046,32.28038207060898,66.6775105065038,0.04345955993822108,0.043579279174752066,0.042516849685650115,0.043813749690379745,0.04198210051179761,0.04245364857348128,0.04143752356903731,0.04262874184111522,0.04363336264818391,0.042803358619259456,0.04250523442666351
2178,46.37000686588495,22.131139640536002,42.15455169625905,36.88523273422667,23.185003432942477,32.669777564600764,26.346594810161907,49.53159824310438,11.592501716471238,39.51989221524286,71.13580598743715,22.131139640536002,7.3770465468453335,42.681483592462286,26.873526706365144,69.55501029882744,54.80091720513676,5.796250858235619,33.72364135700724,64.28569133679505,0.04373114704983879,0.044009498340811984,0.04290088122019763,0.04406626158721881,0.04206241235198963,0.04252425036486174,0.042077858263730915,0.04288148045943542,0.04349761220239527,0.04297726578703977,0.04233943616924186
2179,46.587510257548466,21.705544551812356,43.94049262927867,33.35242211619947,23.293755128774233,32.82301859054551,28.058386859659873,51.352141988434106,13.235088141348998,40.76407147535491,68.82245833501479,21.176141026158394,5.823438782193558,43.41108910362471,28.058386859659873,70.41066891197666,55.587370193665784,5.823438782193558,32.82301859054551,66.70484423239894,0.04351326925218587,0.04353716041206695,0.04261724805512209,0.04374750345335571,0.04191554774170422,0.04244270668055076,0.04151944467528122,0.04266914935131191,0.04347626608700227,0.04258550806920397,0.042572670568255186
2180,46.076346624610416,21.714140363322148,43.95789390623752,33.36563031437306,23.302979902101818,32.83601713477984,27.539885338847604,51.37247842054265,13.240329489830579,40.250601649084956,68.32010016752578,21.714140363322148,5.8257449755254544,43.428280726644296,28.59911169803405,70.9681660654919,56.138997036881655,5.8257449755254544,32.83601713477984,66.73126062874611,0.04348166373446634,0.04349916541636142,0.04264355417570728,0.04370169003483422,0.04187879940484804,0.042485660152127264,0.04144832735596156,0.042598265100227094,0.0434385510867531,0.04258141292639474,0.042629731019095736
2181,47.05103283170299,22.20385819024186,44.40771638048372,34.3631138658505,23.261184770729567,32.77712399511894,26.433164512192693,51.28033915365382,12.687918965852493,40.707073348776746,68.726227731701,21.146531609754152,5.815296192682392,43.87905309023987,28.019154382924253,69.78355431218871,55.50964547560466,5.815296192682392,32.248460704875086,66.61157457072558,0.04357034388403066,0.04360489399420511,0.04259135102685588,0.043762217591032986,0.04197577921851275,0.04266925807118398,0.041628503714332,0.04262523015689513,0.04358717479745338,0.04251158825119867,0.042810369050445704
2182,46.65044598377606,21.734866878804752,44.52997116633169,33.92759707910986,23.32522299188803,32.86735967038768,26.505935218054578,51.42151432302588,13.252967609027289,40.81914023580405,69.44555027130299,21.20474817444366,5.831305747972007,43.9998524619706,28.096291331137852,69.97566897566408,56.192582662275704,5.831305747972007,32.337240966026584,66.79495674949753,0.04342497218301628,0.04341140855331859,0.042432574722092116,0.04372789600395359,0.04175082788057069,0.042585660627344625,0.04134485597687547,0.04254147113779949,0.04353472528358029,0.04249581495997726,0.04263108831038018
2183,42.62590992097075,23.977074330546046,45.822853165043554,27.17401757461885,18.11601171641257,36.23202343282514,19.181659464436837,32.502256314740194,7.992358110182015,41.02743829893434,65.00451262948039,17.0503639683883,9.590829732218419,26.108369826594583,22.378602708509643,49.55262028312849,60.20909776337118,4.262590992097075,26.108369826594583,42.62590992097075,0.04454961526054988,0.04268773914772063,0.04164102981535877,0.041807724221951656,0.042878676829370826,0.04310221542724634,0.04056225061024211,0.04217732638176836,0.04332338602442071,0.04144492799940689,0.04300123426982948
2184,45.41522770639861,22.17952981010165,42.24672344781266,34.85354684444545,23.235697896296962,32.74121067205481,26.93228619798057,50.69606813737519,12.14593299124614,39.07821918922671,72.34751390437918,22.17952981010165,6.337008517171899,41.718639404715,27.46037024107823,69.7070936888909,55.976908568351774,5.8089244740742405,33.797378758250126,65.48242134410962,0.043412747640007555,0.04369468274994576,0.04270015238628899,0.043979724472248696,0.041909640646914464,0.042824085832778074,0.042123670288857926,0.042939755372287,0.0433238045643472,0.042730934721690976,0.04227675822697515
2185,45.98603794181374,21.671581099015672,41.7574367517619,35.943110115440625,22.72873139652863,33.30023437165823,25.90018228906751,51.80036457813502,11.628653272642556,39.1145610079795,73.47194567715069,21.671581099015672,5.814326636321278,40.700286454248946,27.485907735336948,70.30049478461181,56.02896576818686,6.342901785077757,34.35738466917118,65.01474329704702,0.04342064576209029,0.04354282471916653,0.042800044123071056,0.04398445897462267,0.04169744261343418,0.04262732611190823,0.042128945348388104,0.042772022640755664,0.04324297511962081,0.04293303491836446,0.042275130912098356
2186,46.08365134431053,21.717582817433698,43.435165634867396,33.90061708087212,23.30667424309958,32.84122279709486,27.544251378208592,51.3806227631968,13.772125689104296,39.72728564164701,69.3903255874101,21.717582817433698,6.356365702663521,42.90546849297877,28.07394852009722,70.44971987118736,56.67759418208306,5.826668560774895,32.84122279709486,66.21214273607835,0.043566295466974304,0.04356956707388311,0.04250662820056977,0.04390650439503982,0.04186202945625883,0.0423495296070306,0.04146410836277736,0.042661192664996066,0.043471948140202166,0.042436810804615345,0.042508243939026
2187,47.14093562341568,21.71661079280947,44.492568453560864,34.428773208112574,23.305631094722358,32.839752906199685,26.483671698548132,51.378323095183376,13.241835849274066,40.78485441576412,68.85754641622515,21.186937358838506,5.8264077736805895,43.9628950195899,28.07269200046102,69.91689328416707,55.61571056695108,5.8264077736805895,32.31007947222872,66.7388526803413,0.043493045622087126,0.043496840491105325,0.0424466193548091,0.04373883540007406,0.04183306394522466,0.042555942063898414,0.04148429111472308,0.04256725511498894,0.043537824843489524,0.04247644263438707,0.042696405444250185
2188,47.03867159900475,22.726549199519148,44.39604959906066,33.297037199295495,23.255073599507966,32.76851279930668,27.483268799418507,50.73834239892647,13.741634399709254,41.22490319912776,68.70817199854626,20.61245159956388,6.342292799865809,43.33900079908303,28.01179319940732,70.29374519851272,54.438013198848196,5.813768399876992,31.711463999329045,66.59407439859099,0.043699600551080055,0.04349139502780937,0.04269210949784135,0.0437877790641379,0.04193616209380716,0.04252705246291976,0.04167364529055932,0.04279413220438738,0.04365452006836507,0.04265297246586804,0.04256623128440713
2189,47.06460195039992,22.21026159457075,45.47815469364487,33.31539239185612,23.26789309907412,32.78657663960444,26.96960336483591,51.2951279684134,12.691578054040427,39.66118141887634,68.74604779271898,21.15263009006738,5.81697327476853,42.83407593238644,28.027234869339278,69.27486354497067,54.996838234175186,5.81697327476853,32.78657663960444,68.74604779271898,0.0435906248553352,0.04371614541843753,0.0425234273191166,0.043804223110611266,0.04200995056104131,0.042462073927297915,0.04163502348586471,0.042611345989792174,0.04356940509715555,0.04249709399978152,0.04276493398388194
2190,46.59696853349228,21.7099512485589,43.94941350318022,33.35919338193197,23.29848426674614,32.82968237586956,27.534572315245438,51.36256758805399,13.237775151560307,39.71332545468092,68.83643078811359,21.7099512485589,5.824621066686535,43.4199024971178,28.06408332130785,70.42496380630084,56.1281666426157,5.824621066686535,32.82968237586956,67.24789776992635,0.04349414015429998,0.04350486576655544,0.04256687218908068,0.04374092054977515,0.041917026965865474,0.042492968986002376,0.04148609993625659,0.04261150001672903,0.043477578369973645,0.04261684784069332,0.04258017316235612
2191,46.06983976134144,21.71107391051723,43.951686209095854,33.36091844786794,23.29968907470142,32.83138005980654,27.535996179192583,51.365223641955396,13.238459701534897,40.24491749266608,68.83999044798146,21.71107391051723,5.824922268675355,43.42214782103446,28.06553456725398,70.95814400022705,56.13106913450796,5.824922268675355,32.83138005980654,66.72183689573588,0.04350117646611894,0.043505740902020064,0.042583978898989856,0.04373970391584913,0.041897750622486206,0.04250135966436602,0.041484679732539685,0.0426028001370679,0.04343194056294208,0.042619777680892625,0.04259270335533171
2192,45.35855134473136,18.45987554727439,58.54417673564164,37.44717611018519,29.535800875639026,27.95352582872979,21.097000625456445,49.05052645418624,8.96622526581899,40.61172620400366,66.98297698582422,26.371250781820557,10.021075297091812,37.97460112582161,27.42610081309338,55.37962664182317,54.85220162618676,7.911375234546168,41.13915121964007,55.37962664182317,0.04361660662420036,0.04391316078436719,0.04356544977611915,0.043715460849734517,0.042094514165014175,0.043322371995437384,0.04324531101022351,0.042261871780917795,0.04333684984128287,0.04146671763983624,0.04203666989645575
2193,44.26345420574235,18.970051802461008,57.96404717418641,37.41315772152032,30.035915353896595,27.928131820289817,21.077835336067785,48.47902127295591,8.431134134427115,40.57483302193049,67.97601895881861,25.82034828668304,8.95808001782881,37.41315772152032,27.401185936888123,56.38320952398133,55.32931775717794,7.90418825102542,42.15567067213557,55.32931775717794,0.0437999382306059,0.043859545900900306,0.04383051140528981,0.0435756001496605,0.042218431936779745,0.04318125945739151,0.04323594686246124,0.042396824596680996,0.04331510817143782,0.04142875394915779,0.04221219593793973
2194,44.254399609327855,18.96617126114051,57.952189964595995,37.40550443169378,30.02977116347247,27.922418801123527,21.073523623489454,48.469104334025744,8.42940944939578,40.5665329752172,67.9621136857535,25.81506643877458,8.956247539983018,37.40550443169378,27.39558071053629,55.844837602247054,55.31799951165981,7.9025713588085456,42.14704724697891,55.31799951165981,0.04365201520095943,0.04371155244761406,0.04399686944196535,0.04381198874750597,0.042288310073878455,0.0431267765419878,0.04320189618867661,0.04248192670284009,0.04318030645636551,0.04142578620383144,0.04228448140713901
2195,41.65868784976082,23.499772633198408,45.93137378306962,26.70428708318001,18.158915216562406,34.181487466470415,20.82934392488041,32.579230241479614,10.147629091608405,41.124602108097214,64.62437474129563,16.556657991571605,10.147629091608405,26.70428708318001,21.89751540820761,49.13588823305122,62.48803177464122,4.272685933308802,26.17020134151641,42.726859333088015,0.04434099685573215,0.04266917861831955,0.04150494994729738,0.04155406074101823,0.04297186057868664,0.04320119766471692,0.04027661828699998,0.04212503927947198,0.04318515566951845,0.04115053527358492,0.0429346654210536
2196,42.30967948271087,22.49375364903616,46.0586384242169,26.778278153614476,17.673663581385554,34.27619603662653,20.88705695981929,32.66949934740966,10.1757456983735,40.702982793494,65.8745642578916,16.602532455240976,9.104614572228922,27.313843716686765,21.958188085963872,51.414294054939795,62.12560531638559,4.284524504578316,26.242712590542187,42.30967948271087,0.04417399037646105,0.04246062986923113,0.041351996804106145,0.041327057088006276,0.04266582204410087,0.042997893238021494,0.040536685525946255,0.04217531946039688,0.042788869592573046,0.04124323835599869,0.042712934572868705
2197,43.95329822485297,19.36038136094714,60.1741582840249,35.0579878698232,28.77894526627278,27.209184615385173,23.023156213018222,44.999805325444704,8.895310355029768,39.24401627219015,66.9764544378712,30.348705917160384,10.988324556213243,38.19750917159841,29.825452366864514,56.51138343195382,49.185833727811655,7.325549704142162,40.29052337278189,50.232340828403395,0.04403140295430339,0.044192944944435986,0.04345897756191887,0.04444944369066341,0.042740262373138674,0.04255270487366573,0.043203281911727356,0.04270999799256157,0.044108362905445384,0.04207154125342894,0.04322752924284197
2198,46.56572186107655,21.695393139819753,43.39078627963951,33.33682360508889,23.282860930538273,32.807667674849384,27.516108372454323,51.3281252332321,13.758054186227161,41.27416255868148,69.3194268613753,21.695393139819753,5.820715232634568,43.39078627963951,28.045264302693827,70.37773872185433,55.032216744908645,5.820715232634568,32.807667674849384,66.14449127993828,0.04363797637809012,0.04357885081582546,0.04250688025769218,0.04386659332260884,0.04191697252530869,0.04223825293653347,0.04147043463234746,0.042698842989680096,0.04357072065082956,0.042586258663427815,0.042772286588150195
2199,42.177462773975435,22.957353155454985,45.91470631090997,26.160704758541726,17.61843381697708,33.63519183241079,20.821785420063822,33.101299898563,9.610054809260227,41.10967890627985,64.60092399558263,17.61843381697708,10.143946743108016,26.694596692389517,22.957353155454985,48.05027404630113,61.93146432634368,4.271135470782323,26.160704758541726,43.77913857551881,0.04433710119484611,0.04248873491226624,0.041331698642957604,0.04187050333988531,0.04296552689628521,0.04323029017447369,0.04062884756929399,0.042214091666280686,0.04286614343555482,0.041285205835229544,0.042889922485136546
2200,48.72234557619725,21.71321922417486,44.48561987391923,32.30503347986992,22.772400649744366,32.83462419265467,28.068307777591894,54.54784341682953,13.76935853240357,38.1305313205022,69.37638337480261,21.71321922417486,6.884679266201785,43.42643844834972,27.00912635202239,69.37638337480261,56.66620626796854,5.82549784063228,32.83462419265467,63.55088553417033,0.04400311924514768,0.043275176178079584,0.0426124485095316,0.04337585851860486,0.04182518209490803,0.0426745288075895,0.04128461218609384,0.042962252885572746,0.04324583634675382,0.042681547960998524,0.04246872448196707
2201,41.65868784976082,23.499772633198408,45.93137378306962,26.70428708318001,18.158915216562406,34.181487466470415,20.82934392488041,32.579230241479614,10.147629091608405,41.124602108097214,64.62437474129563,16.556657991571605,10.147629091608405,26.70428708318001,21.89751540820761,49.13588823305122,62.48803177464122,4.272685933308802,26.17020134151641,42.726859333088015,0.04434099685573215,0.04266917861831955,0.04150494994729738,0.04155406074101823,0.04297186057868664,0.04320119766471692,0.04027661828699998,0.04212503927947198,0.04318515566951845,0.04115053527358492,0.0429346654210536
2202,41.65868784976082,23.499772633198408,45.93137378306962,26.70428708318001,18.158915216562406,34.181487466470415,20.82934392488041,32.579230241479614,10.147629091608405,41.124602108097214,64.62437474129563,16.556657991571605,10.147629091608405,26.70428708318001,21.89751540820761,49.13588823305122,62.48803177464122,4.272685933308802,26.17020134151641,42.726859333088015,0.04434099685573215,0.04266917861831955,0.04150494994729738,0.04155406074101823,0.04297186057868664,0.04320119766471692,0.04027661828699998,0.04212503927947198,0.04318515566951845,0.04115053527358492,0.0429346654210536
2203,44.45547403674357,25.10426769133754,61.19165249763526,39.748423844617776,25.62727326824041,26.150278845143273,26.150278845143273,49.68552980577222,9.414100384251578,44.97847961364643,69.03673615117825,23.535250960628947,7.845083653542982,35.56437922939485,27.196289998949005,59.62263576692666,67.46771942046965,12.029128268765906,35.56437922939485,66.94471384356677,0.04439699910629242,0.043917070941498666,0.04329875763499562,0.04267771498570106,0.043393004523288654,0.044803895922666294,0.04233394306584491,0.04386441029497714,0.04374300053244443,0.04165527799315145,0.04291034809627393
2204,43.424014987520934,22.5161559194553,45.56841078937382,26.804947523161072,18.22736431574953,33.77423387918295,20.907859068065637,32.702035978256504,10.721979009264428,40.207421284741606,66.47626985743946,16.619067464359865,10.185880058801207,26.804947523161072,21.980056968992077,49.32110344261637,62.18747825373369,4.288791603705771,25.73274962223463,42.887916037057714,0.04419519141933038,0.042291252541749584,0.04133163493668489,0.04143545660759349,0.04255236968160901,0.04287856968337321,0.04051588575333711,0.041905789053119626,0.04286838288798805,0.041197328489563464,0.042729188482429875
2205,46.56851608919739,22.225882678935115,44.45176535787023,33.338824018402676,23.284258044598694,33.338824018402676,26.459384141589425,50.27282986901991,13.229692070794712,39.15988852955235,68.79439876813251,21.69669499610333,6.350252193981462,43.92257767503845,28.04694719008479,70.38196181662786,55.56470669733779,5.8210645111496735,32.809636335570886,66.67764803680535,0.04328364136354525,0.043730758489510066,0.04257824477056883,0.04363471809616521,0.04187949987072843,0.04256991866303701,0.04169314644435579,0.04275754305106947,0.04371930156003888,0.04254404866607627,0.04242149619311631
2206,46.61091535132241,22.24611869040388,43.962567888179095,33.36917803560582,23.305457675661206,32.83950854297716,26.48347463143319,49.7889323070944,13.241737315716595,39.72521194714979,68.8570340417263,21.186779705146552,6.356033911543966,43.962567888179095,28.07248310931918,70.44604251961229,55.615296726009696,5.826364418915301,32.83950854297716,66.73835607121164,0.043309523854089316,0.04369950581247951,0.042530917189548205,0.04360758747352873,0.04180657925283033,0.042461712825962464,0.041599475360096415,0.0425815384396621,0.043597358460610025,0.04258356640689721,0.042552742295631864
2207,46.637788758761005,22.25894463486321,43.98791439746777,33.91839182455346,23.318894379380502,32.328467207777514,25.96876874067374,49.817637992312896,13.249371806466195,39.74811541939859,68.89673339362422,20.669020018087263,6.359698467103773,43.45793952520912,28.088668229708333,70.48665801040016,55.64736158715802,5.829723594845126,32.85844208003616,65.71688416007233,0.04326286675694978,0.04361796363124447,0.042462114136674015,0.04366762987248657,0.04173261463333981,0.04251123113139283,0.04153987498126183,0.042554126701117495,0.043702838689838944,0.04239661459926172,0.04257725260778477
2208,46.54874871478006,22.21644825023594,43.37497039331779,33.85363542893096,23.27437435739003,32.79570932177686,25.919189625275262,50.251490089819384,13.224076339426155,39.672229018278465,68.765196965016,21.687485196658894,6.3475566429245545,43.37497039331779,28.035041839583446,70.35208612574714,55.54112062558985,5.818593589347508,32.79570932177686,65.59141864355372,0.04321675930616839,0.04374100995555941,0.04253638668937719,0.04373727399424285,0.041724173827522915,0.04269448429008524,0.041779500758437484,0.042802990152470195,0.04386638174120424,0.04244632883450149,0.04249165687338441
2209,47.450824234848334,23.198180737036964,43.76020457213791,32.688345584006626,22.143717976262554,32.688345584006626,27.416031780134592,51.14144389755876,13.180784509680093,39.54235352904028,67.48561668956208,21.089255215488148,5.799545184259241,44.814667332912315,27.943263160521795,70.1217735914981,55.35929494065639,5.799545184259241,32.688345584006626,66.43115392878767,0.04405256784741946,0.043320309934895405,0.04287468457589982,0.043941092920322895,0.042141094834282106,0.04267848902488268,0.04175949405743866,0.042710748884852906,0.043720560776259756,0.04282825886986983,0.04274131788667275
2210,42.92231507058424,21.997686473674424,46.14148870087806,26.82644691911515,18.241983904998303,32.728265241320486,19.85157072014521,32.728265241320486,11.267107706028364,41.312728255437335,65.99305942102328,17.168926028233695,10.194049829263758,26.28991798073285,21.46115753529212,52.04330702308339,61.16429897558255,4.292231507058424,26.28991798073285,43.458844008966544,0.04409367670409724,0.042269574948226876,0.041283900016888704,0.04122938912587106,0.042365262634427525,0.04293800431185987,0.04049579867704073,0.04224724092665889,0.0425227932504348,0.041274430111246874,0.04275099091094439
2211,42.10874854536746,23.985996006854883,46.37292561325277,27.184128807768865,18.12275253851258,36.24550507702516,19.188796805483904,32.5143501426255,7.99533200228496,41.04270427839613,65.028700285251,17.05670827154125,9.594398402741952,26.118084540797536,22.38692960639789,49.57105841416676,60.23150108388003,4.264177067885313,26.118084540797536,43.17479281233879,0.04451789994924915,0.04267290221046305,0.04164509778521827,0.041624661917389054,0.043046161315488676,0.04305196996404638,0.04051443675656959,0.04208132775416358,0.043279055460825284,0.041536807692230455,0.04300754570869238
2212,47.22476883958412,21.22461520880185,44.04107655826384,35.02061509452305,23.347076729682037,32.89815357364287,27.06138439122236,51.46969188134449,14.32661526594125,38.734922756063376,70.57184556926616,21.7552305890219,6.367384562640555,42.97984579782375,27.591999771442406,69.51061480882606,57.306461063765,5.836769182420509,32.367538193422824,65.79630714728575,0.043393204146427306,0.04351141459826648,0.04253441624031221,0.04353070722617032,0.0419476374202963,0.04239802222324472,0.041428929707475144,0.04246154066749199,0.04348675239180303,0.04238762941113744,0.04230436574732878
2213,45.72562714717552,22.86281357358776,40.00992375377859,34.294220360381644,21.82359477478832,37.411876756779975,23.382422972987484,47.804064744774415,9.352969189194994,37.931486156179695,61.31390912916718,27.01968876878554,10.91179738739416,38.45109555557942,32.21578276278276,69.10805012016301,47.804064744774415,5.196093993997219,41.049142552578026,49.36289294297358,0.04500023433971558,0.045810134626611494,0.04136991971409296,0.042981649897659936,0.04418174907049494,0.04343927027772219,0.04222579310196089,0.04202828286086212,0.04420017466200434,0.045088855103761295,0.04406453694539243
2214,44.26345420574235,18.970051802461008,57.96404717418641,37.41315772152032,30.035915353896595,27.928131820289817,21.077835336067785,48.47902127295591,8.431134134427115,40.57483302193049,67.97601895881861,25.82034828668304,8.95808001782881,37.41315772152032,27.401185936888123,56.38320952398133,55.32931775717794,7.90418825102542,42.15567067213557,55.32931775717794,0.0437999382306059,0.043859545900900306,0.04383051140528981,0.0435756001496605,0.042218431936779745,0.04318125945739151,0.04323594686246124,0.042396824596680996,0.04331510817143782,0.04142875394915779,0.04221219593793973
2215,45.46387689430258,21.67463898449309,44.40657743164438,34.890882267720585,23.260588178480386,32.776283342404184,26.432486566454987,51.27902393892268,11.630294089240193,40.70602931234068,71.89636346075757,21.67463898449309,6.872446507278297,41.763328774998875,26.961136297784087,69.25311480411206,55.50822178955547,5.815147044620097,33.833582805062385,65.02391695347927,0.04349026512959945,0.04382764319698312,0.042650028667660475,0.04409489866445569,0.04200156056026515,0.042483939809803556,0.04163313990157917,0.042837122386095425,0.043527037218989796,0.04264077648203525,0.04216385665343318
2216,46.61228695014588,21.717088238136146,43.96386155525123,33.89984505465155,23.30614347507294,32.840474896693685,28.07330918588331,51.90913773993518,13.77181205345219,38.13732568648299,70.44811550419774,21.187403159157217,6.356220947747165,43.96386155525123,28.07330918588331,69.91843042521882,56.67630345074556,5.826535868768235,32.310789817714756,65.15126471440844,0.04352908967527256,0.04357021730684849,0.042496140056652545,0.043697208244931784,0.04184718052143782,0.04258137337666067,0.04155348836569165,0.042516652211795194,0.04341774798624662,0.04257381987383385,0.04253200340169849
2217,35.11032975800937,18.865251810273694,43.494886118131014,26.20173862538013,18.865251810273694,29.869982032933347,20.4373561277965,42.97085134562341,8.908591132629244,40.3506774830854,45.06699043565382,22.53349521782691,11.004730222659655,33.53822544048656,22.53349521782691,52.92751202326786,46.11505998066903,5.240347725076026,35.11032975800937,50.30733816072985,0.042321276842219244,0.04333965225656362,0.0432632328646766,0.045072254238928314,0.042126795336043917,0.04294016989501177,0.04377215944301235,0.044185731084318565,0.04364989461615463,0.04319455011584772,0.04209951079962075
2218,45.73725360614974,22.86862680307487,40.020096905381024,34.30294020461231,21.82914376657147,37.42138931412252,23.908109839578277,47.81621967915655,9.35534732853063,37.94113083237422,61.329499153700795,26.506817430836783,10.914571883285735,38.46087235062592,32.2239741316055,69.12562192747632,47.81621967915655,5.197415182517017,41.05957994188443,49.37544423391166,0.04499854873484159,0.045796636886353013,0.041361745176358544,0.04296739569024422,0.04416448968149458,0.0434213891877247,0.04220727292568508,0.04202639182830024,0.0441648835739027,0.04508028976731846,0.044069438296075326
2219,45.73725360614974,22.86862680307487,40.020096905381024,34.30294020461231,21.82914376657147,37.42138931412252,23.908109839578277,47.81621967915655,9.35534732853063,37.94113083237422,61.329499153700795,26.506817430836783,10.914571883285735,38.46087235062592,32.2239741316055,69.12562192747632,47.81621967915655,5.197415182517017,41.05957994188443,49.37544423391166,0.04499854873484159,0.045796636886353013,0.041361745176358544,0.04296739569024422,0.04416448968149458,0.0434213891877247,0.04220727292568508,0.04202639182830024,0.0441648835739027,0.04508028976731846,0.044069438296075326
2220,45.73725360614974,22.86862680307487,40.020096905381024,34.30294020461231,21.82914376657147,37.42138931412252,23.908109839578277,47.81621967915655,9.35534732853063,37.94113083237422,61.329499153700795,26.506817430836783,10.914571883285735,38.46087235062592,32.2239741316055,69.12562192747632,47.81621967915655,5.197415182517017,41.05957994188443,49.37544423391166,0.04499854873484159,0.045796636886353013,0.041361745176358544,0.04296739569024422,0.04416448968149458,0.0434213891877247,0.04220727292568508,0.04202639182830024,0.0441648835739027,0.04508028976731846,0.044069438296075326
2221,45.73725360614974,22.86862680307487,40.020096905381024,34.30294020461231,21.82914376657147,37.42138931412252,23.908109839578277,47.81621967915655,9.35534732853063,37.94113083237422,61.329499153700795,26.506817430836783,10.914571883285735,38.46087235062592,32.2239741316055,69.12562192747632,47.81621967915655,5.197415182517017,41.05957994188443,49.37544423391166,0.04499854873484159,0.045796636886353013,0.041361745176358544,0.04296739569024422,0.04416448968149458,0.0434213891877247,0.04220727292568508,0.04202639182830024,0.0441648835739027,0.04508028976731846,0.044069438296075326
2222,45.73725360614974,22.86862680307487,40.020096905381024,34.30294020461231,21.82914376657147,37.42138931412252,23.908109839578277,47.81621967915655,9.35534732853063,37.94113083237422,61.329499153700795,26.506817430836783,10.914571883285735,38.46087235062592,32.2239741316055,69.12562192747632,47.81621967915655,5.197415182517017,41.05957994188443,49.37544423391166,0.04499854873484159,0.045796636886353013,0.041361745176358544,0.04296739569024422,0.04416448968149458,0.0434213891877247,0.04220727292568508,0.04202639182830024,0.0441648835739027,0.04508028976731846,0.044069438296075326
2223,45.73725360614974,22.86862680307487,40.020096905381024,34.30294020461231,21.82914376657147,37.42138931412252,23.908109839578277,47.81621967915655,9.35534732853063,37.94113083237422,61.329499153700795,26.506817430836783,10.914571883285735,38.46087235062592,32.2239741316055,69.12562192747632,47.81621967915655,5.197415182517017,41.05957994188443,49.37544423391166,0.04499854873484159,0.045796636886353013,0.041361745176358544,0.04296739569024422,0.04416448968149458,0.0434213891877247,0.04220727292568508,0.04202639182830024,0.0441648835739027,0.04508028976731846,0.044069438296075326
2224,45.73725360614974,22.86862680307487,40.020096905381024,34.30294020461231,21.82914376657147,37.42138931412252,23.908109839578277,47.81621967915655,9.35534732853063,37.94113083237422,61.329499153700795,26.506817430836783,10.914571883285735,38.46087235062592,32.2239741316055,69.12562192747632,47.81621967915655,5.197415182517017,41.05957994188443,49.37544423391166,0.04499854873484159,0.045796636886353013,0.041361745176358544,0.04296739569024422,0.04416448968149458,0.0434213891877247,0.04220727292568508,0.04202639182830024,0.0441648835739027,0.04508028976731846,0.044069438296075326
2225,43.31901478937672,22.461711372269413,45.993028047980225,26.740132586035017,18.18329015850381,34.22736971012482,20.85730341710731,32.622961754962716,9.626447730972606,40.64500153077322,63.64151555476334,17.11368485506241,10.161250382693305,27.274935237755717,21.392106068828014,49.736646610025126,61.50230494788053,4.278421213765602,26.205329934314314,43.853817441097426,0.044418952729580165,0.04254049090069202,0.041553262880997116,0.04161286202698601,0.042673484991443925,0.04293073490822517,0.04055601100551305,0.04212234530128701,0.042936733047082974,0.04119810756163757,0.042654362925854804
2226,46.61228695014588,21.717088238136146,43.96386155525123,33.89984505465155,23.30614347507294,32.840474896693685,28.07330918588331,51.90913773993518,13.77181205345219,38.13732568648299,70.44811550419774,21.187403159157217,6.356220947747165,43.96386155525123,28.07330918588331,69.91843042521882,56.67630345074556,5.826535868768235,32.310789817714756,65.15126471440844,0.04352908967527256,0.04357021730684849,0.042496140056652545,0.043697208244931784,0.04184718052143782,0.04258137337666067,0.04155348836569165,0.042516652211795194,0.04341774798624662,0.04257381987383385,0.04253200340169849
2227,46.94429170759137,22.68094992613965,42.72458009342586,34.28515686509482,23.208413877910342,32.17530105801206,27.95558944384655,51.69146727352758,13.186598794267239,39.559796382801714,69.09777768196034,21.62602202259827,6.857031373018964,42.197116141655165,26.90066154030517,69.62524163373102,55.9111788876931,5.8021034694775855,32.70276500978275,65.4055300195655,0.04397829077252001,0.04398570634807369,0.04266763127450674,0.043615588900859904,0.0422235725126115,0.04272238929006981,0.04158563623425506,0.042895061231441226,0.04351876961047121,0.04297111859163823,0.04237228346286309
2228,45.446233264643936,22.194672059477274,42.275565827575754,34.87734180775,23.251561205166666,32.763563516371214,26.950673215079544,50.730678993090905,12.15422517542803,39.10489839050757,72.39690647972348,22.194672059477274,6.341334874136363,41.74712125473106,27.479117787924242,70.28312818834469,56.01512472153788,5.812890301291667,33.29200808921591,65.52712703274243,0.043389019250093266,0.0436162207900386,0.042643269000946726,0.0440568812277395,0.041893328685848816,0.042719312714457454,0.04210349977517451,0.04295296357754336,0.04326099341622031,0.04270662626375581,0.04221331245348467
2229,47.60441859842182,21.686457361503276,43.90185270743346,33.85203100332219,23.273271314784004,32.26521705004146,28.033713174626186,51.30698448941019,13.75238759509964,40.199286816445095,67.70406200664438,22.215395345930187,6.87619379754982,44.95972867628728,29.091589143480004,68.23299999107128,56.59636433367928,5.818317828696001,32.79415503446837,65.58831006893674,0.043462524967169486,0.04364113769243838,0.04258514432715638,0.04364539873039031,0.041849436766070364,0.042317317107923115,0.04154651504989037,0.042752968211559494,0.04367455794048578,0.042764530499939606,0.04282248428006755
2230,47.73089046593767,21.213729095972298,42.9578014193439,33.94196655355567,23.335102005569528,32.88128009875706,28.108191052163292,53.034322739930744,13.258580684982686,39.775742054948054,70.00530601670857,21.744072323371604,6.894461956190996,41.89711496454529,27.04750459736468,69.47496278930927,57.80741178652451,5.833775501392382,32.88128009875706,64.7018737427155,0.04351657933039945,0.04338021562689969,0.042193251439102554,0.04357309795326629,0.042047743357652344,0.042639748077296064,0.0414008037587561,0.04279781229053469,0.04326516664068769,0.04235392652484307,0.042488427601254625
2231,45.8467476591823,23.18686088510369,43.738851215081965,32.67239488355521,23.18686088510369,32.67239488355521,27.402653773304365,51.64346288045822,12.647378664602014,40.577006548931465,67.97966032223583,21.60593855202844,5.796715221275923,43.21187710405688,27.92962788432945,70.08755676633616,55.332281657633814,5.796715221275923,32.67239488355521,66.39873798916058,0.04384876603057256,0.04366451327790457,0.042807152083025476,0.04378779450417191,0.04213443517818005,0.042995398229115155,0.0417677468258917,0.04276309053162996,0.043884644678919005,0.042417703016288937,0.04295464461921673
2232,46.93270356915448,18.456681178880974,58.53404602445109,37.44069610572998,29.530689886209558,27.948688642305473,21.093349918721113,49.04203856102659,8.964673715456472,41.13203234150617,67.49871973990756,26.366687398401393,10.019341211392529,37.44069610572998,27.421354894337448,55.37004353664292,53.78804229273884,7.910006219520417,41.13203234150617,54.315376040706866,0.04374434092278976,0.04383610931513084,0.043483294787122546,0.043728623595149334,0.0421272272356606,0.04332798337230178,0.04315713981409037,0.04222698125560734,0.04347014673687282,0.04145862833758338,0.042105776659663474
2233,42.754014833696786,22.980282973112026,46.49499113164526,26.721259271060493,17.636031118899925,34.73763705237864,20.308157046005974,33.13436149611501,9.085228152160568,40.61631409201195,64.6654474359664,17.101605933478716,10.154078523002987,26.721259271060493,22.980282973112026,48.09826668790889,61.458896323439134,4.275401483369679,26.186834085639283,43.822865204539205,0.044231594708930885,0.042483357989384664,0.04146929589235816,0.041619035515813314,0.04283264801393792,0.04325874869687545,0.04065416771372557,0.04208467007705031,0.04298599134528057,0.041264916910690355,0.042690387714743046
2234,47.17939990205637,21.73433029195855,45.05897743454822,33.396653863253384,23.324647142589665,32.86654824637635,27.565492077605967,51.95035045394971,13.782746038802983,39.2278156489008,71.03415266152307,21.73433029195855,6.3612674025244536,42.408449350163025,27.565492077605967,69.97394142776899,55.66108977208897,5.831161785647416,32.33644262949931,65.7330964927527,0.04354530780503535,0.04358014303627247,0.042472464619557226,0.04348739904649107,0.041945553483642026,0.04241694702530251,0.04148271209349193,0.04251464270620801,0.0434609334707262,0.0425362037338524,0.042452076102383114
2235,42.25928651879184,23.001890130481634,46.53870793841633,27.281311550106125,18.18754103340408,33.165516002089795,20.327251743216326,32.63058832463673,11.233481226514286,41.72435884133878,64.19132129436736,16.582758001044898,10.163625871608163,27.281311550106125,21.932034775575513,49.748274003134696,61.516682907102044,4.27942141962449,26.2114561952,42.25928651879184,0.04429834673694897,0.04262493158660326,0.04154134493136907,0.04132406693941764,0.0429114751321671,0.04286617796402781,0.04044536275078178,0.041921483061253616,0.04313862802103159,0.04129733334088792,0.04270317208244995
2236,42.25928651879184,23.001890130481634,46.53870793841633,27.281311550106125,18.18754103340408,33.165516002089795,20.327251743216326,32.63058832463673,11.233481226514286,41.72435884133878,64.19132129436736,16.582758001044898,10.163625871608163,27.281311550106125,21.932034775575513,49.748274003134696,61.516682907102044,4.27942141962449,26.2114561952,42.25928651879184,0.04429834673694897,0.04262493158660326,0.04154134493136907,0.04132406693941764,0.0429114751321671,0.04286617796402781,0.04044536275078178,0.041921483061253616,0.04313862802103159,0.04129733334088792,0.04270317208244995
2237,35.68713270257567,18.89318790136359,44.60891587821959,26.240538751893876,18.89318790136359,29.914214177159018,20.467620226477223,43.03448355310596,8.921783175643917,40.41042967791657,45.13372665325746,22.042052551590857,11.021026275795428,33.58788960242416,22.56686332662873,53.00588827882563,46.18334820333322,5.248107750378775,34.63751115249992,49.85702362859836,0.042226359039259045,0.043410015903830534,0.04323712758116734,0.04511110445535556,0.04197198277718695,0.042786656023678676,0.04371559512114918,0.04406481787782006,0.04354665991493315,0.04308000489628797,0.04203890137145408
2238,46.40626570536634,19.29249248425342,38.58498496850684,34.413635242181776,19.29249248425342,33.37079781060051,19.813911200044053,40.670659831669376,9.385536884231394,38.58498496850684,55.79180258959773,27.63519193690355,8.864118168440761,39.106403684297476,27.63519193690355,50.05619671590077,54.22754644222583,6.257024589487596,27.113773221112915,47.97052185273824,0.0451313958182514,0.045392663844188476,0.04155188858109425,0.04337164601715646,0.04433666608087991,0.04283366990838095,0.04252423699859125,0.043969489980614715,0.04359597246268076,0.042508943627367186,0.04336471089016171
2239,49.27446865306191,21.723152847048798,43.97613869036708,33.909311761246904,23.312651835857245,32.84964576870794,26.491649813474144,51.92363363440932,14.305490899276037,39.207641723941734,69.40812251130225,21.723152847048798,6.357995955233794,43.97613869036708,28.08114880228259,68.34845651876329,56.16229760456518,5.828162958964311,31.789979776168973,64.6396255448769,0.043519422021510296,0.043468765649743474,0.04286951239246216,0.043727462163294144,0.04171872702057388,0.04259841519153611,0.04167134486801855,0.0426847180477221,0.043368939734507714,0.042335490072592706,0.042204206568555884
2240,47.08003590373531,21.688555865765704,42.31913339661601,34.38429588475051,23.275523368138806,32.79732838237741,26.978447540342707,52.369927578312314,13.753718353900203,39.67418755932751,69.29758093695871,21.688555865765704,7.405848344407802,42.84812256407371,27.507436707800405,71.41353760678952,56.072851750516215,5.818880842034702,32.79732838237741,64.00768926238172,0.04355818722189483,0.04349108368067024,0.04239900790477502,0.04369789556872308,0.0420281359287206,0.042759198454123425,0.04144456214524871,0.04280601677129025,0.04339538055914969,0.04258878627745174,0.04284257803025231
2241,48.06370726828418,22.711422115782636,44.36649901687771,32.7467016553145,22.711422115782636,32.21852904797072,27.99314818922046,53.34543334172201,13.204315183594556,38.5566003360961,68.13426634734792,21.12690429375129,6.86624389546917,42.78198119484637,27.46497558187668,69.19061156203547,57.04264159312849,5.809898680781605,32.7467016553145,64.96523070328521,0.043788663907705444,0.04319295135689048,0.042520852965166125,0.043702631615560934,0.04198142624969988,0.04296915544919389,0.04183769967925712,0.043077728344104275,0.043408072482049184,0.042859949068818466,0.042488261537771924
2242,45.8674574910262,22.1429105129092,41.64976025047206,34.796002234571596,23.197334823047733,32.68715361429453,26.8878199085326,51.66679119678813,13.180303876731665,41.1225480954028,69.59200446914319,22.1429105129092,6.3265458608311995,43.231396715679864,26.8878199085326,69.06479231407393,55.88448843734226,5.799333705761933,33.2143657693638,65.37430722858906,0.043961837502957055,0.043570732914594304,0.042831363525122776,0.04406700350462706,0.04190885621335789,0.042615041458741676,0.04175149602420476,0.043026280445914195,0.043580671573804554,0.04298308715154632,0.04249147461586278
2243,43.31663182770418,22.99524899495407,45.45572475746735,26.738661622039615,18.182289902986938,33.15594041132913,20.856156065190902,32.621167178888335,11.765011113697431,40.642765665500214,65.24233435777667,16.577970205664563,10.160691416375053,26.738661622039615,21.390929297631693,49.73391061699369,61.498921730691116,4.278185859526339,25.669115157158032,42.78185859526339,0.04429771410946429,0.042596668470656664,0.041520375336678135,0.04143090619984712,0.04271418065932252,0.04289156260097997,0.04078998431250008,0.042005286103699184,0.042994536828647,0.04124574781117694,0.04273980512623579
2244,44.49531405747039,22.515701089322366,45.56749029981907,26.804406058717102,18.22699611992763,33.773551633983544,20.90743672579934,32.70137539163486,11.257850544661183,40.20660908807565,65.93883890444407,16.618731756404603,10.1856743023125,26.268317937542758,21.97961296814802,49.856195269213806,61.11404581387499,4.288704969394736,25.732229816368417,42.88704969394736,0.04410092750994029,0.04235820280163707,0.041393179984323694,0.04143631729877809,0.04257212863565725,0.04267373911495756,0.04056123603580695,0.04195242173519594,0.04297171053987209,0.041162678519106224,0.04272933665038283
2245,46.537849341590395,22.21124627666814,43.36481415920923,33.84570861206574,22.74008547373167,32.25919102087516,28.028477444366942,52.355080509289195,14.807497517778762,37.54758299151043,70.33561320944912,21.15356788254109,6.346070364762326,43.89365335627276,28.028477444366942,69.27793481532207,56.58579408579741,5.817231167698799,32.25919102087516,64.51838204175031,0.043733345893499614,0.04353492532723891,0.04266386781094683,0.04392935192540185,0.04184760445115575,0.0425517871527214,0.04166461229152763,0.0427651696412472,0.04354279131148959,0.04259368533089567,0.04233366180034846
2246,43.41322476033356,19.352883326895686,60.150853583594696,35.044410348702996,28.767799539980075,27.19864683779934,23.014239631984058,44.98237746251429,8.891865312357478,39.22881755451828,65.3813625908638,30.336952242160805,10.98406891526512,38.70576665379137,30.336952242160805,56.48949727850633,48.64373376760267,7.322712610176746,40.79797025669901,51.25898827123722,0.0440832438260745,0.044141336064304766,0.0435262152601367,0.04448968753099745,0.04272702600292779,0.04246324501283288,0.0432868764135088,0.042827806419284895,0.044106424615694494,0.04207840352696159,0.04321883460036556
2247,47.200077651725785,23.075593518621496,61.88454625448492,38.28450742862203,24.648929440345686,28.844491898276868,27.795601283794074,51.395640109656966,14.160023295517735,49.29785888069137,66.08010871241609,23.075593518621496,8.391124915862362,37.76006212138063,24.648929440345686,58.213429103795136,64.50677279069191,10.488906144827952,39.33339804310482,63.45788217620911,0.04412088716050538,0.04357974422831434,0.042865684203763896,0.043620782642435955,0.04220451281310118,0.04478544815069186,0.042462647072795526,0.04302930205034023,0.04416423651367462,0.04170328345255044,0.04301816447042899
2248,47.200077651725785,23.075593518621496,61.88454625448492,38.28450742862203,24.648929440345686,28.844491898276868,27.795601283794074,51.395640109656966,14.160023295517735,49.29785888069137,66.08010871241609,23.075593518621496,8.391124915862362,37.76006212138063,24.648929440345686,58.213429103795136,64.50677279069191,10.488906144827952,39.33339804310482,63.45788217620911,0.04412088716050538,0.04357974422831434,0.042865684203763896,0.043620782642435955,0.04220451281310118,0.04478544815069186,0.042462647072795526,0.04302930205034023,0.04416423651367462,0.04170328345255044,0.04301816447042899
2249,47.200077651725785,23.075593518621496,61.88454625448492,38.28450742862203,24.648929440345686,28.844491898276868,27.795601283794074,51.395640109656966,14.160023295517735,49.29785888069137,66.08010871241609,23.075593518621496,8.391124915862362,37.76006212138063,24.648929440345686,58.213429103795136,64.50677279069191,10.488906144827952,39.33339804310482,63.45788217620911,0.04412088716050538,0.04357974422831434,0.042865684203763896,0.043620782642435955,0.04220451281310118,0.04478544815069186,0.042462647072795526,0.04302930205034023,0.04416423651367462,0.04170328345255044,0.04301816447042899
2250,29.953216760944372,21.690260413097647,40.281912195752774,28.92034721746353,20.140956097876387,25.82173858702101,21.17382564135723,42.34765128271446,9.812260663067983,38.73260788053152,45.44625991315698,27.88747767398269,9.812260663067983,36.66686879356983,22.72312995657849,56.2913901197058,44.41339036967614,4.1314781739233615,28.92034721746353,49.06130331533992,0.04374683880141064,0.04539537631599396,0.04309261737019395,0.04518758045932877,0.04426993694146752,0.04304243926602722,0.04517235011995897,0.044690374266271066,0.043719075843181944,0.04327789506191655,0.04197074381382923
2251,36.321231570984246,17.897418455267598,41.05878351502567,26.846127682901397,18.423813115716644,33.68925826873901,17.37102379481855,45.269940798618045,7.369525246286658,41.58517817547472,48.42830876131232,22.634970399309022,9.475103888082847,33.16286360828996,24.74054904110521,52.6394660449047,46.32273011951614,4.7375519440414235,33.68925826873901,46.84912477996519,0.04304937394858505,0.04382457787683382,0.04337752017771277,0.044813255181468635,0.0425602538036065,0.04161309485399619,0.04347980610887218,0.04321522867410749,0.04310200016922848,0.04310412135455864,0.04146610740198311
2252,42.297051466576086,22.487040020205008,45.509485755176804,26.770285738339297,18.203794302070722,34.2659657450743,20.880822875904652,32.659748600773945,9.637302865802146,41.226240037042515,65.31949720154789,16.597577157770363,10.172708580568933,26.770285738339297,21.416228590671437,49.79273147331109,62.64246862771395,4.283245718134287,26.770285738339297,42.832457181342875,0.044268746203643315,0.04252036436125517,0.04144317492326804,0.041414596555190385,0.04266921614806182,0.04285635255252931,0.04054945460782102,0.042211113301476894,0.042916218834504874,0.04106960350627348,0.04267544423918968
2253,46.55376460936013,21.689822147542785,42.85062424270648,33.85728335226191,22.74786225230097,32.799243247503725,28.038062776091895,52.902005237909236,13.225501309477309,39.67650392843193,69.30162686166109,21.689822147542785,6.877260680928201,42.321604190327385,26.98002267133371,70.35966696641928,56.60514560456288,5.819220576170016,32.799243247503725,65.59848649500745,0.04361008069630654,0.043520053721919756,0.04251130131240723,0.04370529225028334,0.042041450030376334,0.04273967685861677,0.041491405527804615,0.042740565461814775,0.043391967883259545,0.04266655063961318,0.04256160323850554
2254,42.058689186178874,18.400676518953258,57.30496401616872,36.801353037906516,29.441082430325213,28.389615200670743,21.555078207916676,49.94469340858742,7.360270607581303,40.48148834169717,65.7167018534045,28.91534881549798,10.514672296544719,37.85282026756099,27.863881585843508,58.356431245823195,53.62482871237807,8.411737837235776,39.430021112042695,54.15056232720531,0.044128739717138266,0.04402644331840121,0.043891609888330047,0.04414414614991566,0.04219591139093316,0.0431607110074156,0.04346176817611027,0.04244950133415494,0.0437285653316148,0.04133973101080889,0.04173925784794111
2255,46.048852640212615,21.701183428146177,43.93166401307641,32.81642372061129,23.289074898498335,31.228532250259132,25.9355606824186,50.81252705126909,13.232428919601327,39.16798960201993,68.8086303819269,22.75977774171428,5.822268724624584,43.40236685629235,28.052749309554812,70.39652185227907,56.105498619109625,5.822268724624584,32.81642372061129,66.16214459800663,0.04354479225552906,0.0433525358540214,0.042589465002076485,0.04381633799118671,0.04200102974116128,0.04258147201441534,0.04167873883944668,0.04249889388159935,0.043642528110322334,0.042707967390002446,0.04228908213618588
2256,47.66200416988483,21.71269078850309,44.48453722522584,32.83382509480955,23.301424260832583,32.83382509480955,27.538046853711236,51.369048938653656,13.239445602745787,39.71833680823736,69.37469495838792,21.71269078850309,5.825356065208146,43.42538157700618,28.06762467782107,69.37469495838792,55.6056715315323,5.825356065208146,32.83382509480955,67.25638366194859,0.04332477425237013,0.043570609341722064,0.042602357931175866,0.043736727227693804,0.041961149160642496,0.04248823459334351,0.04159605015625731,0.04264323964530335,0.04341189817306156,0.04262840396193203,0.042458731446666294
2257,45.53439089273732,21.708256123281746,42.88704258502003,34.41552800032472,23.296665107912116,32.82711901569434,27.532422400259776,51.888026831258806,13.766211200129888,40.239694277302746,68.30158633910598,21.708256123281746,6.883105600064944,42.88704258502003,27.532422400259776,71.47840430836672,56.12378412360646,5.824166276978029,32.29764935415089,66.7131773544756,0.04359264127260192,0.04354533947620165,0.042596141215072214,0.04361877045457602,0.0419164734151077,0.04251846047812256,0.04146399599571964,0.04266348858973338,0.04351434285809684,0.04259606416054011,0.042504620540770734
2258,42.00935116613763,23.39761330772222,45.19993479900884,26.056433001781567,16.48468210316793,34.032892083959595,19.67526573603914,32.96936420633586,9.571750898613637,40.945823288513886,62.216380840988634,17.016446041979798,9.571750898613637,27.1199608794053,22.334085430098483,49.98581024831566,61.684616902176764,4.254111510494949,28.18348875702904,44.1364069213851,0.0444511214630507,0.042748833689812846,0.041552042927594124,0.04166637311756225,0.04336046032757753,0.04358723071498792,0.04083286995282316,0.04214165760147422,0.04350424622167755,0.0418082400674595,0.042582985104111556
2259,41.64033371557484,22.955568586791255,45.37728674133155,26.158671180297013,17.617064264281662,33.632577231810444,20.28631642553646,33.632577231810444,10.14315821276823,40.57263285107292,62.99435100561322,17.0832138320307,9.60930778051727,27.226372044798932,22.955568586791255,49.64809019933923,61.926650141111296,4.270803458007675,27.226372044798932,44.30958587682964,0.04427412324671396,0.04262695268509351,0.041469853318033455,0.04155193549015595,0.04297179304376635,0.04331182723342273,0.04064171345485481,0.041926069035630543,0.04322779507531101,0.04159736450906495,0.042550140656993314
2260,42.27583619612817,23.7157129880719,42.27583619612817,34.02689254810316,19.075682186057833,33.5113335701016,22.16903605406721,36.60468743811098,6.70226671402032,39.69804130612035,51.040338822154744,28.355743790085967,9.795620582029699,37.120246416112536,26.293507878079716,54.13369269016412,48.46254393214693,5.155589780015631,27.840184812084406,51.5558978001563,0.0451872028883302,0.04663060257990636,0.042881840985296,0.044002578660290816,0.04393911955653987,0.04360812608504567,0.042986547172867845,0.044287730495527075,0.04418998744261996,0.043403081011585264,0.043324205120427915
2261,37.56478159366392,23.35108045011541,41.118206879551046,22.335816082719088,20.305287347926445,23.35108045011541,24.366344817511735,39.59531032845656,9.64501149026506,26.904505736002537,52.28611492091059,20.812919531624605,11.167908041359544,29.950298838191504,20.305287347926445,43.656367798041856,41.62583906324921,10.660275857661382,26.396873552304378,48.225057451325306,0.04653020289156125,0.04631118888487069,0.043094871002380394,0.04462556155035483,0.04303621600890086,0.045062254674770506,0.044841770111138865,0.046185165373059146,0.044197850793898916,0.04371251718899837,0.04477021782190495
2262,42.77474413590461,21.387372067952306,52.39906156648315,34.21979530872369,22.45674067134992,33.15042670532607,23.526109274747533,51.86437726478434,11.763054637373767,36.89321681721773,66.30085341065214,18.17926625775946,10.693686033976153,40.63600692910938,30.477005196832035,67.37022201404976,55.60716737667599,5.881527318686883,34.75447961042249,68.97427491914618,0.043703515293565774,0.042701996586476075,0.04144369595980763,0.04278531820065326,0.042151026996434644,0.042768258279931005,0.04175921511887123,0.04181791743998108,0.043315897065184746,0.04153963136006626,0.04132922600022058
2263,43.24825199430291,22.138986139940776,39.64423099477767,35.52534985246311,19.564685425994174,31.921328852937865,23.683566568308738,37.58479042362039,6.693181856261165,41.18881142314563,50.97115413614272,30.891608567359224,10.297202855786407,36.55507013804175,26.77272742504466,51.48601427893204,49.94143385056408,5.148601427893204,28.317307853412622,47.367133136617475,0.045802516181224044,0.04696741584371779,0.043232681223098555,0.043852055623831716,0.04393196276217073,0.043177978555955926,0.04263013721541904,0.044378601390406544,0.04438631174191378,0.043412348468069066,0.043367848204872377
2264,47.75204671063997,20.388514325891226,55.263604620178846,27.9000722354301,22.534673728616617,28.973151936792792,16.09619552044044,41.313568502463795,11.803876714989656,34.33855044360627,61.165542977673674,19.315434624528528,11.267336864308309,31.65585119019953,33.80201059292492,55.8001444708602,56.87322417222289,7.5115579095388725,37.55778954769436,63.84824223108041,0.04232004012568745,0.04315392585039353,0.04191974093645521,0.04271461569541342,0.04211667087305324,0.043547012931232275,0.03859990249652549,0.04131912613655957,0.042689697215531806,0.0430698303718486,0.04200958668595138
2265,44.57932599209879,23.570678110764877,37.91804739557828,34.84361112026112,18.95902369778914,34.84361112026112,23.058272064878683,37.40564134969209,5.12406045886193,37.91804739557828,49.70338645096072,30.231956707285384,9.735714871837667,37.40564134969209,25.62030229430965,51.2406045886193,50.728198542733104,5.12406045886193,28.182332523740612,49.70338645096072,0.04585698381468453,0.04709970578026398,0.043102200600682816,0.044530416419630826,0.04421878570979447,0.04384267517651574,0.042937818242283425,0.04441697376508985,0.044515222693152195,0.04327349523979422,0.043799676671914936
2266,45.04139437932479,24.056199270775743,39.41122008190919,35.31654786560694,18.937859000397925,33.269211757455814,23.03253121670018,37.36388397375807,6.142008324453381,37.87571800079585,49.64790062266483,29.17453954115356,9.724846513717853,37.87571800079585,25.59170135188909,49.64790062266483,50.67156867674039,5.118340270377818,28.150871487077996,49.64790062266483,0.04573877507886273,0.04705345614290986,0.04299880202516498,0.04460418824589953,0.04430155047348929,0.044055030110332925,0.0431394210382635,0.044388477634972945,0.04445223084077381,0.04359747170588905,0.043836569665659596
2267,42.165125669208074,22.110980533853017,44.73616991733052,36.5088283233387,20.05414513535506,27.253069030097905,22.110980533853017,40.10829027071012,7.198923894742842,39.59408142108563,51.42088496244887,29.82411327822035,9.255759293240798,43.19354336845706,31.8809486767183,50.906676112824385,48.335631864701945,5.656297345869376,25.710442481224437,47.82142301507745,0.045409541984840394,0.0461331734342568,0.04246228478585415,0.044206989513669755,0.04447591815785882,0.04422437604871872,0.042511672277341477,0.04390647442954672,0.04397593445103144,0.04392617917181478,0.04455860612057832
2268,48.01747169906824,22.16191001495457,42.74082645741239,33.24286502243186,22.689574539120155,32.18753597410068,27.43855525661042,52.23878789239292,13.191613104139625,41.157832884915635,69.12405266569164,22.16191001495457,5.8043097658214355,43.26849098157797,27.43855525661042,69.12405266569164,55.932439561552016,5.8043097658214355,32.71520049826627,64.90273647236695,0.043528226369270485,0.043608680584890126,0.042916612824479596,0.04408962709078271,0.04203715405353469,0.04264339108039487,0.04182890568989115,0.04267798014012212,0.043724983835742436,0.042527736449915594,0.04275217771539123
2269,46.51703129600928,22.201310391277158,43.87401815419057,33.83056821527948,23.25851564800464,32.77336295855199,28.015939303278316,50.21724969455547,12.686463080729803,40.70240238400812,67.66113643055895,21.144105134549672,6.3432315403649016,44.402620782554315,29.0731445600058,69.24694431565018,54.974673349829146,5.81462891200116,32.77336295855199,67.13253380219521,0.04343829453376103,0.04369736344794651,0.04276726796617869,0.043624792746002776,0.041901154972056646,0.04254200670600837,0.04157300674900659,0.04282973774018974,0.04373045703189425,0.0426145679377032,0.04267872180551043
2270,42.97484699769706,21.746308119316584,59.54346270765255,41.93930851582484,20.710769637444365,35.72607762459153,32.10169293803877,39.35046231114429,15.015307987147164,45.045923961441495,66.79223208075808,30.54838521523044,12.944231023402729,40.386000793016514,24.85292356493324,55.919078021099786,62.650078153269206,10.873154059658292,40.386000793016514,60.061231948588656,0.04477050175261451,0.04431154365357028,0.042742188253756405,0.04449542350039328,0.04342200825100941,0.045843759165150835,0.043216282577750315,0.043721829668443346,0.04363041320960629,0.04353251361984617,0.04254429541174991
2271,48.00233445536815,22.154923594785302,43.25485082791416,33.23238539217795,22.682421775613523,32.17738903052151,27.429905403067515,52.22231990199392,13.187454520705536,41.144858104601276,69.10226168849701,22.154923594785302,5.802479989110436,43.78234900874238,27.429905403067515,68.57476350766879,55.91480716779147,5.802479989110436,32.70488721134973,64.35477806104302,0.04354306303712412,0.043670421597353584,0.04288211253890281,0.04411241057255421,0.04205275077112142,0.04267652178908342,0.0417856987943001,0.042698666143303324,0.043740128338552654,0.04253808801418427,0.042801957575298595
2272,34.427531873786954,18.77865374933834,40.6870831235664,26.081463540747695,18.77865374933834,30.254497707267326,20.865170832598157,45.381746560900986,7.824439062224308,38.078936769491634,48.51152218579071,23.994946457487877,9.38932687466917,32.862644061342095,23.473317186672926,55.292702706385114,44.33848801927108,5.216292708149539,34.94916114460191,47.989892914975755,0.042911273589642536,0.0440339859704243,0.04383057600468462,0.04550297229202442,0.04257923001147708,0.04310438627228792,0.043956217440494945,0.043198415032491645,0.04365691866522531,0.04339176709139168,0.042204986814901625
2273,46.59569672399222,21.74465847119637,58.50348588679024,39.34747723359343,20.709198543996543,36.75882741559386,31.58152777959473,40.38293716079326,14.49643898079758,41.936127051593,68.3403551951886,30.028337888794987,12.425519126397926,41.936127051593,24.851038252795853,56.43256603239058,60.57440574118989,11.390059199198099,38.82974726999352,63.68078552278937,0.044627883953829064,0.04449127716898724,0.04265038963504774,0.044763102353542035,0.04388075659085299,0.04543226111982108,0.04318696180838866,0.0442027575382829,0.043517025769487114,0.04294097322527133,0.04257664723657638
2274,46.094036474079566,21.75224193158811,57.488067962054295,39.36119968573087,20.71642088722677,37.28955759700819,31.592541853020826,40.39702073009221,14.50149462105874,42.98657334099555,67.84627840566768,30.03881028647882,11.911942010155395,41.950752296634214,25.377615586852794,56.45224691769295,61.113441617318976,11.394031487974724,38.843289163550196,63.70299422822232,0.044561198471707385,0.04440604673999214,0.04254917846152195,0.044899814682541804,0.043867097561606415,0.045340624674583684,0.04315620442691374,0.04416621096005902,0.04347909244347322,0.04300240526089638,0.042661604136034904
2275,46.10164510764154,21.755832522707244,58.01555339388598,38.84970093340579,20.71984049781642,37.29571289606956,32.115752771615455,40.403688970742024,13.985892336026085,41.95767700807826,67.85747763034878,30.04376872183381,11.913908286244443,41.95767700807826,25.381804609825117,56.46156535654975,61.123529468558445,11.395912273799032,38.84970093340579,64.74950155567632,0.04453041119127581,0.04439718108075143,0.042535338466792916,0.04487983728428051,0.0438314743313393,0.04537090693782596,0.043114235251233805,0.04422686555626812,0.04347812539269159,0.04294244138553941,0.04269717067659056
2276,41.07552164773245,23.471726655847117,46.4100049786068,26.672416654371723,18.137243324972772,33.60724498450837,20.271036657322508,32.006899985246065,9.068621662486386,41.608969980819886,63.4803516374047,16.536898325710467,10.135518328661254,27.739313320546593,22.404829989672248,50.67759164330627,61.34655830505496,4.267586664699476,25.605519988196853,43.742763313169625,0.04469761470762317,0.04251791690829467,0.04153862262137622,0.04169550217622146,0.04252640995606589,0.0433592105186307,0.04053720497054946,0.04225020650838706,0.04318814956341557,0.041326118424415165,0.042914710557586125
2277,41.17156881878101,22.99191505464394,44.914438711397466,25.66539354936998,18.17965376413707,34.22052473249331,20.85313225886311,32.61643763565768,10.693913978904158,41.17156881878101,64.16348387342495,17.64495806519186,10.159218279958951,26.734784947260398,21.922523656753526,50.796091399794754,62.55939677658933,4.277565591561664,26.200089248315187,43.310351614561846,0.044205774199696415,0.042628288045321164,0.04145162917548767,0.041295547349694386,0.04293444348603944,0.04318681699434382,0.04023910315744918,0.042240230330859385,0.04295991129891118,0.0413622430611963,0.04280031395579305
2278,41.17156881878101,22.99191505464394,44.914438711397466,25.66539354936998,18.17965376413707,34.22052473249331,20.85313225886311,32.61643763565768,10.693913978904158,41.17156881878101,64.16348387342495,17.64495806519186,10.159218279958951,26.734784947260398,21.922523656753526,50.796091399794754,62.55939677658933,4.277565591561664,26.200089248315187,43.310351614561846,0.044205774199696415,0.042628288045321164,0.04145162917548767,0.041295547349694386,0.04293444348603944,0.04318681699434382,0.04023910315744918,0.042240230330859385,0.04295991129891118,0.0413622430611963,0.04280031395579305
2279,41.17156881878101,22.99191505464394,44.914438711397466,25.66539354936998,18.17965376413707,34.22052473249331,20.85313225886311,32.61643763565768,10.693913978904158,41.17156881878101,64.16348387342495,17.64495806519186,10.159218279958951,26.734784947260398,21.922523656753526,50.796091399794754,62.55939677658933,4.277565591561664,26.200089248315187,43.310351614561846,0.044205774199696415,0.042628288045321164,0.04145162917548767,0.041295547349694386,0.04293444348603944,0.04318681699434382,0.04023910315744918,0.042240230330859385,0.04295991129891118,0.0413622430611963,0.04280031395579305
2280,41.17156881878101,22.99191505464394,44.914438711397466,25.66539354936998,18.17965376413707,34.22052473249331,20.85313225886311,32.61643763565768,10.693913978904158,41.17156881878101,64.16348387342495,17.64495806519186,10.159218279958951,26.734784947260398,21.922523656753526,50.796091399794754,62.55939677658933,4.277565591561664,26.200089248315187,43.310351614561846,0.044205774199696415,0.042628288045321164,0.04145162917548767,0.041295547349694386,0.04293444348603944,0.04318681699434382,0.04023910315744918,0.042240230330859385,0.04295991129891118,0.0413622430611963,0.04280031395579305
2281,45.48403455313101,22.213133153854677,42.83961393957688,34.906352098914496,23.27090139927633,32.79081560807119,26.97309025825211,51.830644025660916,13.750987190481467,40.19519332602275,69.28382007511816,21.155364908433025,6.3466094725299085,43.368498062287706,28.559742626384587,69.28382007511816,56.061717007347525,5.817725349819082,32.261931485360364,66.63939946156404,0.0436361424142983,0.043660595850702325,0.0427451341837668,0.04365298580792784,0.041925929100788614,0.042568373006863544,0.04153190951760888,0.042654700330563,0.043543634835617684,0.04251786151068805,0.042678610730349335
2282,39.5933379293338,20.06062455086246,49.623650204765035,35.370048550204864,21.116446895644696,23.228091585209164,19.532713378471342,41.70498261889827,9.502401103040112,42.760804963680506,60.7097848249785,19.004802206080225,5.807022896302291,34.84213737781374,22.172269240426928,51.207383721938385,53.319028411502856,7.390756413475643,29.56302565390257,58.070228963022906,0.0444976748065116,0.043758006560965575,0.04204250196263505,0.042784347625806324,0.042647238133756954,0.044518672549462505,0.0411701674592641,0.04285122952344197,0.044017075732836045,0.04083069225133631,0.04297122100286631
2283,38.3504693900189,20.488606934393662,47.28140061783152,25.216746996176813,20.488606934393662,23.64070030891576,19.963258038639978,39.40116718152627,7.880233436305255,38.87581828577259,53.06023847112205,21.013955830147346,7.354884540551571,30.995584849467335,19.437909142886294,57.26302963715151,48.33209840933889,5.778837853290519,27.843491474945232,62.51651859468835,0.044837603280879976,0.04477142561226043,0.04119060124334636,0.04333610650478516,0.0429188247696382,0.044444847850473944,0.041972445395927566,0.0426113957635715,0.042567442283409924,0.04260536649512051,0.04339504504690284
2284,45.790008281723225,23.415345144063014,40.066257246507824,34.34250621129242,21.854322134458812,36.94421122729942,23.935686147264413,47.871372294528825,10.406820064028006,37.98489323370222,62.44092038416804,26.537391163271415,10.927161067229406,36.94421122729942,32.261142198486816,69.72569442898764,47.871372294528825,5.203410032014003,39.54591624330642,49.952736307334426,0.04485062167116031,0.04588668918333206,0.04123245814763748,0.04279671754560629,0.04414208102137767,0.04347673683798428,0.04211711212493472,0.04193122759926905,0.04417343568706613,0.04502630667033222,0.044025610309899516
2285,46.064405908151144,22.23798905910745,44.4759781182149,34.41593544861867,23.296940919064944,32.82750765868242,27.532748358894935,50.300213347981135,13.766374179447467,41.2991225383424,69.89082275719484,21.179037199149953,5.824235229766236,43.4170262582574,28.062224288873686,70.42029868717358,55.59497264776862,5.824235229766236,31.239079868746177,67.77291903727985,0.04358762325123672,0.04381159555824472,0.042501213954195566,0.04348599798372466,0.0420680886425787,0.04249942548236716,0.04152710926104183,0.04258014912241625,0.04341148717443642,0.042531398424887686,0.042519981166121594
2286,47.643219391762905,21.17476417411685,43.93763566129246,33.879622678586955,22.76287148717561,32.29151536552819,27.5271934263519,52.93691043529212,13.76359671317595,39.17331372211617,69.87672177458559,22.23350238282269,6.881798356587975,42.878897452586614,26.99782432199898,68.81798356587976,56.642494165762564,5.823060147882133,32.820884469881115,65.64176893976223,0.04348491439886802,0.04343951659038715,0.04236776156320687,0.04373121776667198,0.04209675156362568,0.0426531628279482,0.04155771813560332,0.04270878879580842,0.043398103359973225,0.04246206113158846,0.04273089951339741
2287,42.725416632435945,22.964911439934323,45.395755171963195,26.703385395272466,17.62423436087983,34.18033330594876,20.828640608312522,32.57813018223241,10.147286450203538,40.0550780929087,65.69032807237026,16.55609894506893,10.147286450203538,26.703385395272466,21.362708316217972,49.66829683520679,62.48592182493757,4.272541663243595,26.169317687367016,42.725416632435945,0.04437074171956443,0.04261571793643308,0.04157770808170493,0.041491935292696305,0.042810735877974515,0.04307696841300453,0.040671501138366595,0.04223982334184724,0.04301518077759856,0.04120643339889439,0.04285554611646617
2288,42.99077353839004,18.873998138805383,60.29193849896164,35.12660764722113,28.835274934286,27.26244175605222,23.0682199474288,45.612162168779676,9.436999069402692,39.320829455844546,67.1075489379747,30.93238583859771,11.009832247636473,37.74799627761077,30.408108112519784,57.14627214249408,48.75782852524724,7.339888165090982,39.84510718192247,51.37921715563687,0.04380597998239948,0.044226862568260125,0.04384463747242561,0.04422217300386041,0.04258226198645912,0.042688729221312526,0.04275569723686622,0.04261252104875304,0.0443140871837073,0.041966968888063616,0.04270235532996536
2289,42.99077353839004,18.873998138805383,60.29193849896164,35.12660764722113,28.835274934286,27.26244175605222,23.0682199474288,45.612162168779676,9.436999069402692,39.320829455844546,67.1075489379747,30.93238583859771,11.009832247636473,37.74799627761077,30.408108112519784,57.14627214249408,48.75782852524724,7.339888165090982,39.84510718192247,51.37921715563687,0.04380597998239948,0.044226862568260125,0.04384463747242561,0.04422217300386041,0.04258226198645912,0.042688729221312526,0.04275569723686622,0.04261252104875304,0.0443140871837073,0.041966968888063616,0.04270235532996536
2290,42.99077353839004,18.873998138805383,60.29193849896164,35.12660764722113,28.835274934286,27.26244175605222,23.0682199474288,45.612162168779676,9.436999069402692,39.320829455844546,67.1075489379747,30.93238583859771,11.009832247636473,37.74799627761077,30.408108112519784,57.14627214249408,48.75782852524724,7.339888165090982,39.84510718192247,51.37921715563687,0.04380597998239948,0.044226862568260125,0.04384463747242561,0.04422217300386041,0.04258226198645912,0.042688729221312526,0.04275569723686622,0.04261252104875304,0.0443140871837073,0.041966968888063616,0.04270235532996536
2291,42.98208877678827,18.87018531663875,60.279758650373786,35.11951156152212,28.8294497893092,27.25693434625597,23.06355983144736,45.60294784854364,9.435092658319375,39.31288607633073,67.09399223693778,30.926137046713507,11.007608101372604,37.7403706332775,30.401965232362432,56.61055594991625,48.747978734650104,7.338405400915069,39.837057890681805,51.36883780640549,0.04379817146207605,0.04411260738787128,0.04383283750344849,0.044351232781478844,0.04261550828696471,0.042643450072877634,0.042675032043279486,0.04273361346633528,0.04436650323769274,0.041924470894267256,0.042774758512631905
2292,47.15466246847897,21.193106727406278,43.975696459368024,32.319487759294574,22.78258973196175,32.84931542747973,28.080866413813318,53.51259448670085,13.245691704628923,41.32655811844224,67.81794152770009,21.722934395591434,6.3579320182218835,43.44586879118287,27.551038745628162,69.93725220044071,56.161732827626636,5.8281043500367264,32.84931542747973,65.69863085495946,0.043416180726445826,0.04363894206460271,0.04259734959178662,0.04349974873331878,0.041995619006777736,0.042462103761736855,0.041463432310272774,0.04272709457223518,0.04335005328827486,0.04258066499987835,0.04244114275951337
2293,45.95261646693464,22.184021742658103,42.78347050369777,35.916987583351215,23.240403730403727,32.74784162011434,26.4095496936406,50.17814441791714,11.620201865201864,40.14251553433371,71.83397516670243,22.184021742658103,6.866482920346556,41.198897522079335,26.93774068751341,70.249402185084,55.46005435664526,5.810100932600932,33.80422360785997,64.96749224635587,0.04340794026666225,0.04385882857273298,0.04281070260700871,0.04408003906605102,0.042016590192616284,0.04253396357308741,0.04192157762857505,0.042810768865997335,0.043308017495778575,0.0428168762490077,0.04224370160967078
2294,43.272326732068784,22.97172900591306,46.47768426777758,26.177086541621858,17.629466446398396,34.724706636845326,20.300597726155726,33.122027868990926,9.08184635117493,40.60119545231145,64.64137697012745,17.629466446398396,10.150298863077863,26.711312797573324,22.97172900591306,47.546136779680516,61.43601943441865,4.273810047611732,26.177086541621858,43.80655298802025,0.044311583917167205,0.04250861814332352,0.04143344498274041,0.04161579384511509,0.042837619708234034,0.043259523258186404,0.040628769745443744,0.04218395489562215,0.0429400471306677,0.04130545499774405,0.04274893342428935
2295,43.245758179976214,22.95762471282688,44.84745292738275,27.228810705910952,18.152540470607303,34.16948794467257,20.822031716284844,32.56779319726604,9.610168484439159,40.04236868516316,64.06778989626106,17.084743972336284,10.144066733574668,27.228810705910952,21.355929965420355,48.5847406713313,62.466095148854535,4.271185993084071,26.161014207639933,43.779656429111725,0.044423174358545814,0.042565942136765164,0.0418253411933513,0.04149186259731443,0.04264737370140271,0.04297088108062033,0.040886834446881445,0.04228072626767462,0.04303769042149507,0.0409857324155758,0.04298619224486464
2296,42.38939777109646,21.19469888554823,42.90634164635374,32.05052026595098,19.64386725977641,29.465800889664614,22.74553051132005,38.770790644295545,8.788045879373657,42.38939777109646,55.31299465252831,29.982744764921886,7.754158128859109,38.770790644295545,27.398025388635517,51.69438752572739,52.21133140098466,6.203326503087287,28.431913139150065,46.00800489789738,0.04576894906544562,0.04656629874670125,0.04263793437216011,0.04384625492888135,0.04334149469601287,0.04332741133406335,0.04278410381565844,0.04462961075226889,0.04362096537668756,0.042919291771053004,0.04361380988379353
2297,37.56478159366392,23.35108045011541,41.118206879551046,22.335816082719088,20.305287347926445,23.35108045011541,24.366344817511735,39.59531032845656,9.64501149026506,26.904505736002537,52.28611492091059,20.812919531624605,11.167908041359544,29.950298838191504,20.305287347926445,43.656367798041856,41.62583906324921,10.660275857661382,26.396873552304378,48.225057451325306,0.04653020289156125,0.04631118888487069,0.043094871002380394,0.04462556155035483,0.04303621600890086,0.045062254674770506,0.044841770111138865,0.046185165373059146,0.044197850793898916,0.04371251718899837,0.04477021782190495
2298,40.15682872531028,17.66900463913652,36.40885804428132,30.51918983123581,20.346126554157205,28.9129166822234,24.094097235186165,41.22767749131855,9.637638894074467,34.80258489526891,65.32177472650471,17.66900463913652,4.283395064033096,38.015131193293726,23.023248469177894,63.715501577492304,49.79446761938474,4.283395064033096,25.700370384198578,59.43210651345921,0.043249627805943984,0.043179776046879316,0.0417508008271029,0.043279865971262724,0.04140661871157021,0.04167785758065828,0.04080201840789226,0.04253002515419657,0.0432353821258705,0.04183545449544385,0.04162818986904234
2299,46.617909630251106,21.719707895912446,43.96916476489593,33.90393427654626,23.308954815125553,32.84443633040419,27.0171976266228,51.38565038789042,12.713975353704848,40.260921953398686,68.86736649923459,21.189958922841413,5.827238703781388,43.43941579182489,28.076695572764873,70.4566134184477,56.683140118600775,5.827238703781388,33.37418530347522,66.74837060695044,0.04346809240711054,0.043496718502584415,0.042464305782549325,0.043801537530292436,0.04189070892002131,0.042453189226024875,0.04150315795709473,0.0425451118472225,0.04349817954334574,0.042564392725945484,0.0425656324867734
2300,47.59069227195369,21.680204257223348,44.41797945382345,33.31348459036759,23.266560666288473,32.255913650990834,26.968058954107093,51.82097602946069,13.21963674220936,40.716481166004826,68.74211105948866,21.680204257223348,5.287854696883744,43.889193984135076,27.49684442379547,68.74211105948866,56.051259786967684,5.816640166572118,33.31348459036759,66.62696918073517,0.04349937555410026,0.04336099189317669,0.042431462487266064,0.043799514653064614,0.041946681248395325,0.04267985013133456,0.04172564156580875,0.04284463168514141,0.043443385836017714,0.042846790902001754,0.042636204355318494
2301,47.59069227195369,21.680204257223348,44.41797945382345,33.31348459036759,23.266560666288473,32.255913650990834,26.968058954107093,51.82097602946069,13.21963674220936,40.716481166004826,68.74211105948866,21.680204257223348,5.287854696883744,43.889193984135076,27.49684442379547,68.74211105948866,56.051259786967684,5.816640166572118,33.31348459036759,66.62696918073517,0.04349937555410026,0.04336099189317669,0.042431462487266064,0.043799514653064614,0.041946681248395325,0.04267985013133456,0.04172564156580875,0.04284463168514141,0.043443385836017714,0.042846790902001754,0.042636204355318494
2302,47.6184510894046,21.692849940728763,44.443887683444295,33.33291576258322,23.280131643708916,32.80382186158983,27.51288285165599,51.851202297351676,13.227347524834611,40.7402303764906,68.25311322814659,21.16375603973538,5.290939009933845,43.385699881457526,27.51288285165599,68.78220712913998,56.08395350529875,5.820032910927229,33.33291576258322,66.66583152516644,0.04359072831768283,0.043404266052613626,0.04257466127940097,0.04363746737129693,0.04186399359629484,0.042530229373482144,0.04153908696293037,0.04283145522906384,0.04345148267814321,0.04273820547446269,0.04274452267124407
2303,43.802756806950306,22.435558364535524,45.93947665119179,27.24317801407885,18.162118676052568,34.72169746892403,20.833018481354415,32.584977624682544,9.081059338026284,41.13185700164846,64.10159532724435,17.093758753931827,10.149419260147022,27.24317801407885,21.367198442414786,49.14455641755401,60.896515560882136,4.273439688482957,25.64063813089774,43.26857684588994,0.04433471683432982,0.042583161885195224,0.041565636901346695,0.04154365807589562,0.042600036112720466,0.043120998298916136,0.040773830433380495,0.04235179400298154,0.043075797325000165,0.041208958909901526,0.04266145015996275
2304,47.20589983772207,21.74653812748994,46.14509309979573,31.82420213779016,22.80734486541628,32.885008875716494,28.111378555047974,51.979530158390595,13.260084224079232,39.7802526722377,69.48284133417518,21.74653812748994,5.834437058594863,43.49307625497988,28.111378555047974,69.48284133417518,55.69235374113278,5.834437058594863,32.885008875716494,66.83082448935933,0.043602390149421334,0.04364985737574313,0.042403295060137416,0.04360463798893424,0.04168830873391529,0.04252287125903387,0.04124513295099057,0.042670692155641954,0.043411335267281685,0.042471124639938476,0.042326985455792686
2305,45.891576438301875,23.209532911325084,42.72664013221209,33.23183121394273,22.682043526976788,32.70434182959444,26.37446921741487,52.74893843482974,12.659745224359138,40.089193210470604,68.57361996527867,21.099575373931895,6.329872612179569,41.1441719791672,28.48442675480806,70.15608811832355,55.913874740919525,5.274893843482974,34.28680998263933,66.99115181223377,0.04397764758795524,0.04343121248011968,0.04289314835491903,0.04389574234366814,0.042062631692706035,0.04273649510365078,0.04143553903532703,0.042872202104759234,0.04378611665034006,0.04298591278512065,0.042433967513136724
2306,46.99707485071859,23.234508914962,43.82873272595104,33.26759231005922,23.234508914962,32.73953528926464,27.458965081318727,51.749588037869906,13.729482540659363,39.60427655959432,68.64741270329681,20.066166790194455,5.8086272287405,43.30067570515645,27.987022102113315,70.23158376568058,55.44598718343204,5.8086272287405,32.211478268470046,66.53518462011844,0.04363262108725516,0.04379811694030186,0.042749612447337736,0.043853686498441735,0.042180761861142134,0.042439108589561444,0.04187188847050285,0.04264485438289522,0.043457086833977074,0.04285999748871823,0.042455244605275756
2307,45.59263239348158,21.2058755318519,45.062485505185286,33.929400850963034,23.326463085037087,31.27866640948155,26.507344414814874,51.42424816474085,13.783819095703734,40.8213103988149,68.91909547851867,21.736022420148196,6.36176265955557,44.00219172859269,27.567638191407468,69.44924236681497,56.72571704770383,5.831615771259272,32.86910707437044,67.85880170192607,0.04348225764232569,0.04340139306795233,0.04226686877872244,0.04364232447488206,0.041952253675351915,0.042332088851504676,0.04146645760142326,0.042588873833350895,0.043484580455209164,0.04257982668700392,0.04265618663597622
2308,46.92362480345699,23.19819653204615,44.814697845998246,33.74283131933986,23.19819653204615,32.68836784061048,26.888818707598947,50.614246979009785,13.180793484117132,40.06961219171608,69.06735785677377,20.562037835222725,6.326780872376223,43.76023436726888,27.943282186328318,69.06735785677377,54.83210089392727,5.799549133011538,32.1611361012458,65.90396742058566,0.0436431013247557,0.04397815618837695,0.042670536628950734,0.044103725409405756,0.04193869578880351,0.04242750885655812,0.04177155160869513,0.042807784714349616,0.04387356809625103,0.04292797931784777,0.0426256527013205
2309,41.62809291499673,17.915888089998592,57.963167349995445,38.993403489996936,30.035459444997638,28.454645789997763,20.550577514998384,49.00522330499614,7.37713038999942,40.04727925999685,66.39417350999477,28.981583674997722,10.011819814999212,37.93952771999702,28.454645789997763,59.01704311999536,53.747664269995774,7.9040682749993785,40.04727925999685,54.27460215499573,0.04397689949813379,0.04372953068511966,0.043944823068171525,0.04371270361982153,0.04207061700160669,0.043128295421177985,0.04331040537465136,0.04256294023099036,0.04378668169104803,0.04109807989007912,0.04174113851924147
2310,47.58324866397719,21.676813280256273,42.824923797579466,33.83697682771711,22.734218806122435,32.77957130185095,28.021246435453232,52.87027629330799,13.217569073326997,39.65270721998099,69.26006194423346,21.676813280256273,6.873135918130038,43.353626560512545,26.963840909587073,69.78876470716654,57.09989839677262,5.815730392263879,32.77957130185095,63.97303431490266,0.04365537986297236,0.043378101062924966,0.042360657592629435,0.043838948410454694,0.04191333172646224,0.04280909567294999,0.04159618854196892,0.0429751507730172,0.04345191166464648,0.04259499619539638,0.04272347556349745
2311,48.77524492532321,21.206628228401392,44.53391927964292,32.340108048312125,22.797125345531498,32.340108048312125,28.098782402631848,53.54673627671352,14.844639759880975,39.76242792825261,70.51203885943464,21.73679393411143,6.361988468520418,42.413256456802785,26.508285285501742,67.33104462517443,57.25789621668376,5.831822762810384,33.4004394597322,65.21038180233428,0.04350480080215956,0.0433572146372136,0.042245693425694626,0.04357763099123157,0.04190459182227083,0.04273336597515687,0.04158654921891779,0.04271901298662953,0.043140018937544634,0.04256395676635378,0.04250145872679236
2312,48.78298983810104,21.20999558178306,45.071240611289,31.81499337267459,23.330995139961367,32.87549315176374,28.103244145862554,53.555238844002226,14.316747017703564,39.238491826298656,69.99298541988409,21.740245471327636,6.362998674534918,42.950241053110695,26.512494477228824,66.81148608261664,57.797237960358835,5.832748784990342,33.40574304130832,65.2207364139829,0.04346900835744824,0.043336936229222266,0.042303917661863304,0.04354500393019568,0.04199483593532018,0.04270273399725608,0.04157311538639972,0.04267577465804026,0.0430441800767701,0.04263584954327208,0.042468754679635616
2313,37.56305771777417,23.350008851589347,41.11631993432037,22.33479107543329,20.30435552312117,23.350008851589347,24.365226627745407,39.593493270086284,9.644568873482557,26.903271068135552,52.28371547203702,20.811964411199202,11.167395537716645,30.456533284681758,20.30435552312117,43.65436437471052,41.623928822398405,10.659786649638615,26.395662180057524,47.71523547933475,0.04658993842357467,0.04635524029203861,0.04313547604550869,0.044686346950747316,0.04298763826427294,0.04510305590143888,0.04484108800676762,0.04612448986366129,0.04414849392784465,0.043663634263710366,0.04475570998240578
2314,47.2369128327652,21.230073183265258,42.99089819611215,33.968117093224414,22.82232867201015,32.90661343406115,28.129846967826467,53.07518295816315,14.33029939870405,39.806387218622355,71.12074516393861,21.230073183265258,6.899773784561209,41.39864270736725,26.537591479081573,70.58999333435698,57.3211975948162,5.838270125397946,32.90661343406115,65.28247503854067,0.04342701132420238,0.043505210332305755,0.042370560027512105,0.04349687446346317,0.041643873282267325,0.04239622118676554,0.041582621535857955,0.04249031728196134,0.043385778216970705,0.042430771844773923,0.0425189309222883
2315,47.120195616920476,21.707056407794823,43.943553215779765,33.88418561216753,23.29537760836518,32.8253048117873,27.53090080988612,51.35571881844142,13.236010004752941,40.23747041444894,69.35669242490542,21.707056407794823,5.823844402091295,42.88467241539953,28.06034121007624,69.88613282509553,55.59124201996236,5.823844402091295,32.8253048117873,66.70949042395483,0.04348276623343791,0.043488569859209,0.04253308217217351,0.04380198913516352,0.0420174723820402,0.04250619581552484,0.04146250546125109,0.04266985876181364,0.04348190830951449,0.04258328582407702,0.042531965855677006
2316,45.89581750287981,22.156601553114392,42.73058870957775,36.40013112297364,23.21167781754841,32.17982606523757,25.84936847863346,49.588584428398875,12.133377040991215,40.09289804849271,71.74518598151327,22.684139685331402,7.38553385103813,41.67551244514374,26.904444743067476,70.16257158486223,54.33642761835196,5.802919454387102,33.234902329671584,65.41472839490916,0.04357876202628645,0.04381729190802526,0.042698650953971934,0.04406167756561841,0.04211058479214098,0.042613697175915295,0.042016797419838325,0.042937859338619225,0.04339590688203634,0.042799387466653134,0.04243125225388535
2317,41.01249874779142,22.903083716299104,44.20827787099594,26.63149269337105,17.576785177624892,33.0230509397801,20.239934446961996,34.088310647514945,10.119967223480998,41.54512860165884,62.85032275635568,17.044155323757472,9.587337369613579,27.16412254723847,22.903083716299104,49.00194655580273,61.252433194753415,4.261038830939368,27.69675240110589,44.74090772486336,0.04442205439821841,0.042737420856045365,0.041589504588902614,0.04167776838082307,0.0431428276248822,0.043453427079532266,0.0407028637547154,0.042031390687511924,0.04326188628744576,0.04168231172973599,0.04266869074476602
2318,37.56478159366392,23.35108045011541,41.118206879551046,22.335816082719088,20.305287347926445,23.35108045011541,24.366344817511735,39.59531032845656,9.64501149026506,26.904505736002537,52.28611492091059,20.812919531624605,11.167908041359544,29.950298838191504,20.305287347926445,43.656367798041856,41.62583906324921,10.660275857661382,26.396873552304378,48.225057451325306,0.04653020289156125,0.04631118888487069,0.043094871002380394,0.04462556155035483,0.04303621600890086,0.045062254674770506,0.044841770111138865,0.046185165373059146,0.044197850793898916,0.04371251718899837,0.04477021782190495
2319,37.23753989282185,25.16049992758233,40.76000988268338,23.65086993192739,20.128399942065865,22.644449934824095,22.644449934824095,39.753589885580084,9.560989972481286,27.173339921788916,52.333839849371245,20.631609940617512,10.567409969584578,29.68938991454715,20.128399942065865,42.26963987833831,40.76000988268338,10.567409969584578,26.67012992323727,46.295319866751484,0.04700262445951084,0.047082867318857004,0.04376599418741873,0.04481431362578175,0.04334144070456824,0.045340152559188586,0.045140635996868884,0.04682119803695647,0.044901261987809415,0.04395794773905788,0.0446215648323355
2320,45.42407946914315,21.928865950620832,40.20292090947153,33.93753063786558,22.450981806587997,37.59234162963571,24.017329374489485,48.03465874897897,9.920201263376091,38.11445748560288,61.6096710041252,26.627908654325296,10.964432975310416,38.63657334157004,32.89329892593125,69.9635246995998,48.03465874897897,5.221158559671627,40.72503676543869,50.123122172847616,0.044704895492139046,0.04562104122978281,0.041223003826846204,0.0427299699431648,0.04373710302821375,0.043211763444483985,0.04212082405547434,0.04187005528301854,0.043809624985632185,0.04496052066082932,0.04389534208325231
2321,45.345388563003226,22.41208860010504,40.13327493507182,33.87873858155413,21.8908772373119,37.52721812110612,23.975722688484463,47.95144537696893,9.90301589306967,38.048429483899255,61.50294080959058,26.581779502450164,10.94543861865595,38.569640846692394,32.836315855967854,69.84232261428083,47.95144537696893,5.212113627931405,40.654486297864956,50.03629082814149,0.04486449578509958,0.045661595395276935,0.04136237530459414,0.04289214696606869,0.043939746328606484,0.043342890923767925,0.04198079358004188,0.0419859129699854,0.0439000901236761,0.044928565109597945,0.04393002472014444
2322,45.345388563003226,22.41208860010504,40.13327493507182,33.87873858155413,21.8908772373119,37.52721812110612,23.975722688484463,47.95144537696893,9.90301589306967,38.048429483899255,61.50294080959058,26.581779502450164,10.94543861865595,38.569640846692394,32.836315855967854,69.84232261428083,47.95144537696893,5.212113627931405,40.654486297864956,50.03629082814149,0.04486449578509958,0.045661595395276935,0.04136237530459414,0.04289214696606869,0.043939746328606484,0.043342890923767925,0.04198079358004188,0.0419859129699854,0.0439000901236761,0.044928565109597945,0.04393002472014444
2323,37.56110248298651,23.348793435369995,41.11417974489064,22.33362850339739,20.30329863945217,23.348793435369995,24.363958367342605,39.59143234693173,9.644066853739782,26.901870697274124,52.28099399658934,20.810881105438476,11.166814251698694,29.94736549319195,19.795716173465866,44.15967454080847,41.62176221087695,10.65923178571239,26.39428823128782,48.220334268698906,0.04653731279949746,0.046315707345097205,0.043098072149946924,0.04464766917808366,0.043034806905707684,0.04507889799162778,0.044852853304490486,0.046179028348098616,0.04419567317119865,0.04370946737608099,0.04476804544386647
2324,42.600875632339346,18.40778576706021,55.74929403738235,37.34150827032214,29.452457227296335,27.874647018691174,21.563406184270534,49.438053202961704,7.8890510430258045,41.5490021599359,64.16428181660987,28.926520491094617,9.992797987832686,37.86744500652386,27.874647018691174,60.482724663197835,53.64554709257547,7.8890510430258045,39.971191951330745,54.17148382877719,0.04404953582636093,0.04393716931455447,0.04387807367955247,0.044133761328291325,0.04222377606053611,0.04320295479635844,0.043445907167430395,0.04261305364228245,0.04371623420689882,0.041137506535638746,0.04172529124037556
2325,42.75173761375813,17.945173813182425,57.530116048143654,35.89034762636485,29.556756868771053,27.973359179372604,21.639768421778808,50.66872606075037,8.44478767679173,40.6405406945602,65.97490372493539,29.02895763897157,10.02818536619018,38.00154454556278,27.973359179372604,59.64131296734159,54.363320669346756,7.916988446992247,39.05714300516175,54.363320669346756,0.04391200955727939,0.043787918390895415,0.04369958761920885,0.04388549962678799,0.04203458079034744,0.043044001702698294,0.043257885807981775,0.042273116721514986,0.043561873332331316,0.040943879238961034,0.041800417412510414
2326,42.18654885969933,17.929283265372217,57.47917282134034,36.913230252236914,29.530584201789534,28.47592048029705,21.62060629059591,50.09652677089296,7.382646050447383,40.60455327746061,65.91648259328021,29.00325234104329,10.019305354178591,37.967893973729396,27.948588619550808,59.588500264325305,54.31518165686289,7.909977911193625,39.54988955596812,54.31518165686289,0.043916716329979885,0.04394932512080459,0.04377422819447525,0.043981865060027436,0.042013587160568897,0.04315178570257962,0.04329373616557828,0.04237624304056822,0.04354351519547759,0.040978974673268706,0.04168816261042987
2327,47.08026837790839,21.688662960609484,44.435309480273084,33.326482110204815,23.275638299190664,32.26849855115069,26.449588976353027,51.84119439365193,13.753786267703575,40.73236702358366,68.76893133851787,21.688662960609484,6.347901354324727,44.435309480273084,27.50757253540715,70.35590667709906,53.95716151176018,5.818909574797666,32.26849855115069,66.12397244088257,0.043641698018774516,0.043609829627029306,0.04252280090752094,0.04354260000516457,0.041906155560496816,0.04241194053465583,0.04167118897248515,0.042688789501417815,0.04351944735454913,0.04280871796626047,0.0426850520245849
2328,42.110209077829246,22.92074671324883,45.308452805259314,26.652031061917242,16.524259258388692,34.11459975925407,20.255543607057106,33.58155913801573,9.594731182290207,41.5771684565909,62.36575268488635,16.524259258388692,9.594731182290207,27.185071683155588,22.387706092010486,49.572777775166074,61.832712063648,4.264324969906759,28.25115292563228,43.70933094154428,0.044434816189954804,0.04271139872783401,0.04137580387155718,0.041523248382619754,0.04312364094017958,0.04335940326067808,0.04066956849847532,0.042080488319103285,0.043343901983290176,0.041806551987771785,0.042530556600191206
2329,46.13540514565473,21.211680526737805,44.01423709298095,33.408396829612045,23.332848579411586,32.8781048164436,27.575184684759147,51.43832527733918,12.727008316042683,40.83248501397028,70.5288377514032,21.74197253990625,5.833212144852896,43.4839450798125,27.575184684759147,71.5894217777401,56.741245409023634,5.833212144852896,33.408396829612045,64.69562560655031,0.043460148437085726,0.04350955734580818,0.04245998145472664,0.04349079475850907,0.041996139176197454,0.04268479759405756,0.04136908791763346,0.04238821709474305,0.04335689132796621,0.04251946442871941,0.042472907296108114
2330,47.43052206942606,22.66124943317023,44.268487264797656,33.728371249369644,22.66124943317023,32.14735384705544,27.404301640112838,52.70058007714007,13.175145019285017,41.10645246016926,68.51075410028209,21.60723783162743,6.324069609256808,43.21447566325486,27.404301640112838,68.51075410028209,55.335609080997074,5.797063808485408,32.67435964782685,65.87572509642509,0.04387760921032476,0.043470857992435746,0.04266976384321768,0.044013126103698993,0.04217639412384585,0.042666626549812466,0.04154118829121758,0.04295102043990511,0.04377270731144065,0.04301130388563163,0.042843601477068796
2331,44.923870425620066,21.939564626465614,40.22253514852029,33.95408811238726,21.939564626465614,37.610682216798196,24.029046971843293,48.058093943686586,9.925041140543968,38.13305280314262,63.20684094767475,26.64089990356539,10.969782313232807,37.610682216798196,33.43171752604284,69.47528798380777,48.058093943686586,5.223705863444194,40.744905734864716,50.669946875408684,0.04475479121709998,0.045480880035449325,0.041265560830700425,0.04295514264663789,0.04375861545790126,0.04333019431113429,0.04192116555273937,0.041927220157843455,0.04365771062919245,0.04483645224625284,0.043741680570629285
2332,44.923870425620066,21.939564626465614,40.22253514852029,33.95408811238726,21.939564626465614,37.610682216798196,24.029046971843293,48.058093943686586,9.925041140543968,38.13305280314262,63.20684094767475,26.64089990356539,10.969782313232807,37.610682216798196,33.43171752604284,69.47528798380777,48.058093943686586,5.223705863444194,40.744905734864716,50.669946875408684,0.04475479121709998,0.045480880035449325,0.041265560830700425,0.04295514264663789,0.04375861545790126,0.04333019431113429,0.04192116555273937,0.041927220157843455,0.04365771062919245,0.04483645224625284,0.043741680570629285
2333,47.77677377621468,21.76497472027558,45.65336160838292,31.320329475518516,23.3575338461494,32.91288860139234,27.073505139854987,53.085304195794095,13.271326048948524,38.75227206292969,69.54174849649026,21.76497472027558,5.83938346153735,43.52994944055116,27.604358181812927,70.0726015384482,56.27042244754174,5.83938346153735,32.3820355594344,67.94918937061644,0.04347269368600556,0.043539213025576826,0.042507742847477346,0.043315175365938596,0.041833674545047425,0.042669388228051365,0.04142541946155307,0.04218295866704874,0.04323733192768146,0.04260250504776441,0.04236085523991427
2334,49.572354630829935,25.313542790211027,51.68181653001418,31.11456301296772,23.73144636582284,36.388217760928356,21.621984466638587,49.572354630829935,12.656771395105514,36.91558323572442,62.22912602593544,23.204080891026777,8.965213071533073,36.91558323572442,30.059832063375598,50.627085580422055,68.03014624869213,6.85575117234882,31.641928487763785,65.9206843495079,0.044018831329477585,0.043131297874248305,0.04190800433084998,0.04394603641287744,0.04312971697022132,0.04246444855871393,0.04316096040885925,0.04161069889561256,0.04308653114492734,0.043499158392737644,0.04267884088541153
2335,45.361777367427244,24.26327626629829,56.43849044551994,32.17521417922165,23.208351211241844,35.33998934439099,22.153426156185397,47.99909000506836,10.021788023036251,36.39491439944744,61.71311572080218,25.845663848882964,9.494325495508027,39.55968956461678,29.537901541580528,53.80117780787882,66.4602784685562,7.384475385395132,30.065364069108753,65.93281594102797,0.043883710711414024,0.04321622645433996,0.042124891041929804,0.04324058686924805,0.04357667055088872,0.04193673734324021,0.04305916547399014,0.04176448653229171,0.04361799287686154,0.04334557659590717,0.04277142802166484
2336,44.14505863351164,15.612276833802897,51.14366549004397,31.224553667605793,21.53417494317641,35.53138865624108,23.68759243749405,54.91214610509984,11.305441845167614,39.83822364487636,69.98606856532332,23.149238063914638,10.228733098008794,38.22316052413812,33.91632553550284,67.83265107100569,55.45050047867925,9.152024350849974,32.839616788344024,65.14087920310864,0.04302633266175677,0.04209883423621041,0.04102958200462537,0.041898831317669055,0.04200577564067828,0.042105465030168855,0.04121511322809998,0.042483409209713587,0.04325800360173287,0.04122857806889713,0.041295701421037535
2337,45.8641711261558,24.25002151497893,56.40765874136403,32.1576372263851,23.195672753458105,35.32068351094757,22.141323991937284,47.972868649197444,10.016313234447818,36.9022066532288,61.67940254896815,25.831544657260164,9.489138853687408,39.538078557030865,29.521765322583043,53.24461245680156,66.42397197581185,7.380441330645761,30.048939703343457,65.89679759505144,0.04391471275963506,0.043218221043060036,0.04218757652057607,0.04328861625412937,0.043554996264292795,0.04209894183074913,0.042864233294560995,0.04208148277596763,0.04333561956710027,0.04341314728532671,0.04286807164419051
2338,40.99049052685051,28.018816309492752,48.773495057265166,30.613151152964306,22.830146622549652,30.094284184269995,27.499949340798445,50.33009596334809,8.820738467803274,43.06595840162775,60.18856836853999,14.528275123440688,12.971674217357757,37.877288714684646,29.575417215575683,50.848962932042404,58.63196746245706,7.264137561720344,33.20748599643586,64.33950411809447,0.04580442684706306,0.0452670218593209,0.043097228668258894,0.04447851564373876,0.04227595528069404,0.04441351148310849,0.043076030488385104,0.04296193435118321,0.04389397490922618,0.04289381684377033,0.04297061493094092
2339,46.031585701365856,22.222144821349033,44.44428964269807,33.862315918246146,23.280342193794226,32.804118545800954,26.984032997352397,51.32257256359181,13.2274671555649,41.798796211585085,69.84102658138268,21.16394744890384,5.8200855484485565,43.91519095647547,28.04223036979759,70.37012526760527,55.55536205337258,5.8200855484485565,31.74592117335576,66.6664344640471,0.043667534348351356,0.043626391632807605,0.04243368132831789,0.04358917694994324,0.041914549407351336,0.0426899236818867,0.04164871511576994,0.04261713961219928,0.0434822847435594,0.04256834002047174,0.04266357693674549
2340,45.90142611157808,22.686911756297214,42.73581051767615,34.29416893393765,23.21451435528087,32.71136113698668,27.43533514715012,51.7050547003983,12.662462375607747,39.57019492377421,69.64354306584261,21.631706558329903,6.85883378678753,42.73581051767615,27.962937746133775,69.11594046685896,55.92587549226755,5.803628588820217,32.183758538003026,66.47792747194067,0.0437425254495464,0.04372705224244069,0.042833838448623186,0.04370918500043425,0.042051747964117765,0.04274340082673781,0.041723814109214864,0.042779088387809486,0.0436971157907432,0.04278520308351032,0.0426044297131659
2341,46.60695960773924,21.71460618087851,43.42921236175702,33.895970623810356,23.30347980386962,32.83672154181628,27.540476131845914,51.37358047671257,13.24061352492592,39.192216033780724,68.85119032961478,21.71460618087851,5.825869950967405,42.89958782075998,28.07010067284295,70.96968849360293,56.669825886682936,5.825869950967405,32.83672154181628,67.26231670662368,0.04343297232411979,0.04352797365685349,0.04251950116644042,0.0437150431361716,0.041872081017763865,0.04258317323829299,0.04151111140376292,0.04263723317113373,0.04341239312965583,0.04259202220636951,0.0425719545523991
2342,48.7583085136814,21.199264571165827,43.45849237088994,32.328878471027885,22.259227799724115,32.328878471027885,27.559043942515572,53.52814304219371,13.779521971257786,37.62869461381934,68.89760985628894,21.199264571165827,6.359779371349748,42.398529142331654,27.559043942515572,68.89760985628894,56.17805111358944,5.829797757070602,32.328878471027885,66.24770178489321,0.043501174998593524,0.04367350685529568,0.04186907489068102,0.04344019058658932,0.04198548340061359,0.04276184141107272,0.04139461805791385,0.04323114953764027,0.043174372724207696,0.042593091808856634,0.042393881449390006
2343,46.61050923039919,21.716259982345075,43.962184842308325,33.89855216756305,23.305254615199594,32.8392224123267,27.542573636144972,51.37749312896274,13.241621940454314,39.72486582136294,68.32676921274427,21.1865951047269,5.8263136537998985,43.43251996469015,28.072238513763146,70.97509360083512,56.14447702752629,5.8263136537998985,32.8392224123267,67.26743945750792,0.04338760415327251,0.04359967171829485,0.042486279717243065,0.043781782907136614,0.04181061890213579,0.04260048917966338,0.04153337452193571,0.04258326695307847,0.04342607832077654,0.042578003388790496,0.042547952619500146
2344,42.89227361397274,21.44613680698637,45.57304071484604,26.807671008732964,18.229216285938417,34.84997231135285,20.90998338681171,32.70535863065422,9.650761563143867,41.283813353448764,64.33841042095911,17.693062865763757,10.186914983318527,27.343824428907624,20.90998338681171,50.398421496417974,61.65764332008582,4.289227361397274,26.271517588558304,43.96458045432206,0.04421910738592966,0.042479250873417224,0.041459916675862005,0.04134280812023065,0.042583070240517926,0.04282013195698185,0.04051754863017508,0.04195547071468683,0.04282187427270688,0.04101546096009207,0.042631939994740506
2345,47.114626872041185,21.70449103094032,43.93835989190358,33.35080329144488,23.292624521009124,32.82142546142195,27.527647161192604,51.349649512224666,13.234445750573366,40.23271508174304,68.28974007295857,21.70449103094032,5.823156130252281,43.93835989190358,28.05702499121554,69.87787356302738,56.11404998243108,5.823156130252281,32.82142546142195,66.70160658288977,0.04353541478256193,0.04355680994511396,0.042524855282175526,0.043744350587869504,0.04191816004022517,0.042529808216478567,0.04148192761718428,0.04268859055931689,0.043463288145807646,0.042573673986369076,0.04260529081396302
2346,47.114626872041185,21.70449103094032,43.93835989190358,33.35080329144488,23.292624521009124,32.82142546142195,27.527647161192604,51.349649512224666,13.234445750573366,40.23271508174304,68.28974007295857,21.70449103094032,5.823156130252281,43.93835989190358,28.05702499121554,69.87787356302738,56.11404998243108,5.823156130252281,32.82142546142195,66.70160658288977,0.04353541478256193,0.04355680994511396,0.042524855282175526,0.043744350587869504,0.04191816004022517,0.042529808216478567,0.04148192761718428,0.04268859055931689,0.043463288145807646,0.042573673986369076,0.04260529081396302
2347,46.62103285653785,21.721163035432408,45.03167946370133,34.43599017812455,23.310516428268926,32.31685232100919,27.0190076782208,51.91887749932624,13.244611606970981,40.26361928519178,69.40176482052793,21.191378571153567,5.297844642788392,42.382757142307135,28.608361071057317,68.8719803562491,56.68693767783579,5.8276291070672315,32.846636785288034,67.28262696341258,0.043535713021910935,0.043458153729440854,0.04249115554723971,0.043642360977063484,0.04196391458452558,0.04240766965642345,0.04163617617886197,0.04263556652746416,0.04332585028452519,0.0426380905407723,0.042480884672933095
2348,45.402963402448506,22.173540266312063,43.81913909771193,36.427959008941244,23.229423136136447,32.7323689645559,26.397071745609598,49.62649488174604,11.614711568068223,39.5956076184144,71.2720937131459,21.64559883139987,7.391180088770687,42.23531479297536,26.92501318052179,70.74415227823373,54.90590923086796,5.807355784034112,33.78825183438028,64.40885505928742,0.04345510211161809,0.04382953025053202,0.04275816267682134,0.04411561246401234,0.04197920654920423,0.042429445738318985,0.041983380060290974,0.04288947316064194,0.04342229526465133,0.043001080943830226,0.042195275867886586
2349,37.011397019088086,23.829255615029318,41.5744459666469,21.80123386055874,20.280217544705803,22.81524473779403,24.336261053646965,40.560435089411605,9.633103333735257,27.378293685352833,52.22156017761744,20.78722298332345,11.154119649588191,29.406315439823413,20.280217544705803,43.09546228249983,41.5744459666469,10.647114210970546,25.857277369499897,48.67252210729393,0.04653864430911952,0.04630466263547253,0.04330345553662117,0.04477642741148451,0.04309609583620304,0.04518287818699737,0.04495201495283365,0.04629834292297117,0.04407279493924211,0.04356926759922903,0.04489997705218079
2350,30.06127731923508,20.73191539257592,40.94553290033744,28.50638366479189,20.213617507761523,25.9148942407199,21.250213277390316,43.01872443959503,9.847659811473562,38.35404347626545,46.12851174848142,27.988085779977492,9.847659811473562,36.799149821822255,23.32340481664791,56.49446944476938,45.091915978852626,4.146383078515184,29.02468154960629,48.72000117255341,0.04387697910513045,0.04551155207119564,0.04282021817069289,0.04470819727527006,0.043846534442156915,0.04293711886747331,0.04504769371272871,0.04448050778680542,0.043508201111058985,0.042994983423298216,0.041970129219791534
2351,30.059097598105815,20.7304121366247,40.94256396983378,28.50431668785896,20.21215183320908,25.913015170780874,21.766932743455932,42.49734488008063,9.846945764896732,38.35126245275569,45.606906700574335,27.986056384443344,9.846945764896732,36.79648154250884,23.321713653702787,56.490373072302305,44.5703860937431,4.14608242732494,29.02257699127458,49.752989127899276,0.043950784346895484,0.045344933542523086,0.04280110513130437,0.04467923223467141,0.043833343120196974,0.042980216622826084,0.04505545114070152,0.04454940728628901,0.04347845776843952,0.0429451212852334,0.04212164410530169
2352,35.15264869226603,18.88799034211309,44.07197746493054,26.233319919601513,18.88799034211309,30.430651106737752,19.93732313889715,43.02264466814648,8.394662374272484,39.8746462777943,45.1213102617146,22.5606551308573,11.542660764624666,33.578649497089934,22.5606551308573,52.991306237595055,46.17064305849866,5.246663983920302,35.15264869226603,50.367974245634905,0.04233029821965237,0.0433328144626309,0.0431900503151241,0.045165859307794175,0.04198159812153812,0.04289195990953148,0.04377577311047229,0.04408402971041553,0.043549182683865796,0.04308900408604957,0.041943031680895415
2353,48.6543780023947,21.68292932715416,42.83700671949968,32.78881995813556,22.740633196771437,32.78881995813556,28.029152544857816,53.41404541567245,13.75015030502459,39.135043175839215,69.2796034599316,22.2117812619628,7.403927087320933,42.30815478469105,26.442596740431902,69.2796034599316,56.05830508971563,5.817371282895019,32.78881995813556,65.04878798146248,0.04370145974321876,0.043654249137288,0.0426470815959718,0.043441746621183296,0.04187746276328857,0.042851190137125905,0.04161420739160503,0.04275938125832193,0.04333993493251548,0.04278151806882542,0.0424798335420177
2354,34.12805332496239,13.864521663265972,40.52706332339284,34.12805332496239,21.86328416130403,42.12681582300045,16.530775829278657,43.72656832260806,6.932260831632986,35.727805824570005,57.591089985874035,21.86328416130403,12.26476916365836,34.12805332496239,22.39653499450657,48.5258258214309,51.72533082064612,6.932260831632986,40.52706332339284,45.859571655418215,0.04293961046977413,0.044093094540642634,0.042051437766844654,0.04248614297945823,0.04236525358357512,0.04124442718209514,0.04333324607707927,0.042548494482088556,0.04183586572090239,0.042156375434752875,0.041695218560249714
2355,42.43359746381306,22.022499949573866,45.65640233448241,26.856707255577884,18.79969507890452,33.30231699691658,20.94823165935075,32.228048706693464,10.742682902231154,40.82219502847838,65.53036570361004,17.188292643569845,10.205548757119596,26.856707255577884,21.485365804462308,49.95347549537487,63.91896326827537,4.297073160892461,25.78243896535477,42.43359746381306,0.04400339203274481,0.042488131919241716,0.04133606619721086,0.041070371960148455,0.04254791271321235,0.04266207949722002,0.04046706149565655,0.041747936792659736,0.0431416593193969,0.04088685873213839,0.042514384228812575
2356,44.85080605468354,22.42540302734177,40.15711704896084,33.89886504133058,21.903882026705915,37.54951204578157,24.51148702988519,47.45841105786281,9.908899012081246,38.59255404705328,63.104041076938465,26.59757103242861,10.951941013352958,37.54951204578157,32.334302039423015,70.40533508584043,47.45841105786281,5.215210006358551,40.6786380495967,50.06601606104209,0.04482782208169461,0.04583729717252762,0.04130815113037383,0.04281363657152173,0.044009935936091774,0.04340034930042102,0.041899421880869994,0.04178203908647539,0.04381763474318091,0.044816771272534035,0.0439659401884541
2357,44.866456739984415,22.433228369992207,40.17112987184651,33.91069404766264,21.911525384643554,37.562614945103235,24.520040311386833,47.4749716667277,9.912356721624464,38.60602091580054,62.604358241838725,26.606852252781458,10.955762692321777,37.562614945103235,32.86728807696533,70.42990302206856,47.4749716667277,5.21702985348656,40.69283285719517,50.08348659347098,0.04483148360496872,0.045829191438805955,0.04131896857135122,0.04275111851767319,0.043972959174169796,0.04334978760887071,0.041871442060118384,0.04182750708773275,0.043824744843172045,0.044764040954888104,0.04395577078959304
2358,47.67393160825571,21.718124399316487,42.37682809622729,34.960883179387515,22.77754510172217,32.84204177457615,27.54493826254774,52.44132476908128,13.242758780071028,39.728276340213085,69.3920560075722,21.188414048113646,6.886234565636935,41.31740739382161,27.015227911344898,69.92176635877503,57.738428281109684,5.826813863231252,33.37175212577899,65.6840835491523,0.04338740588106907,0.04350122357437413,0.042493879224453905,0.04359771413763725,0.0419835501179371,0.04252461198203474,0.041467923313401635,0.04298572225176213,0.0433048805449281,0.042679199712344636,0.04236353805721629
2359,45.897797770576936,22.157557544416452,42.2048715131742,34.29145810445403,23.212679332245806,32.70877542271,26.905605589648548,51.17340670972371,11.606339666122903,38.51194525577145,69.11047710282274,22.157557544416452,7.385852514805484,43.25999330100355,27.433166483563227,70.69315978456677,54.86633296712645,5.803169833061451,33.23633631662468,66.47267263324936,0.043481159516870635,0.043852487747506046,0.04275948757892517,0.04384452721029141,0.04216720600845128,0.04273859316796953,0.04197313504169881,0.04273373332195027,0.043384486393412164,0.04313071889399958,0.04237357120424784
2360,37.22862098174134,17.827790329284582,43.52078227443001,25.69299194514543,19.40083065245675,30.412112914661936,20.449524201238198,45.093822597602184,7.865201615860846,39.85035485369495,47.19120969516507,25.168645170754704,9.962588713423738,34.60688710978772,21.498217750019645,57.15379840858881,43.52078227443001,4.719120969516507,32.50950001222483,47.19120969516507,0.04320573357681633,0.043695363698703825,0.043274237565278456,0.044708693628767476,0.04313171960570953,0.042547026364899,0.04364647125492373,0.04327438221660522,0.04298778524772863,0.0428755464446156,0.04230626600522926
2361,45.50933046131231,21.69630870830005,42.86343915542206,35.984121760107406,23.813021753012254,32.279873931861054,26.988091320080553,51.330291334270854,13.758634790629301,39.68836958835376,69.32235221432455,21.69630870830005,6.879317395314651,42.334260894244004,28.046447842436653,70.9098869978587,55.56371742369526,5.820960872958551,32.80905219303911,66.14728264725626,0.04345573200764746,0.04356524854837614,0.04272724369912068,0.04351178602017057,0.042157678106682056,0.04251928544146394,0.0414937607714888,0.04266895707479201,0.04330947263814876,0.04286393464452798,0.04254863986953166
2362,48.098745473501616,21.670863345204022,43.341726690408045,32.77057383908901,22.727978630335926,32.77057383908901,28.013555055995447,53.91287954172709,12.685383421582843,39.64182319244639,69.76960881870563,21.670863345204022,6.342691710791422,42.813169047842095,26.956439770863543,68.71249353357373,56.02711011199089,5.81413406822547,33.29913148165496,65.01259003561208,0.043625739479570616,0.043756590746915305,0.0424173342038699,0.04356749493307179,0.0421429866275436,0.04280419267134633,0.0416894874959842,0.04306921858921407,0.043300917614197784,0.04263469864485826,0.04243369642747647
2363,46.503222132411565,22.194719654105523,43.33254789611078,33.82052518720841,23.251611066205783,32.23518806905802,27.479176714606837,51.259233486862755,13.211142651253287,39.633427953759856,68.16949608046696,21.66627394805539,5.812902766551446,43.33254789611078,28.00762242065697,70.81172461071762,56.01524484131394,5.812902766551446,32.76363377510815,67.1126046683667,0.043464342253507475,0.04369740226379721,0.042666856376754235,0.043949606298038395,0.04191136891090716,0.04264012725964256,0.04148209696169831,0.042783643676698825,0.043614887907381286,0.042728431528300775,0.04261553051314244
2364,48.24192007377215,23.59659134043203,42.9982331092317,32.510859180150796,22.54785394752394,32.510859180150796,28.315909608518435,51.912500948950466,12.584848714897083,40.900758323415516,68.69229923547991,21.49911655461585,5.243686964540451,42.47386441277766,26.7428035191563,66.07045575320969,56.10745052058283,5.768055660994496,33.03522787660484,64.49734966384754,0.04409083764919704,0.04400468515539119,0.04273695774774436,0.04444622310667341,0.04230544357347274,0.04324169207722461,0.041720628673655294,0.04326481121376792,0.04374898915595006,0.04293383403405134,0.04313720115882689
2365,48.654086881279824,22.21164835884514,44.42329671769028,32.25977499737032,23.269345899742525,31.20207745647293,27.500136063332075,52.35602827442068,13.750068031666038,39.663657783652035,69.27918892877888,21.682799588396446,6.3461852453843255,43.36559917679289,26.971287292883382,68.75034015833019,56.05796966756154,5.817336474935631,32.25977499737032,67.1637938469841,0.043742693080814195,0.043266129086973804,0.042882014939797646,0.04377769187785104,0.04178113617734091,0.0427201661583976,0.04139552244916504,0.04257413666794641,0.04344350105418341,0.04272765433107695,0.04284058372775921
2366,47.46704844965958,22.678700925948466,43.24775525413428,33.75434556420237,22.678700925948466,31.64469896643972,27.952817420355085,52.7411649440662,13.18529123601655,38.50105040916832,68.56351442728605,21.09646597762648,6.856351442728606,43.24775525413428,27.425405770914423,69.09092607672672,56.960458139591495,5.801528143847282,32.69952226532104,64.87163288120142,0.04368898412746697,0.043799367905504275,0.0428196302823002,0.043638344144046166,0.04222857653090821,0.04301816047069372,0.04166194272995134,0.04294002932086088,0.04333451957473457,0.04285869996708052,0.042600095505791136
2367,46.50744022462741,21.668239195565043,43.336478391130086,33.82359289063812,23.253720112313705,32.23811197388945,26.95317558472725,51.79237661378962,13.740834611821736,39.637022918716546,68.70417305910868,22.196732834481264,5.813430028078426,43.336478391130086,27.481669223643472,70.81814761477357,54.963338447286944,6.3419236669946475,32.23811197388945,67.64718578127624,0.043692569144434895,0.043754315108023266,0.042526718676228085,0.04385750510928302,0.04191579827714487,0.042577833851754794,0.04166717002100447,0.04270462283507139,0.043537543726099026,0.042673869617563774,0.04259841471717189
2368,47.193721583741066,21.210661385951042,44.01212237584841,34.46732475217044,23.331727524546146,32.34625861357534,27.043593267087576,51.435853860931275,13.786929900868177,39.769990098658205,69.46491603898966,22.271194455248594,5.8329318811365365,42.95158930655086,28.10412633638513,69.99518257363843,55.67798613812148,5.8329318811365365,32.34625861357534,67.87411643504333,0.043479319017287736,0.04348008069460947,0.042474598671677626,0.0436245650795247,0.04177105416093674,0.04255356239662759,0.04138306685484657,0.042609204789235584,0.04327776409578473,0.04249649420331926,0.04258375538737402
2369,46.09632386990813,21.723554927198084,42.91726705129378,34.439782201655504,23.31308333650526,32.850253792348326,27.5518257613244,51.92459470403445,13.7759128806622,38.67852462647464,71.52877841882297,21.723554927198084,6.3581136372287075,42.38742424819139,27.5518257613244,69.93925000951579,57.22302273505837,5.828270834126315,32.32041098924593,66.23035038779904,0.04351190718911465,0.043573245588170856,0.04259454504272391,0.043666498430203184,0.04185218960678966,0.042597725405194374,0.0414529144311866,0.04262828334286484,0.043320883161401015,0.04247746934377814,0.04248153535618038
2370,42.89212697796552,22.518366663431895,46.6451880885375,26.27142777400388,18.229153965635344,34.31370158237241,20.90991190175819,32.705246820698704,10.18688015726681,40.74752062906724,65.41049364139741,16.62069920396164,9.650728570042242,26.80757936122845,21.98221507620733,49.32594602466035,62.72973570527457,4.289212697796551,26.27142777400388,42.89212697796552,0.044174019624536515,0.04242776696291838,0.04138387169246827,0.04140805126647633,0.04255644719183112,0.042881047723181735,0.04049267845661189,0.04206586908110683,0.04275202134564749,0.041084136422373095,0.04262250300827941
2371,47.57991607237029,21.675295099635356,42.821924465133264,33.83460698479665,22.732626567910252,32.777275516521755,28.019283909284727,52.86657341374477,13.74530908757364,40.70726152858347,69.78387690614309,21.675295099635356,6.87265454378682,43.35059019927071,26.433286706872384,69.25521117200564,57.09589928684435,5.815323075511925,32.24860978238431,63.439888096493725,0.04363057518276663,0.043453181477317825,0.04242358687499661,0.04380421105867319,0.04195294515359348,0.042715366898673564,0.04165684898820549,0.04295476164953448,0.04350795673548057,0.042529613947498095,0.042705217895812324
2372,43.245758179976214,22.95762471282688,44.84745292738275,27.228810705910952,18.152540470607303,34.16948794467257,20.822031716284844,32.56779319726604,9.610168484439159,40.04236868516316,64.06778989626106,17.084743972336284,10.144066733574668,27.228810705910952,21.355929965420355,48.5847406713313,62.466095148854535,4.271185993084071,26.161014207639933,43.779656429111725,0.044423174358545814,0.042565942136765164,0.0418253411933513,0.04149186259731443,0.04264737370140271,0.04297088108062033,0.040886834446881445,0.04228072626767462,0.04303769042149507,0.0409857324155758,0.04298619224486464
2373,43.27320206196485,22.97219368721591,44.875913249445034,27.246090187163055,18.164060124775368,34.191171999577165,20.835245437242335,32.58846081209699,10.150504187374471,39.5335426245111,65.17692162419398,17.095585999788582,10.150504187374471,27.246090187163055,20.835245437242335,49.149809749392176,62.505736311727006,4.273896499947146,25.643378999682874,43.27320206196485,0.04436535043376982,0.04246856525402689,0.041763726452159554,0.0414472039910369,0.0426283104496729,0.04296665040998213,0.04075932433346724,0.04228683975104944,0.043018913397349895,0.04103119031152417,0.04302686272256784
2374,47.164345934959066,21.727395318351928,43.984727107883174,32.85606121311755,22.787268260710558,32.85606121311755,28.08663297250371,52.99364711793153,13.248411779482883,38.68536239609002,69.95161419566962,21.727395318351928,6.359237654151784,42.394917694345224,27.556696501324396,69.95161419566962,56.70320241618674,5.829301182972468,32.85606121311755,66.24205889741441,0.04352583599285588,0.04345552397441024,0.04235138627771122,0.04357509660901624,0.04213447714013812,0.042702023339354286,0.041439407054162866,0.042609306279235405,0.04318989121685491,0.04259876592039103,0.04248181501655438
2375,47.1364765745206,21.714556624217355,44.48835991303068,33.895893267070996,23.303426621111306,32.30702327017704,28.070036611793167,51.37346323290448,13.770206639747592,40.25137325464681,69.38065653103594,21.18493329191937,5.825856655277827,42.36986658383874,28.070036611793167,68.85103319873795,55.61044989128835,5.825856655277827,32.83664660247503,67.79178653414199,0.04363401807502903,0.04342930990702202,0.04256856697889438,0.04366361964745383,0.04181309110582568,0.042523858986291616,0.041717965969363405,0.04274074878320358,0.04307018344484892,0.04271675552458157,0.04249854927950169
2376,45.83714787229243,22.128278283175653,42.14910149176315,34.246144962057556,23.182005820469733,32.66555365611644,26.87005220099901,51.10578555876282,11.591002910234867,40.56851018582203,67.96542615546808,22.128278283175653,6.849228992411511,44.25655656635131,27.396915969646045,69.54601746140919,53.74010440199802,5.795501455117433,33.71928119341052,66.38483484952695,0.04359044888246331,0.043919343436864544,0.04278411925189731,0.04416230129379989,0.04214689046850776,0.04267332098733461,0.0419905801209927,0.042827294751962744,0.04339717731493468,0.04317459230232228,0.04247016254188092
2377,46.07042872106186,21.711351466247542,43.422702932495085,33.8908900936547,23.299986939387605,32.83179977822799,28.0658933588078,52.424970613622115,13.238628942833866,40.24543198621495,70.42950597587617,21.18180630853419,6.354541892560256,42.36361261706838,27.536348201094444,69.89996081816282,56.1317867176156,5.824996734846901,32.83179977822799,65.66359955645598,0.04351250094962328,0.043404939988141364,0.04259908463363173,0.043583112992441435,0.04200022185609691,0.04272707650696337,0.04160668392791556,0.04262465543633195,0.043419921079393,0.04247438719517517,0.04250225772093159
2378,47.30827673341336,20.730593175315967,43.587401035279726,32.42477394087882,22.85680785996376,32.956327612040766,28.172344571583235,54.75002812968063,13.288841779048695,39.866525337146086,68.57042357989127,21.793700517639863,6.910197725105322,42.52429369295583,28.172344571583235,71.228191935701,56.87624281432842,5.847090382781427,32.956327612040766,65.38110155291959,0.043532347093797816,0.043389311006895935,0.042188714254477996,0.043250694819154785,0.04189004684148594,0.042526496697890645,0.04155349028187825,0.04263915336577048,0.042940322133298,0.042255119398307554,0.04228063294509479
2379,47.13877239746242,21.715614250516392,45.020175885216915,34.42719332398941,23.30456163470052,32.308596811743904,27.012105531130146,51.905614550014796,13.770877329595761,40.25333373266454,68.85438664797881,20.656315994393644,5.82614040867513,42.90157937297141,28.071403787252898,68.85438664797881,55.61315844644442,5.82614040867513,32.838245939805276,67.79508839185605,0.0435657597678688,0.04338354239576176,0.04243313105810728,0.043698696318112254,0.04191307634347273,0.04253660942330982,0.041626412016256435,0.04269393003300068,0.043338241802068106,0.042686161984505894,0.04247531079616083
2380,46.644319819434365,21.732012643145556,45.05417255286274,32.86304350914694,23.322159909717183,32.33299442028973,27.562552620574852,51.94481070800645,13.781276310287426,40.28373075314786,68.90638155143714,21.201963554288348,5.830539977429296,43.46402528629111,29.15269988714648,68.90638155143714,55.125105241149704,5.830539977429296,32.86304350914694,68.37633246257992,0.04354996483575559,0.043457063305026314,0.04257228045479556,0.043605647368942166,0.04185819918560202,0.04240791971383743,0.04163005617455039,0.04252879841014372,0.04332111904449927,0.042884765965961906,0.04213509668367698
2381,47.07229815124457,21.68499128315761,43.898884792733696,33.32084026436413,23.271697962413043,31.734133585108697,27.502915773760872,51.83241818901087,13.751457886880436,40.725471434222825,69.28619166082065,22.21389350957609,5.289022264184783,43.36998256631522,28.03181800017935,68.2283872079837,57.12144045319565,5.817924490603261,32.791938037945656,66.11277830230979,0.04358170549041157,0.04373551013503714,0.042576985875315276,0.04367075628405456,0.04203021764510103,0.042780552792578926,0.04163429758654261,0.0425369356394772,0.04322828244666394,0.04259409033430486,0.04272843935203461
2382,47.07584586879635,21.686625624951127,43.37325124990225,33.8522936584603,23.273451890191453,32.26546739321997,26.97604650908555,52.36526675293077,14.281436387162938,40.728540807835046,68.76247149374747,22.215567713364567,5.818362972547863,42.84430916148881,28.03393068591243,70.3492977589878,55.00997719499798,5.818362972547863,32.26546739321997,66.6467031400937,0.04370858001972782,0.04351899748349332,0.04248465666786768,0.04377804710596382,0.04189553123660307,0.04278985957008379,0.04173760737803254,0.04249677890012577,0.04355982939762036,0.04275693186080033,0.04233109196623931
2383,43.724891645854015,22.652654708093042,42.67127979896596,35.82280279419365,23.179460631537065,33.18877317697353,26.867102095645237,48.99295088029425,12.116536239212557,41.617667952077916,70.06518781805522,21.599042861204993,6.321671081328291,42.67127979896596,26.867102095645237,69.5383818946112,55.31462196162254,5.794865157884266,33.18877317697353,66.37754635394705,0.043514429864012466,0.04389149842070774,0.0430245216334039,0.04393648460494667,0.042125615382973915,0.042986480890679746,0.04231545800032727,0.0427718516909184,0.0433204074337986,0.04293305236595558,0.04237427626825147
2384,46.03772333968225,21.6959385853675,44.97938487210335,33.337661728735426,23.283446286735852,32.27932326115652,26.45846168947256,51.858584911366215,13.758400078525732,39.687692534208836,69.32116962641811,22.22510781915695,5.291692337894512,43.921046404524446,28.045969390840913,68.2628311588392,56.62110801547128,5.820861571683963,32.80849249494597,67.2044926912603,0.04362768909154736,0.04366730711948305,0.04230428423447437,0.04375428216690072,0.04223483461487389,0.04264728554735715,0.04137110205403879,0.042688269735878304,0.04318008621359212,0.04264226392192714,0.042713361510475785
2385,45.97824320635742,21.667907717938554,45.449757652261354,32.76610435395586,23.25336438022674,32.237618799859796,26.424277704803114,51.26309874731804,12.155167744209432,41.75035877358892,67.64615092429597,23.25336438022674,6.341826649152747,44.39278654406923,28.0097343670913,70.28857869477628,53.90552651779835,5.813341095056685,32.76610435395586,67.1176653701999,0.0435298659316383,0.04367747589495401,0.04264609017634113,0.043863020986125455,0.042184788340000064,0.04254154576449756,0.04158856326974777,0.042547655056961786,0.04355804919110775,0.042780695579891226,0.042596695712672626
2386,47.06196966698061,22.209019393406578,43.36046643474618,34.37110144217685,23.26659174547356,32.78474291407638,26.968094977707988,51.29225907524853,13.74844057687074,38.07260467441128,68.7422028843537,22.209019393406578,6.34543411240188,43.36046643474618,28.02566732977497,70.85734758848766,56.05133465954994,5.81664793636839,32.25595673804289,66.09827200418624,0.04346107473141337,0.04385941789208889,0.04264025815799841,0.04358966057084384,0.04178825012102177,0.042646882414563096,0.041703428955145214,0.0426173799587262,0.04363289726349402,0.042636774271618647,0.04263779962959663
2387,47.89439600589578,22.631417892895808,46.84177191785411,30.5260985532083,22.631417892895808,35.26290694939579,28.420850377124967,44.73652374177078,11.578864968458321,34.73659490537496,62.10482119445826,27.894538333104133,11.578864968458321,39.99971534558329,34.21028286135413,63.68375732652076,59.4732609743541,4.736808396187494,37.894467169499954,48.42070804991661,0.044526173543169484,0.04490323993543509,0.041371628731581074,0.041530470443433734,0.04381720201643649,0.043190465411636784,0.04166819376101133,0.04291289888001652,0.04245024414910895,0.04476133459639824,0.04255610451093965
2388,44.71774961792708,21.838900976196946,43.67780195239389,37.43811595919477,22.878848641730134,30.678456133229044,23.91879630726332,48.35756644729324,8.319581324265503,36.91814212642817,62.39685993199127,27.55861313662948,10.919450488098473,36.91814212642817,30.678456133229044,70.19646742349019,49.917487945593024,5.19973832766594,42.11788045409411,48.35756644729324,0.04509283419227852,0.045037574269424965,0.04206836386490392,0.04281139831006312,0.04429619243064707,0.04480591088521874,0.04215403519736386,0.04221384276905196,0.04334292125114105,0.04398534668863677,0.04421774737467601
2389,44.922292405269204,20.61140475065293,53.906750886323046,31.181355904833918,23.78239009690723,36.994829039633466,20.082907192943882,50.73576554006875,7.9274633656357425,39.63731682817871,67.64768738675834,23.78239009690723,8.98445848105384,35.40933636650632,25.367882770034374,57.077736232577344,62.89120936737689,8.98445848105384,35.93783392421536,64.47670204050404,0.04444227989466252,0.043740118405245,0.04097848839981051,0.04385137062273299,0.04317049858865861,0.04463553655874509,0.04104228126148034,0.042223589953823804,0.0435372515956879,0.04245756908670662,0.04142345792339718
2390,53.737695945078336,23.707807034593383,55.845056570375526,33.71777000475503,20.5467660966476,34.24461016107933,22.654126721944788,50.57665500713255,7.375762188540164,33.71777000475503,61.1134581336185,18.966245627674706,13.697844064431733,40.5666920369709,31.083569223133548,63.74765891523999,46.88877391286247,8.429442501188758,29.503048754160655,73.75762188540163,0.044746835816399905,0.043547773606964955,0.04280595067265956,0.04315648826802176,0.04237451783389398,0.04362418242850414,0.040923666860460645,0.04314114284385518,0.04350436728854134,0.04234764216473886,0.04298727589166232
2391,48.57086802598204,21.883577901816082,51.239597038398635,36.2947145688657,21.883577901816082,34.69347716141574,20.282340494366128,45.36839321108212,13.343645062082977,42.16591839618221,69.38695432283149,17.61361148194953,10.674916049666383,32.024748148999144,27.754781729132596,61.3807672855817,58.7120382731651,8.539932839733106,33.092239753965785,66.7182253104149,0.04428789840331841,0.04334564593309236,0.04189845412713782,0.043035168418072305,0.04238476207473175,0.04389151869509982,0.04061436343949532,0.041732215815925344,0.041964893218504794,0.04101646171911463,0.04208281567218829
2392,44.18846525133129,16.705395399893536,51.19395364483503,27.48306985143775,22.094232625665644,35.027441967518705,22.094232625665644,52.27172108998945,13.47209306443027,36.105209412673126,70.05488393503741,22.633116348242854,10.238790728967006,39.8773954707136,32.87190707720986,63.58827926411088,57.660558315761556,9.161023283812584,30.71637218690102,64.12716298668809,0.0433844764716835,0.041846091033580786,0.041356154284975924,0.04194585687829726,0.041735534259967844,0.04108358031670211,0.04199413007789423,0.0429245923583254,0.042348964944887234,0.04165987062901695,0.04083702616745796
2393,47.44821135272079,23.724105676360395,58.51946066835564,33.74095029526812,23.196903327996832,28.996129159996038,24.25130802472396,47.975413701084356,8.43523757381703,41.64898552072158,64.84588884871842,24.25130802472396,12.12565401236198,39.54017612726732,26.360117418178216,58.51946066835564,56.93785362326495,5.799225831999208,29.523331508359604,69.5907099839905,0.044721828119568194,0.04369852163285712,0.042606285214679795,0.042646443450890366,0.04265397545932787,0.0446315753843829,0.04267746230178961,0.0420614940248515,0.04385993047181047,0.04134389615848143,0.04189623941779649
2394,40.44741673583751,22.527675144010765,37.88745365129083,23.0396677609201,21.503689910192094,22.01568252710143,19.967712059464088,41.98339458656552,8.703874487458705,32.76752748219748,49.66328384020555,16.38376374109874,9.727859721277376,29.18357916383213,23.0396677609201,50.17527645711488,36.86346841747216,10.751844955096047,27.647601313104122,48.63929860638688,0.046736149256880306,0.0458931518768051,0.04321347437731969,0.045285993776281515,0.04217600215302202,0.04402214034775537,0.04341130499107809,0.044884669171516886,0.04468734741962385,0.044187914497176226,0.043509235223205364
2395,45.725064048033666,20.784120021833484,52.47990305512955,27.538959028929366,16.627296017466787,26.49975302783769,22.862532024016833,35.85260703766276,6.754839007095883,42.0878430442128,52.99950605567538,22.342929023470994,8.83325100927923,32.2153860338419,23.38213502456267,51.44069705403787,46.76427004912534,5.196030005458371,30.13697403165855,54.558315057312896,0.046696678297611434,0.04516654797862563,0.044608356674963726,0.043537864878390606,0.04211360583557093,0.04437603143199316,0.042963512939042166,0.042899638934543724,0.043715502602668925,0.0427836294800593,0.041535630400693156
2396,43.27320206196485,22.97219368721591,44.875913249445034,27.246090187163055,18.164060124775368,34.191171999577165,20.835245437242335,32.58846081209699,10.150504187374471,39.5335426245111,65.17692162419398,17.095585999788582,10.150504187374471,27.246090187163055,20.835245437242335,49.149809749392176,62.505736311727006,4.273896499947146,25.643378999682874,43.27320206196485,0.04436535043376982,0.04246856525402689,0.041763726452159554,0.0414472039910369,0.0426283104496729,0.04296665040998213,0.04075932433346724,0.04228683975104944,0.043018913397349895,0.04103119031152417,0.04302686272256784
2397,37.07125023449031,22.852140555507724,40.118202308558004,22.344315209829773,20.313013827117974,23.86779124686362,24.37561659254157,40.62602765423595,10.156506913558987,26.406917975253368,52.306010604828785,20.820839172795925,11.679982950592835,30.469520740676963,20.313013827117974,43.165154382625694,41.64167834559185,10.664332259236938,26.406917975253368,48.75123318508314,0.04644834808064374,0.046480775510628916,0.04311725818953714,0.044387100239957115,0.042951571935972224,0.04487652971064321,0.044941339549048456,0.04594496987039956,0.04434062112200628,0.043399309217889905,0.0452868308953241
2398,47.51117642419868,22.699784291561592,44.343764662585436,31.674117616132456,23.227686251830466,32.729921536670204,27.45090193398146,52.26229406661855,12.669647046452981,40.64845094070331,67.04354895414703,21.11607841075497,6.334823523226491,44.343764662585436,26.922999973712585,68.62725483495365,55.429705828231796,5.8069215629576165,33.257823496939075,67.5714509144159,0.04378155009627772,0.04359732945474419,0.04263497153130061,0.04354231153813435,0.04190583915799106,0.042778178494118864,0.04161653114942887,0.04273149816451285,0.04360592578122904,0.043081605685733194,0.04282229867765501
2399,45.530221040639056,21.706268170537225,44.47137869085675,33.35353401814256,23.29453169521068,32.29469166836026,27.000479919448743,50.82443278955057,12.706108197387643,41.294851641509844,68.82475273584974,22.235689345428376,5.82363292380267,44.47137869085675,28.059322269231046,70.94243743541435,55.05980218867979,5.82363292380267,32.29469166836026,67.76591038606743,0.043604185412910904,0.043492923644130745,0.0425834553702447,0.04375044752548739,0.04191528903895955,0.04251163451392428,0.041495330447304524,0.042520483749876145,0.04352224977107301,0.042638016369599116,0.042544809265337845
2400,47.419538990113054,23.182885728499716,45.83888769044262,33.19367729307914,23.182885728499716,31.613025993408705,26.871072094397398,50.580841589453925,12.645210397363481,40.570050024874504,67.4411221192719,21.07535066227247,6.322605198681741,45.31200392388581,27.924839627511023,69.02177341894233,53.742144188794796,5.795721432124929,32.13990975996551,66.38735458615828,0.04365189528958468,0.043778316759607645,0.042936054106654534,0.0439670356383597,0.04202402685624629,0.04228462254725065,0.04180910824534832,0.042941269195379675,0.04364332965686052,0.04306089996737038,0.04301967518052588
2401,45.25737236930822,23.154934700576298,42.62612978969727,34.73240205086445,22.62868618465411,32.1011594712535,27.891171343875996,51.572354560374485,10.524970318443772,39.99488721008633,71.04354964949546,21.576189152809732,6.841230706988452,40.521135726008524,26.838674312031618,67.88605855396233,56.30859120367418,5.7887336751440746,34.73240205086445,65.25481597435139,0.04336910168898527,0.04389337434584172,0.04306171792422676,0.04406541778930619,0.04251733533718735,0.043077825961339924,0.04233340562138459,0.04309529747160617,0.04319893177921897,0.04280155387570086,0.04233752228301363
2402,44.90935976734891,21.932478025914584,40.209543047510074,33.94312075439162,21.932478025914584,37.598533758710715,24.021285456954068,48.042570913908136,9.92183529743755,38.64293747423046,63.1864247889444,26.632294745753423,10.966239012957292,37.598533758710715,33.42091889663175,69.45284708206286,47.52036905614827,5.2220185775987105,40.73174490526994,50.653580202707495,0.044713135799779674,0.04553553233700031,0.041352316142784666,0.04293482666647887,0.043749966175411915,0.04329603385946037,0.04195316896872132,0.04199101190725093,0.0436428689371535,0.04482423268353771,0.043805048762549634
2403,44.90935976734891,21.932478025914584,40.209543047510074,33.94312075439162,21.932478025914584,37.598533758710715,24.021285456954068,48.042570913908136,9.92183529743755,38.64293747423046,63.1864247889444,26.632294745753423,10.966239012957292,37.598533758710715,33.42091889663175,69.45284708206286,47.52036905614827,5.2220185775987105,40.73174490526994,50.653580202707495,0.044713135799779674,0.04553553233700031,0.041352316142784666,0.04293482666647887,0.043749966175411915,0.04329603385946037,0.04195316896872132,0.04199101190725093,0.0436428689371535,0.04482423268353771,0.043805048762549634
2404,45.967513480583925,22.191213404419827,42.79734013709538,34.34354455445926,23.247937852249343,32.758457882714985,26.946473419652648,50.722773495816746,11.623968926124672,39.62716679360683,71.3289002284923,22.191213404419827,6.340346686977093,41.740615689265866,27.474835643567406,70.27217578066279,56.00639573496432,5.811984463062336,33.815182330544495,65.51691576542997,0.04339898802207494,0.04355717469191538,0.042630911227845056,0.04410544054679369,0.041876191032936806,0.042720071261017976,0.04213980831941098,0.04304585139739531,0.04321002749488612,0.042698497684225005,0.042254814406741024
2405,41.78411275440086,22.49913763698508,45.533969027231706,26.784687663077474,18.213587610892684,34.28440020873917,20.89205637720043,32.67731894895452,10.17818131196944,40.71272524787776,65.89033165117058,16.606506351108035,10.17818131196944,26.784687663077474,21.42775013046198,49.8195190533241,62.67616913160129,4.285550026092396,26.248993909815926,43.39119401418551,0.04425611863234162,0.04246999694089102,0.04143583537366196,0.04137971081370468,0.04260633433665742,0.04286466760884037,0.04050186537154988,0.04213267642988245,0.04282803838512266,0.04110857236471959,0.04272243048107892
2406,41.78411275440086,22.49913763698508,45.533969027231706,26.784687663077474,18.213587610892684,34.28440020873917,20.89205637720043,32.67731894895452,10.17818131196944,40.71272524787776,65.89033165117058,16.606506351108035,10.17818131196944,26.784687663077474,21.42775013046198,49.8195190533241,62.67616913160129,4.285550026092396,26.248993909815926,43.39119401418551,0.04425611863234162,0.04246999694089102,0.04143583537366196,0.04137971081370468,0.04260633433665742,0.04286466760884037,0.04050186537154988,0.04213267642988245,0.04282803838512266,0.04110857236471959,0.04272243048107892
2407,41.78411275440086,22.49913763698508,45.533969027231706,26.784687663077474,18.213587610892684,34.28440020873917,20.89205637720043,32.67731894895452,10.17818131196944,40.71272524787776,65.89033165117058,16.606506351108035,10.17818131196944,26.784687663077474,21.42775013046198,49.8195190533241,62.67616913160129,4.285550026092396,26.248993909815926,43.39119401418551,0.04425611863234162,0.04246999694089102,0.04143583537366196,0.04137971081370468,0.04260633433665742,0.04286466760884037,0.04050186537154988,0.04213267642988245,0.04282803838512266,0.04110857236471959,0.04272243048107892
2408,42.983862127022306,22.268747848939267,55.412930693872134,39.87659498530985,21.232992135035115,35.73357212969324,29.001159989316257,40.912350699214,13.982702137706053,47.12688498263891,68.8777549746261,28.48328213236418,11.911190709897747,41.43022855616608,25.376014990651722,56.448686407776286,61.627464977297045,10.875434995993595,40.912350699214,64.21685426205742,0.04482679750612809,0.04428927217988014,0.04287388262792693,0.044978281151052284,0.04339318612841695,0.045739312607752526,0.043199242965806045,0.043824812233785614,0.04306787948525536,0.043046468306308316,0.04288300785561177
2409,46.00129428914238,22.20752138096529,43.35754174378937,33.311282071447934,23.265022399106492,32.78253156237733,26.966275962600708,52.34630039798961,14.276263744906256,41.242539707506964,68.73756617917827,22.20752138096529,5.816255599776623,44.94379327100118,28.02377698074191,70.32381770639007,54.99005294334262,5.816255599776623,31.725030544236127,66.62256414289587,0.04361423779350043,0.04365190769600121,0.04256417279012408,0.04362472671458861,0.04195280577755138,0.04260432495769223,0.041594547857604094,0.04273881684372141,0.04343294693094475,0.04260262926223013,0.042868374305439466
2410,48.47341600329111,22.129168175415508,43.731451394273506,33.720637219680775,23.182938088530534,32.13998235000824,26.87113278443312,50.05407087296365,12.64523895738029,41.623911568043454,66.38750452624653,21.602283218857995,5.7957345221326335,45.31210626394604,27.92490269754814,69.5488142655916,52.68849565575121,5.7957345221326335,33.720637219680775,66.91438948280404,0.04376925037630178,0.04393785201422243,0.04289530998301001,0.04379230637631908,0.04169041779106623,0.042775624420650034,0.041516216331404406,0.04316176305842851,0.043771989560891664,0.042759158768216746,0.043045154761977025
2411,45.46469941485541,22.20369041190613,44.40738082381226,32.24821702681604,23.26100900294928,31.71955773129447,28.547601958165025,50.22263307454958,12.687823092517789,41.764084346204385,67.66838982676154,21.675031116384556,5.81525225073732,44.40738082381226,28.01894266264345,71.36900489541256,54.98056673424375,5.81525225073732,32.77687632233762,67.66838982676154,0.043363074130109175,0.04372565397765286,0.04270594538978284,0.04380607868238915,0.041922333038614,0.04243440100244259,0.041598143474389775,0.04270293388456065,0.04377683947641957,0.04271502665201459,0.042590274770050354
2412,46.97853743408806,22.697495614222323,43.283596287586754,34.31016778894072,23.225344349436796,32.19877284808283,26.39243676072363,50.1456298453749,13.724067115576288,39.58865514108545,69.67603304831039,22.16964687900785,5.806336087359199,42.22789881715781,27.97598296636705,70.20388178352485,55.42411719751962,5.806336087359199,32.19877284808283,67.5646381074525,0.04354835551139021,0.043751415881658005,0.04265304676955202,0.04421787981344025,0.04195371531077262,0.04258470961191784,0.04181132460087744,0.04268438430068449,0.043564647870088555,0.04278555903654849,0.042596226078597456
2413,47.03477662739082,22.196186723038362,44.392373446076725,34.35124135708318,23.78162863182682,31.708838175769092,26.952512449403727,51.79110235375618,13.212015906570455,40.164528355974184,68.70248271416636,21.667706086775546,5.813286998891,42.27845090102546,28.009473721929364,68.70248271416636,56.01894744385873,5.813286998891,32.76579944829473,67.11704080537791,0.0437366542145194,0.043589339438251544,0.042742180770218595,0.04385884597532997,0.041907312418685325,0.042713497313416136,0.04148119784263034,0.042515060978991194,0.04345578038517017,0.042807764789685135,0.04271172961028395
2414,46.69267105650786,21.7545399240548,45.100875452308735,33.42770768818177,23.34633552825393,31.835912083982635,27.591123806118283,51.998656403838304,14.326160437792186,40.32548863971134,68.44721098056266,21.7545399240548,6.367182416796527,43.5090798481096,28.121722340851328,71.10020365422788,56.243444681702655,5.836583882063483,31.30531354924959,66.3248168416305,0.04359066053084629,0.04344809195658098,0.04244863976609459,0.043545563814107464,0.04194265389526138,0.042322748689603805,0.041285717466923645,0.04264498960654562,0.043399626756607385,0.042359151416796255,0.04241362136758862
2415,45.61082951012301,21.744697789709807,42.959037096743764,33.94294289125433,23.335773237737353,32.88222592590263,27.578641099144143,52.505489784909045,13.258962066896224,38.185810752661126,72.12875364391546,21.744697789709807,6.364301792110187,42.42867861406791,27.578641099144143,70.00731971321206,57.80907461166753,5.833943309434338,32.35186744322679,66.82516881715696,0.043508295204725676,0.04359250331078314,0.042489429066445324,0.043643066036754746,0.04184489839122968,0.04252542187969858,0.04140187592494482,0.042557738526971756,0.043210511710178784,0.04248691886652902,0.04238085840588956
2416,46.07986877571286,21.715800227634794,42.90194679118094,34.42748816576248,23.304761219900755,32.838527173496516,27.541990532609983,51.906059080688046,13.770995266304991,38.66471747847171,70.97359098787958,21.715800227634794,6.355843969063843,42.90194679118094,27.541990532609983,69.91428365970226,57.20259572157458,5.826190304975189,32.30887350940787,66.20670801108169,0.04357926966536711,0.043559980638633,0.042605033724453976,0.04363927101426319,0.04186298049891953,0.042647953189951335,0.04148890604594047,0.042607524522463004,0.04334752152614606,0.04251624373050917,0.042491651354699504
2417,47.50286846295585,22.69581493230113,45.91943951419066,32.1963886248923,23.223624581889528,31.6685789753039,27.97391142818511,50.141916710897846,12.667431590121561,41.16915266789507,66.5040158481382,21.112385983535933,5.805906145472382,45.39162986460226,28.50172107777351,69.14306409608018,53.83658425801663,5.805906145472382,32.1963886248923,67.03182549772659,0.04340912385826251,0.04392188930541654,0.04257173372585817,0.04398299941326805,0.0420991368747497,0.04193617540398166,0.04154992754562448,0.04298533297894429,0.04355886691065258,0.04285717507567417,0.04331798931916952
2418,47.50286846295585,22.69581493230113,45.91943951419066,32.1963886248923,23.223624581889528,31.6685789753039,27.97391142818511,50.141916710897846,12.667431590121561,41.16915266789507,66.5040158481382,21.112385983535933,5.805906145472382,45.39162986460226,28.50172107777351,69.14306409608018,53.83658425801663,5.805906145472382,32.1963886248923,67.03182549772659,0.04340912385826251,0.04392188930541654,0.04257173372585817,0.04398299941326805,0.0420991368747497,0.04193617540398166,0.04154992754562448,0.04298533297894429,0.04355886691065258,0.04285717507567417,0.04331798931916952
2419,43.81597473225085,22.442328521396778,45.418998198064905,27.251398918838944,18.16759927922596,34.19783393736652,20.30496390031137,32.594810471552464,9.618140794884333,41.67861011116544,64.12093863256221,17.09891696868326,10.152481950155686,27.251398918838944,21.373646210854073,49.15938628496437,60.914891700934106,4.274729242170815,26.18271660829624,43.2816335769795,0.044404525513053635,0.04258994848467182,0.04155439424176517,0.04160054430391009,0.042785041701036336,0.04299018914015104,0.04068192898462439,0.04219591108014396,0.04290728858875886,0.041191078729322095,0.04275799396121083
2420,37.446260691475175,19.763304253834118,39.526608507668236,26.524434656461583,18.723130345737587,30.685130288847713,20.283391207882385,42.64713023195784,7.281217356675728,39.526608507668236,49.4082606345853,23.92399988622025,10.401739080965326,36.40608678337864,23.403912932171984,47.327912818392235,47.8479997724405,4.680782586434397,33.285565059089045,47.327912818392235,0.04305231623969367,0.04437249481168706,0.04435381723037455,0.04460713945405142,0.042936756322011556,0.04318652680356536,0.04310702034516183,0.04346714046564466,0.04419029492423418,0.04419307531374599,0.042446464041563534
2421,45.4676091742379,22.20511145718595,43.3528366545059,34.89374657557792,23.262497717051946,32.77897405584593,26.96334962658294,50.754540473567886,12.688635118391971,40.18067787490791,71.37357254095484,22.20511145718595,5.815624429262987,41.23806413477391,26.96334962658294,70.31618628108885,56.04147177289787,5.815624429262987,32.77897405584593,65.55794811169186,0.043375388093440694,0.04340192001905015,0.04287712240267554,0.044031021264221266,0.041974518035150225,0.04250569291050269,0.04197559674063753,0.04321394124708129,0.04312941703479253,0.04279097201766056,0.04203128030178868
2422,37.52324734659498,23.32526186409958,40.5656728071297,22.31112004392134,20.28283640356485,23.32526186409958,24.339403684277823,39.55153098695146,9.634347291693304,27.38182914481255,51.721232829090376,21.296978223743096,11.15556002196067,30.42425460534728,20.28283640356485,43.60809826766443,41.57981462730795,10.648489111871548,25.860616414545188,48.171736458466526,0.046503287808788374,0.04627038470281407,0.04314450077354704,0.044666708637774104,0.04315348828630588,0.045060201829772,0.04494592226349392,0.04627189500499835,0.044266826965741086,0.04384749099737675,0.04479838264026716
2423,42.994155354304915,18.875482838475328,60.29668128957396,34.6050518705381,28.837543225448417,27.264586322242142,23.070034580358733,45.61575019298204,9.437741419237664,39.84824154789236,66.06418993466364,30.410500128654697,11.010698322443941,38.79960361242151,29.886181160919268,57.15076748316141,49.81030193486545,7.340465548295961,39.84824154789236,50.8589398703363,0.04378838934102459,0.044271373196773274,0.04374499940589583,0.04445752730644884,0.042551848726446226,0.042508466448255074,0.042943538287586284,0.04252544576117419,0.0440345390994592,0.04195280698277085,0.04290209770873984
2424,45.79496411970466,23.417879379394424,40.070593604741575,34.34622308977849,21.856687420768132,36.94820968748898,23.938276698936523,47.876553397873046,10.407946390841968,37.98900432657318,62.447678345051806,26.540263296647016,10.928343710384066,36.94820968748898,32.264633811610096,69.21284349909908,48.396950717415145,5.203973195420984,39.550196285199476,49.95814267604144,0.044863633162951395,0.04588350815405961,0.041237558509942866,0.04281770760093798,0.04413587348295871,0.0435051677039152,0.04209815436013265,0.041925756647544325,0.044153275766307364,0.04498825217209,0.04399379289706152
2425,38.030143064338375,16.90228580637261,43.312107378829815,23.76883941521148,19.54326796361833,30.107196592601213,20.59966082651662,44.3685002417281,8.451142903186305,39.614732358685806,48.06587526187211,25.881625141008058,11.092125060432025,32.74817874984693,22.712446552313196,58.62980389085499,43.840303810278954,4.753767883042297,33.276375181296075,49.1222681247704,0.042123137805842696,0.043594691848092,0.04320216949608818,0.04481001180045774,0.042281383480780865,0.04256765653669842,0.043403586059292766,0.0426490528930879,0.042762632541572226,0.04277321151743577,0.041636034571507365
2426,35.61518155347025,18.855096116543073,42.94771893212589,25.140128155390762,18.855096116543073,29.853902184526532,20.426354126254996,44.51897694183781,6.8087847087516655,38.23394490299012,49.232750970973576,24.092622815582814,9.427548058271537,32.472665534046406,24.616375485486788,54.470277670013324,46.61398762145371,4.713774029135768,33.520170873854354,48.708998301069606,0.04276040907231858,0.04390240646087953,0.04368160075367191,0.04452899772359269,0.042747705998247856,0.042547489572520816,0.043435642337427485,0.04328891498475593,0.043925373719207815,0.04359100578809142,0.04183778368531168
2427,36.088832698601095,19.875009312273065,42.365151428792586,24.059221799067394,19.351982751423776,30.33554052925889,19.875009312273065,44.457257672189755,7.845398412739368,40.273045185395425,49.16449671983337,23.013168677368814,9.414478095287242,32.95067333350535,23.013168677368814,54.39476232832629,46.02633735473763,4.707239047643621,32.95067333350535,47.5954170372855,0.04329022412938025,0.04445778799924236,0.04309262724871035,0.04490835658718889,0.04354509683338051,0.04238019739785215,0.04304838013304024,0.04338704319048646,0.04411282606823123,0.04354085058301162,0.04121004898018485
2428,34.466401028191946,15.90756970531936,48.78321376297937,28.63362546957485,22.270597587447103,30.224382440106783,19.61933596989388,53.02523235106453,5.302523235106453,39.7689242632984,59.38826023319228,24.391606881489686,8.484037176170325,32.87564405766001,23.331102234468396,48.78321376297937,50.37397073351131,5.302523235106453,35.526905675213236,51.4344753805326,0.04399866855553944,0.044711258527550674,0.041072038028305904,0.043698905700780555,0.042843628584053745,0.042892416638496945,0.04166650400866599,0.04232709002884041,0.042204556972881925,0.04336323253111875,0.04096937691312034
2429,34.57577720231989,17.021921084219024,49.46995815101154,28.724491829619602,21.809336389155625,29.256426863501446,20.21353128751009,51.597698286538915,4.255480271054756,39.895127541138336,59.576723794766586,23.405141490801157,9.574830609873201,34.57577720231989,22.873206456919313,51.06576325265707,53.72543842206629,4.787415304936601,34.57577720231989,48.938023117129696,0.043428131619832104,0.044528741372650546,0.040826219364401305,0.04341190214060245,0.04344802284114188,0.04305126309797141,0.04050645996798067,0.0421098704116221,0.042483974823978296,0.04265611858802426,0.04161426188995043
2430,48.4312091157089,26.73806336596429,52.97163497030661,42.37730797624529,23.711112796232484,31.782980982183968,33.29645626704987,48.935700877330866,7.062884662707548,50.44917616219677,56.50307730166038,31.782980982183968,15.639244610280999,46.413242069221035,26.233571604342323,52.97163497030661,48.4312091157089,9.08085170919542,36.32340683678168,53.47612673192858,0.04680714131447043,0.0450997645190044,0.043726171746063004,0.04532744578871923,0.04382777800658916,0.045734669352713,0.04433155761449366,0.04514762125504048,0.04504038240810945,0.04521025121680927,0.0452554551560202
2431,45.114742025328184,22.557371012664092,40.50073431819235,35.37405908804142,18.96869835155844,30.76005138090558,23.070038535679185,37.93739670311688,6.152010276181116,36.912061657086696,50.75408477849421,31.272718903920673,9.740682937286767,37.93739670311688,25.63337615075465,52.292087347539486,48.70341468643384,5.12667523015093,28.196713765830115,49.728749732464024,0.045806647199118006,0.04686349153239499,0.043034111091536,0.04466810274430396,0.04383632171501917,0.04418759111032938,0.04309903596964871,0.04441565887637189,0.04453229242573552,0.04319045922404357,0.04369876509640601
2432,45.14493220909743,22.572466104548717,40.52783686953065,35.39773093667867,18.981391951552332,30.78063559711189,23.085476697833915,37.962783903104665,6.1561271194223774,36.93676271653427,50.78804873523462,31.293646190397087,9.747201272418765,37.44977330981946,25.650529664259906,52.84009110837541,48.736006362093825,5.130105932851981,28.215582630685898,49.76202754866422,0.04579050367919229,0.046876611366963555,0.04298855111562075,0.044691879729306425,0.043775785695096124,0.044103267112298804,0.043078351795165906,0.04439265547438624,0.04443776725563761,0.0431943932751834,0.043659640215950785
2433,46.23807027236887,23.119035136184436,38.53172522697406,32.880405527017864,19.008984445307203,33.907918199737175,24.146547808903744,36.9904562178951,6.16507603631585,39.55923789969337,50.34812096324611,30.311623845219597,9.761370390833429,37.50421255425475,25.687816817982707,53.944415317763685,48.80685195416714,5.137563363596541,27.742842163421326,47.77933928144784,0.04549231860945847,0.047375494324191234,0.042885508689269214,0.044275128346437854,0.044051130764503815,0.04393839815634409,0.04294133464471572,0.04435448079572711,0.04464756499237167,0.04272998754032079,0.04355231677700588
2434,44.484006549558146,24.597038915638034,61.75426791585719,39.77393526784023,25.12038016916225,25.64372142268646,25.64372142268646,49.717419084800284,9.943483816960057,45.530689056606576,70.12772797224461,24.073697662113823,7.850118802863203,35.58720523964652,26.690403929734888,59.66090290176034,67.51102170462354,12.036848831056911,35.58720523964652,66.98768045109932,0.04450291448411487,0.04384596626752012,0.043253247855101436,0.042788502325729665,0.04314382263836933,0.04451010038990172,0.042104142963897674,0.043608964245460326,0.04403053160928689,0.041553393974392325,0.04331715972201209
2435,40.57990446966417,18.445411122574622,56.91726860680169,35.309787006071424,25.296563825245197,26.350587317963747,18.445411122574622,45.85002193325692,6.324140956311299,37.41783399150852,60.60635083131662,25.823575571604472,9.486211434466949,35.836798752430695,28.458634303400846,57.97129209952024,51.647151143208944,6.324140956311299,36.363810498789974,51.120139396849666,0.044146804516297294,0.043949044060693,0.04411286180795537,0.04389379641032785,0.04198845499456599,0.04348308962160552,0.043198370342369695,0.04219329805463526,0.04322623098482464,0.041185718434321505,0.04161058441312892
2436,43.292697620545304,20.10018103811032,41.74652984838298,37.62341578928342,20.10018103811032,28.346409156309427,21.646348810272652,40.71575133360808,7.730838860811661,40.20036207622064,51.02353648135697,30.923355443246646,10.307785147748882,42.777308363157864,29.377187671084315,49.477368709194636,51.02353648135697,5.669281831261885,27.831019898921983,46.900422422257414,0.04540569800013109,0.0460862884832093,0.042018248374750614,0.04428696558921155,0.04470477169204551,0.04328941786448743,0.042876083791341835,0.044069305409108486,0.04383610866865711,0.04372791708731922,0.044309937652293734
2437,44.26174380516148,21.87050870372685,42.69956461203814,36.97157423725253,22.911961499142414,30.202131067051365,22.911961499142414,48.94828138453152,8.852348761032296,35.93012144183697,63.52862052034942,27.598499078512454,11.455980749571207,36.97157423725253,29.681404669343582,70.81879008825837,50.51046057765487,4.6865375793700395,42.178838214330355,51.03118697536265,0.0450381476802541,0.04527997437993444,0.04193146361125399,0.0427444074810348,0.04392707811015096,0.04460784512405071,0.04220782994013941,0.042285727663800884,0.043366622368023,0.04393182330697653,0.043952682626598905
2438,44.78976539401206,21.87407147149426,42.70652049196498,36.97759701133553,22.915693922517796,30.20705107968255,22.915693922517796,48.9562551981062,8.853790833700058,35.41516333480023,63.538969512435706,27.60299495212371,11.457846961258898,36.97759701133553,29.686239854170783,70.30951544408869,51.039500100153276,4.687301029605913,42.185709266453216,51.039500100153276,0.04505033812123994,0.04522363628989628,0.041951009412448045,0.042690441286809995,0.043971432181914356,0.04466807628161206,0.0421224808171275,0.04222434459838208,0.043351146664520696,0.04395675532567022,0.04397911350861081
2439,44.793956876395185,21.876118474518577,42.71051702167913,36.46019745753097,22.917838401876605,30.2098778933828,22.917838401876605,48.960836585827295,8.854619382543234,35.93933749385195,63.54491556883968,27.60557807498773,11.458919200938302,36.981057421209975,29.689017929703784,70.31609509666686,50.523416476864334,4.687739673111124,42.189657058000115,51.565136404222365,0.04501116789380174,0.04521012222399262,0.04188797627727695,0.04282258611620648,0.04391458643978597,0.04458094899576342,0.04218121317662245,0.04223211096848468,0.04341721409337708,0.043979929583927685,0.04390218055174718
2440,44.34212433732065,21.38855409211937,42.77710818423874,35.99537152088382,22.953570245201277,30.7786510106108,23.475242296228576,49.55884484759366,8.346752816436828,37.03871562293842,63.64399022533081,27.648618704446992,11.476785122600639,37.56038767396572,30.2569789595835,71.99074304176764,50.602188949648266,4.695048459245715,41.73376408218414,49.03717279656636,0.045302350767188033,0.04509077272693394,0.04194054914853436,0.04260730620019555,0.04384214597555039,0.04450227875032027,0.0419726208380846,0.04214905951060842,0.043310933925140765,0.04369371314516184,0.04391621798498
2441,47.97496766985089,21.087897876857536,45.3389804352437,30.05025447452199,22.66949021762185,37.43101873142213,28.46866213375767,45.86617788216514,12.65273872611452,34.795031496814936,62.20929873672973,28.46866213375767,11.598343832271643,39.01261107218644,31.104649368364864,62.20929873672973,62.20929873672973,4.744777022292945,39.01261107218644,45.86617788216514,0.04446784534007489,0.04459562964402767,0.041365495920131286,0.04170584709249328,0.044154674360469465,0.04322682115222518,0.04153150638364117,0.04251790478121353,0.04203006548258305,0.0445504678808183,0.04265629504088383
2442,46.44940277022332,21.641199017944956,46.44940277022332,31.142213220945184,23.22470138511166,35.3648862000564,26.91954024183397,44.86590040305662,12.668018937333633,36.420554444834195,62.28442644189037,28.503042609000676,11.61235069255583,40.11539330155651,34.30921795527859,60.70092407472366,63.86792880905707,4.750507101500113,38.004056812000904,46.977236892612225,0.04448623326783455,0.0445853980527975,0.04157291692016166,0.041399342584061465,0.04379194377063132,0.04268801537497118,0.04147380095131867,0.04276835575970704,0.04179392530482778,0.04487366502722986,0.042732280597557515
2443,46.978004053343945,21.64155242906856,46.45016131117154,31.14272178817183,23.22508065558577,35.36546372555106,26.919979850792597,44.86663308465433,12.668225812137694,36.421149209895866,61.75760083417126,28.50350807730981,11.612540327792885,40.116048405102696,34.30977824120625,60.70191534982645,63.86897180286087,4.750584679551635,38.00467743641308,46.978004053343945,0.044548139348979485,0.04452051298455771,0.041577639554238495,0.04135609374283568,0.043791575833000994,0.042696064851972186,0.0414233537221107,0.04284098247425191,0.041815690233528914,0.044864213784894094,0.04272299129722592
2444,46.978004053343945,21.64155242906856,46.45016131117154,31.14272178817183,23.22508065558577,35.36546372555106,26.919979850792597,44.86663308465433,12.668225812137694,36.421149209895866,61.75760083417126,28.50350807730981,11.612540327792885,40.116048405102696,34.30977824120625,60.70191534982645,63.86897180286087,4.750584679551635,38.00467743641308,46.978004053343945,0.044548139348979485,0.04452051298455771,0.041577639554238495,0.04135609374283568,0.043791575833000994,0.042696064851972186,0.0414233537221107,0.04284098247425191,0.041815690233528914,0.044864213784894094,0.04272299129722592
2445,51.81509698550376,25.37882301330796,51.28637150605984,30.66607780774712,21.149019177756635,24.850097533864044,13.218136986097896,40.71186191718152,10.574509588878318,35.95333260218628,60.80343013605032,16.91921534220531,14.804313424429644,34.895881643298445,35.95333260218628,58.15980273883074,51.28637150605984,6.34470575332699,32.25225424607887,56.573626300498994,0.043052980870299434,0.04370821918904399,0.04361329167022201,0.04253411610701765,0.04281574278557605,0.04339354617269243,0.04108798832264674,0.04294234336896612,0.04213494757576067,0.043213640026072336,0.042777704467786754
2446,44.267630707589355,22.400487827936782,50.13442513871565,28.26728225906308,21.867142879652572,27.73393731077887,16.53369339681048,42.667595862736725,8.000174224263136,30.400662052199916,61.33466905268404,18.667073189947317,12.800278758821017,34.66742163847359,34.66742163847359,59.2012892595472,54.93452967327353,6.933484327694718,36.267456483326214,68.26815338037876,0.04315637190154275,0.04374448934251037,0.041903051141956485,0.04345285629470896,0.04174859971813311,0.043592669715975065,0.04032299487875088,0.041605153423137,0.04339902621955658,0.04159204158153742,0.042137797497982375
2447,53.30339615293017,21.321358461172068,51.17126030681297,30.9159697686995,21.85439242270137,29.316867884111595,14.391916961291146,38.911479191639025,10.660679230586034,30.3829358071702,61.831939537399,19.722256576584165,13.858882999761844,28.783833922582293,34.11417353787531,53.836430114459475,49.03912446069576,6.929441499880922,37.84541126858042,68.22834707575062,0.04357200325937894,0.043032963572297155,0.04165750741181399,0.04345128580476044,0.041601508933763603,0.043011854831596,0.03989984932013011,0.043034149160875085,0.043718802347538284,0.04224267023080816,0.041743443597736504
2448,50.960186874923956,24.16668655924229,48.85873586977245,29.420314072121048,21.53987280280291,30.4710395746968,18.387696295075656,38.35148084401494,7.880441269318138,39.92756909787857,60.41671639810573,17.336970792499905,8.93116677189389,35.19930433628768,31.52176507727255,54.11236338265122,52.010912377499714,7.355078518030262,32.572490579848306,58.840628144242096,0.0431847378753684,0.044758605440049316,0.04345067717709761,0.04378154876117029,0.04271956962985381,0.042962196065934634,0.04051872788807129,0.043498648837723426,0.04438841911023599,0.043616361242896196,0.04175775668372323
2449,47.898743402012094,25.236972330092396,56.654427679799255,33.477616356245015,30.90241509807232,25.752012581726934,25.752012581726934,49.958904408550254,8.24064402615262,40.688179879128555,63.34995095104826,28.327213839899628,8.24064402615262,33.477616356245015,33.99265660787955,55.10930692489564,47.383703150377556,8.24064402615262,37.08289811768678,48.92882390528117,0.04429099075502468,0.045023374649129186,0.04334894491680852,0.0454143016673178,0.04305068124530023,0.04474482383009872,0.044068844071975914,0.04328344431324968,0.04540151407101773,0.04247013037916724,0.0438626984663717
2450,47.88904617418384,25.23186303801084,56.6429578404325,33.47083872389193,30.89615882205409,25.746799018378407,25.746799018378407,49.94879009565411,8.23897568588109,40.67994244903789,62.82218960484332,28.32147892021625,8.23897568588109,33.9857747042595,33.9857747042595,55.0981498993298,47.37411019381627,8.23897568588109,37.075390586464906,48.918918134918975,0.04429988921378689,0.045044690748914,0.043359691110475655,0.04543828436185632,0.043041965520532806,0.044785467346924825,0.044048008488498144,0.043283110133789215,0.04543314879536387,0.042484943650084796,0.043844820262205354
2451,47.93471256078292,25.25592382234799,57.21239886286994,33.50275609086978,30.925621006956725,25.771350839130605,25.771350839130605,49.99642062791337,8.246832268521793,40.718734325826354,63.397523064261286,27.83305890626105,8.246832268521793,33.50275609086978,34.0181831076524,55.15069079573949,47.41928554400031,8.246832268521793,37.11074520834807,48.96556659434815,0.044270644116582894,0.04508636945137762,0.043280297394776755,0.045342657917627475,0.04298279601802175,0.04468554342907517,0.04403837231384704,0.04331090056012157,0.045373171235588816,0.04238617710376568,0.04381605367660305
2452,45.6856900625832,22.323689462398608,54.511334733764045,32.706800840258424,27.515245151328518,28.03440072022151,24.400311737970572,47.76231233815516,9.344800240073836,38.936667666974316,60.222045991586945,26.996089582435527,7.268177964501873,33.745111978044406,31.14933413357945,56.58795700933601,45.16653449369021,7.268177964501873,35.30257868472338,52.43471245819208,0.043905543778689556,0.04461252071449793,0.043768120321595314,0.04424611565500306,0.042981585512366034,0.044543470030527055,0.0434687987435082,0.042968301378188224,0.0444331946715329,0.0421499175817853,0.0437668627193155
2453,46.49517138585351,22.21435966213001,53.72775360143073,34.61307203169095,30.48016790850397,27.897102831512107,26.863876800715364,53.21114058603235,8.265808246373958,42.362267262666535,62.510174863203055,28.41371584691048,8.78242126177233,35.12968504708932,28.41371584691048,59.9271097862112,41.845654247268165,7.749195230975586,34.09645901629258,51.14468852443886,0.044192200518568314,0.04369051490343562,0.043485886187712264,0.04478468432994663,0.04327207990213037,0.04507690700130593,0.043638921053486296,0.0433611773576116,0.045211375244108884,0.042504393221830784,0.04416884488149095
2454,44.85163684311339,26.29233883906647,52.58467767813294,36.0875238967579,30.416627284410232,26.80787489473444,24.23019461639459,51.03806951112903,9.79518505769143,37.63413206376181,64.95754301416422,26.80787489473444,9.27964900202346,32.99430756275008,31.44769939574617,58.25557429048061,48.97592528845715,7.73304083501955,36.60305995242587,53.10021373380091,0.04477097670057236,0.04490279932338691,0.043379323127681044,0.04521751516946872,0.04354673071932321,0.044479631731402375,0.04342818376737248,0.043451847722570436,0.04548814289944445,0.041737528306194614,0.044061264864613404
2455,45.675999451173226,22.318954277277825,54.4997720724226,32.69986324345356,27.509408760365694,28.02845420867448,24.395136070512972,47.752181244408376,9.34281806955816,38.928408623159,59.69022655551046,26.990363312056907,7.2666362763230135,34.25699958837992,31.1427268985272,56.575953865657745,45.15695400286444,7.2666362763230135,35.295090484997495,52.42359027918745,0.04391494641683196,0.044634938341162306,0.04377928916747904,0.04427148950984746,0.04297246848157556,0.04458609716374057,0.04344709540879595,0.04296801880491321,0.04446654924229195,0.04216550913263628,0.043748150021939096
2456,47.42196742904476,25.257352217643405,56.70017844777091,33.50465090095554,30.927370062420497,25.772808385350412,25.772808385350412,49.483792099872794,8.247298683312133,41.23649341656066,63.916564795669025,28.350089223885455,8.247298683312133,32.98919473324853,34.02010706866255,55.669266112356894,47.42196742904476,8.247298683312133,37.112844074904594,48.968335932165786,0.0442084273727044,0.0450048308676799,0.04331792518165996,0.04535998632619481,0.04300964497101778,0.04472236608935849,0.044030398734482404,0.043245927954065726,0.045411236948956005,0.04241475026817148,0.043818337578700704
2457,45.675999451173226,22.318954277277825,54.4997720724226,32.69986324345356,27.509408760365694,28.02845420867448,24.395136070512972,47.752181244408376,9.34281806955816,38.928408623159,59.69022655551046,26.990363312056907,7.2666362763230135,34.25699958837992,31.1427268985272,56.575953865657745,45.15695400286444,7.2666362763230135,35.295090484997495,52.42359027918745,0.04391494641683196,0.044634938341162306,0.04377928916747904,0.04427148950984746,0.04297246848157556,0.04458609716374057,0.04344709540879595,0.04296801880491321,0.04446654924229195,0.04216550913263628,0.043748150021939096
2458,42.16502887241368,17.92013727077581,57.44985183866363,37.421463124267135,29.515520210689573,28.461394488879233,21.609577297112008,49.54390892508607,7.378880052672393,40.583840289698166,66.40992047405155,28.9884573497844,10.014194357198248,37.94852598517231,28.461394488879233,59.558103282284314,53.76041181232743,7.905942913577564,39.52971456788782,53.76041181232743,0.04392864732588309,0.04388242014638895,0.04386293404130637,0.04403949759347359,0.042060410476304856,0.0431609185209265,0.0432378649555892,0.042470153833525405,0.043600324051009894,0.041040322101989206,0.04165364604843196
2459,42.22971815911197,17.94763021762259,58.06586246877896,36.423131912234076,29.56080271137838,28.50505975740058,21.642730556544883,50.147790313945464,7.918072154833494,40.64610372814527,65.45606314662355,29.03293123438948,10.029558062789093,38.006746343200774,28.50505975740058,59.64947689974566,53.84289065286776,7.918072154833494,39.06248929717857,54.89863360684556,0.04392824087756104,0.04371448977441598,0.0436817033933801,0.04395561800841493,0.041989014110875925,0.043243765254729,0.04312274159434074,0.04233362419649457,0.04355711930794697,0.041072110422863094,0.04153009607007799
2460,42.23458054076023,17.949696729823096,58.07254824354531,36.4273257164057,29.56420637853216,28.508341865013154,21.645222527139616,50.15356439215277,7.918983851392543,40.12285151372222,65.99153209493785,29.036274121772657,10.030712878430554,38.01112248668421,28.508341865013154,59.656345013823824,53.84909018946929,7.918983851392543,39.06698700020321,54.9049547029883,0.04392197805373342,0.043702268033695785,0.04368341894224349,0.04395125339888145,0.041982188968788775,0.0432309577311296,0.04312639477664376,0.04233175851926657,0.043550746864835226,0.04105132982944918,0.04153544812182988
2461,42.23458054076023,17.949696729823096,58.07254824354531,36.4273257164057,29.56420637853216,28.508341865013154,21.645222527139616,50.15356439215277,7.918983851392543,40.12285151372222,65.99153209493785,29.036274121772657,10.030712878430554,38.01112248668421,28.508341865013154,59.656345013823824,53.84909018946929,7.918983851392543,39.06698700020321,54.9049547029883,0.04392197805373342,0.043702268033695785,0.04368341894224349,0.04395125339888145,0.041982188968788775,0.0432309577311296,0.04312639477664376,0.04233175851926657,0.043550746864835226,0.04105132982944918,0.04153544812182988
2462,42.13953155678162,17.909300911632187,56.88836760165518,36.87209011218391,29.49767208974713,28.44418380082759,21.06976577839081,48.98720543475863,7.374418022436783,39.505810834482766,65.3162739130115,28.97092794528736,10.008138744735634,37.39883425664369,28.44418380082759,58.99534417949426,53.20115859043679,7.901162166896553,39.505810834482766,54.25464687935633,0.04415181993928037,0.04363412822694328,0.043720021532965385,0.04405614795444359,0.04184241670587524,0.043512568160489644,0.04308355024241315,0.04276165785923928,0.043481792763517796,0.04113845308718855,0.04187329906787347
2463,42.165915838453486,17.920514231342732,57.978134277873544,36.8951763586468,29.51614108691744,28.461993190956104,21.61003186720741,50.07202505816352,7.37903527172936,41.11176794249215,66.41131744556424,28.989067138936772,10.014405011632704,37.949324254608136,28.989067138936772,58.50520822585421,53.234468746047526,7.906109219710029,39.53054609855015,53.76154269402819,0.04415568616592191,0.043785673763376345,0.04387822688446178,0.044008657174903106,0.04206286869414826,0.043240403762006725,0.04325177459324527,0.04236150472385413,0.04348036481100635,0.04110415333966002,0.04159673810674756
2464,42.22864107379245,17.94717245636179,57.008665449619805,37.4779189529908,29.560048751654715,28.504332724809903,21.64217855031863,49.61865326170613,8.445728214758491,40.64506703352524,65.9822516778007,29.03219073823231,10.029302255025707,38.00577696641321,28.504332724809903,60.175813530154244,53.84151736908537,7.917870201336084,38.53363497983561,54.369375382507776,0.04381513316036589,0.04381832816534211,0.043762297822696444,0.04402776885875218,0.04200998635490998,0.043058777269886626,0.04312841248456907,0.04241940434789467,0.043538421830923414,0.0409912420406519,0.04157221424160218
2465,41.14751221003247,17.936095065911587,57.50101065248126,37.45478675528596,29.541803637972023,28.48673922233017,21.62882052065809,49.0604953273464,8.440515325134864,40.619980002211534,65.94152597761612,28.48673922233017,10.023111948597652,37.98231896310689,27.95920701450924,59.61113948376498,53.28075298991383,7.912983117313935,38.50985117092782,54.86334961337662,0.04385022131565427,0.043807530051377115,0.04372863770202392,0.04409759220538669,0.042023687723067846,0.04305397783862432,0.0432308517610472,0.04244823952008298,0.04360335115906138,0.04095042254795739,0.04167328035478787
2466,41.14751221003247,17.936095065911587,57.50101065248126,37.45478675528596,29.541803637972023,28.48673922233017,21.62882052065809,49.0604953273464,8.440515325134864,40.619980002211534,65.94152597761612,28.48673922233017,10.023111948597652,37.98231896310689,27.95920701450924,59.61113948376498,53.28075298991383,7.912983117313935,38.50985117092782,54.86334961337662,0.04385022131565427,0.043807530051377115,0.04372863770202392,0.04409759220538669,0.042023687723067846,0.04305397783862432,0.0432308517610472,0.04244823952008298,0.04360335115906138,0.04095042254795739,0.04167328035478787
2467,41.14751221003247,17.936095065911587,57.50101065248126,37.45478675528596,29.541803637972023,28.48673922233017,21.62882052065809,49.0604953273464,8.440515325134864,40.619980002211534,65.94152597761612,28.48673922233017,10.023111948597652,37.98231896310689,27.95920701450924,59.61113948376498,53.28075298991383,7.912983117313935,38.50985117092782,54.86334961337662,0.04385022131565427,0.043807530051377115,0.04372863770202392,0.04409759220538669,0.042023687723067846,0.04305397783862432,0.0432308517610472,0.04244823952008298,0.04360335115906138,0.04095042254795739,0.04167328035478787
2468,43.44223484497197,23.029618472033334,61.76124953863485,34.02102728823106,29.31042350986061,26.69342141076591,22.506218052214397,51.293241142256065,5.757404618008334,37.68483022696364,63.33145079809167,23.553018891852275,10.991408816197728,36.11462896750682,28.26362267022273,58.62084701972122,52.34004198189394,7.8510062972840915,40.30183232605834,56.52724534044546,0.04310613754627079,0.044099161488851665,0.04420572365236287,0.0439339611881281,0.04302263810503137,0.04324545388082752,0.04340091946624087,0.04228699245706661,0.044278843057441175,0.04192444320074024,0.04309530613809939
2469,47.52261570717548,23.76130785358774,43.826412263284055,35.90597631208814,22.705249726761622,31.681743804783657,24.817365980413864,50.69079008765385,10.560581268261219,41.714296009631816,73.39603981441547,21.121162536522437,6.864377824369792,39.07415069256651,27.98554036089223,68.64377824369792,55.443051658371395,5.80831969754367,34.32188912184896,64.41954573639343,0.0436255427976078,0.043506167323977184,0.04242099962718479,0.043879813171640025,0.04188501198246544,0.04302794000109242,0.04174940323411248,0.04270985225146758,0.043768525746976164,0.04252749223831266,0.04287018821210258
2470,37.95142188385856,23.78289104721803,37.44540292540711,21.252796254960792,21.252796254960792,23.78289104721803,23.78289104721803,39.97549771766435,7.590284376771712,27.32502375637816,52.119952720499086,20.746777296509347,9.614360210577502,33.90327021624698,21.252796254960792,42.505592509921584,41.99957355147014,10.626398127480396,25.806966881023822,48.07180105288751,0.047264033677643875,0.04722583803185683,0.044046496589968454,0.044137207476563,0.04256303480419338,0.04588295498054912,0.04493016353423381,0.04588295076922045,0.04319466141972545,0.0441288466234515,0.044724853641146665
2471,37.932837311657224,23.771244715305194,36.921294983346364,20.736617730372615,21.242388894528045,23.771244715305194,24.277015879460624,39.45015080412352,7.586567462331445,27.817414028548633,51.58865874385383,20.736617730372615,10.115423283108594,33.886667998413785,21.242388894528045,42.48477778905609,41.47323546074523,10.621194447264022,25.794329371926914,49.05980292307668,0.047203921563476116,0.0474181287114695,0.04409155603225886,0.0442291007779608,0.042686500825388204,0.04567282822625307,0.04489923614123755,0.04579920151130201,0.04332358908197747,0.04415094344776339,0.04475382952548325
2472,37.92820230131253,23.76834010882252,36.916783573277534,20.734083924717517,21.23979328873502,23.76834010882252,24.274049472840023,39.44533039336503,7.585640460262507,27.814015020962525,52.59377385782005,20.734083924717517,10.11418728035001,33.88252738917253,20.734083924717517,42.47958657747004,41.468167849435034,10.61989664436751,25.79117756489252,48.548098945680046,0.04727960304721494,0.047451791407917825,0.04406863200209209,0.04419409861066758,0.04269729089971178,0.04560670665507227,0.04489809899385837,0.04577105739588983,0.04339487852464103,0.04420997040413705,0.04471850804129676
2473,37.92820230131253,23.76834010882252,36.916783573277534,20.734083924717517,21.23979328873502,23.76834010882252,24.274049472840023,39.44533039336503,7.585640460262507,27.814015020962525,52.59377385782005,20.734083924717517,10.11418728035001,33.88252738917253,20.734083924717517,42.47958657747004,41.468167849435034,10.61989664436751,25.79117756489252,48.548098945680046,0.04727960304721494,0.047451791407917825,0.04406863200209209,0.04419409861066758,0.04269729089971178,0.04560670665507227,0.04489809899385837,0.04577105739588983,0.04339487852464103,0.04420997040413705,0.04471850804129676
2474,38.15273110513423,18.81504547650455,40.24329171363473,25.609367454131196,18.81504547650455,27.177287910506575,19.33768562862968,44.42441293063575,7.839602281876896,41.28857201788499,51.21873490826239,24.56408714988094,9.407522738252275,33.44896973600809,25.086727302006068,54.87721597313828,45.469693234886,4.703761369126138,35.5395303445086,44.947053082760874,0.042572555458718915,0.044426992400417774,0.04317612624565248,0.04458985666738504,0.043526021139973524,0.04232063559165337,0.04400349344574608,0.04369003455863318,0.04374647544140402,0.04345877727329988,0.04184887965198939
2475,38.004871194858175,19.783357608282337,40.08732989046684,26.03073369510834,18.742128260478005,27.07196304291267,19.26274293438017,44.25224728168418,8.850449456336834,40.60794456436901,51.020238042412345,24.989504347304006,8.850449456336834,33.31933912973867,24.46888967340184,54.66454075972751,44.77286195558634,4.685532065119501,34.360568477543005,44.77286195558634,0.042610595990928646,0.044408568491690996,0.04356520308549678,0.04478914088610352,0.043398783216506774,0.04255321348515855,0.04425677013176055,0.043971907696448743,0.04423425984620688,0.0434768571847088,0.042120026082822955
2476,47.29420556515142,25.22357630141409,61.48246723469685,26.80004982025247,22.07062926373733,24.698085128467966,29.952996857929236,47.29420556515142,8.40785876713803,43.615767354528536,68.83934365594263,23.64710278257571,9.98433228597641,39.41183797095952,25.22357630141409,64.10992309942749,56.22755550523558,6.305894075353523,28.376523339090856,68.83934365594263,0.0446019821632431,0.04328796150305346,0.04200237515158273,0.043933362450888344,0.04305971412099762,0.044840715663939254,0.04346381611902422,0.041738737343270514,0.043432410537027566,0.04169168506129633,0.0424560669395499
2477,46.40389053147547,23.729262203595407,59.05949704005968,34.8029178986066,23.201945265737734,27.420480768599138,25.83852995502611,46.93120746933314,8.437071005722812,43.767305842187085,65.91461723220947,24.256579141453084,12.128289570726542,37.966819525752655,26.365846892883788,58.00486316434433,57.47754622648666,5.800486316434434,28.47511464431449,69.07851885935553,0.04474433548029416,0.04381761946799758,0.041909714875131475,0.04347114397303761,0.04291727257173416,0.044779884985655986,0.04280053834445297,0.04219078608422252,0.04304656277669899,0.04119727314045265,0.04180793044264618
2478,52.25692424806816,24.038185154111353,49.12150879318407,28.741308336437488,21.425338941707945,33.44443151876362,25.605892881553398,50.16664727814543,8.361107879690906,43.895816368377254,64.27601682512383,20.902769699227264,12.019092577055677,34.489570003724985,30.831585306360214,60.09546288527839,55.914908945432934,10.973954092094313,29.78644682139885,62.18573985520111,0.0445449870360289,0.0438420629234344,0.04450423791029936,0.04420763977429432,0.041888888717237824,0.04395074495598209,0.04126736352858974,0.04338126114224023,0.04433548256883064,0.043367987486527565,0.042140101475853356
2479,43.292697620545304,20.10018103811032,41.74652984838298,37.62341578928342,20.10018103811032,28.346409156309427,21.646348810272652,40.71575133360808,7.730838860811661,40.20036207622064,51.02353648135697,30.923355443246646,10.307785147748882,42.777308363157864,29.377187671084315,49.477368709194636,51.02353648135697,5.669281831261885,27.831019898921983,46.900422422257414,0.04540569800013109,0.0460862884832093,0.042018248374750614,0.04428696558921155,0.04470477169204551,0.04328941786448743,0.042876083791341835,0.044069305409108486,0.04383610866865711,0.04372791708731922,0.044309937652293734
2480,43.739773335544164,20.583422746138428,41.68143106093032,38.079332080356096,20.06883717748497,27.78762070728688,21.61259388344535,40.13767435496994,7.718783529801911,40.6522599236234,50.94397129669261,30.875134119207644,10.291711373069214,42.71060219823724,29.33137741324726,49.40021459073223,50.42938572803915,5.6604412551880685,27.78762070728688,46.312701178811466,0.0456058331385909,0.04614217817336212,0.042068954209890395,0.04438931678141884,0.044817842775624894,0.043245722302767936,0.042956430363101115,0.044182581042535994,0.04394006632187205,0.04362806480847655,0.04443744142889856
2481,43.739773335544164,20.583422746138428,41.68143106093032,38.079332080356096,20.06883717748497,27.78762070728688,21.61259388344535,40.13767435496994,7.718783529801911,40.6522599236234,50.94397129669261,30.875134119207644,10.291711373069214,42.71060219823724,29.33137741324726,49.40021459073223,50.42938572803915,5.6604412551880685,27.78762070728688,46.312701178811466,0.0456058331385909,0.04614217817336212,0.042068954209890395,0.04438931678141884,0.044817842775624894,0.043245722302767936,0.042956430363101115,0.044182581042535994,0.04394006632187205,0.04362806480847655,0.04443744142889856
2482,43.246987538896555,20.593803589950742,41.70245226965025,38.09853664140887,20.07895850020197,27.8016348464335,21.623493769448277,40.15791700040394,7.722676346231528,40.15791700040394,51.48450897487685,30.89070538492611,10.296901794975371,42.21729735939902,29.346170115679804,49.425128615881775,50.969663885128085,5.663295987236453,27.8016348464335,46.850903167137936,0.04549928276123208,0.0461561226246809,0.042061859817524055,0.04438659644408265,0.044808621734798895,0.04322282183106498,0.04300155750978484,0.044115877656805975,0.04391711562304778,0.04356278299945808,0.04442227124875121
2483,43.22976852236806,20.585604058270505,41.68584821799777,38.08336750780043,20.070963956813742,27.79056547866518,21.61488426118403,40.141927913627484,7.719601521851439,40.141927913627484,50.9493700442195,30.878406087405757,10.292802029135252,42.7151284209113,29.33448578303547,49.40544973984921,50.9493700442195,5.661041116024388,27.79056547866518,46.832249232565395,0.0455474738024293,0.04615916545802347,0.04208747594271685,0.04439592260537685,0.044821896906590546,0.0432330983560274,0.042964764212894226,0.04416258531520771,0.043947248442319745,0.04360811250415813,0.044432154997493305
2484,43.21652363758136,20.57929697027684,41.6730763648106,38.07169939501215,20.064814546019917,27.782050909873735,21.60826181879068,40.129629092039835,7.717236363853815,40.64411151629676,50.93376000143518,30.86894545541526,10.28964848513842,42.70204121332444,29.839980606901417,48.87583030440749,50.419277577178256,5.659306666826131,27.782050909873735,46.81790060737981,0.04560745645294748,0.04627901811201483,0.04207816348042801,0.04436720232987494,0.04484117913194013,0.04327802326358517,0.04299554596795042,0.04410792668889684,0.04394828914319831,0.04360457079393829,0.0444102003783045
2485,45.3408461293582,21.36752518739869,56.806347449425786,39.08693631841224,20.84636603648653,37.52345886567575,28.142594149256812,42.21389122388522,16.15593367827706,44.298527827533874,68.79300792040554,28.663753300168974,11.986660470979754,40.65041377114873,25.536798394695996,57.84866575125012,60.975620656723095,10.944342169155426,41.17157292206089,64.62373471310823,0.04470621142652919,0.043889249713121865,0.04246362846565808,0.04426307638851226,0.04339152911977468,0.045033216596530604,0.043393561400705605,0.043170003715477835,0.04285435522775923,0.04321057473304602,0.042465442300721475
2486,33.6970033585821,14.9764459371476,55.09192612593582,30.487764943479046,22.999541974905245,28.883145735927517,18.185684352250657,50.81294157246508,5.348730691838429,40.11548018878822,60.97552988695809,26.2087803900083,8.557969106941487,35.836495635317476,22.999541974905245,51.34781464164892,54.557053056751975,5.348730691838429,34.766749496949785,54.557053056751975,0.0431355822786795,0.04459378450078057,0.04098904219288273,0.04299625861756777,0.042134868557259925,0.04281604936173999,0.0407044638067966,0.04219441766383363,0.042118015895925766,0.04230748092349228,0.04113696701719833
2487,47.16396560099283,24.630070924962922,61.313155281290676,39.303304667494025,25.67815904942943,25.67815904942943,25.67815904942943,49.784185912159096,9.95683718243182,45.59183341429307,70.22190433925599,24.106026862729667,7.860660933498805,35.11095216962799,27.774335298362445,59.741023094590915,66.55359590362322,11.52896936913158,35.63499623186125,65.5055077791567,0.0443797269087487,0.04372171572950259,0.04286669730759929,0.042524856201173106,0.04332456973844176,0.044463866182971004,0.04224576912118272,0.043649768190282094,0.04383996231202821,0.04178845947399082,0.043150546600826095
2488,39.84618905617169,21.78258335070719,58.441077282385145,29.75182116194153,23.907713433703012,30.283103682690484,16.469758143217632,42.50260165991647,12.75078049797494,43.033884180665424,69.59801021811322,23.907713433703012,6.37539024898747,39.84618905617169,24.970278475200924,71.72314030110904,54.722099637142456,6.906672769736426,36.65849393167795,66.41031509361949,0.04478117199678992,0.04340371525769003,0.040790533324401315,0.04270340246654137,0.04246673659005105,0.04330604323994039,0.041958622079790016,0.04171237366993433,0.043643052621179367,0.0417684374144477,0.04218339059027863
2489,40.51742703271613,21.324961596166382,59.176768429361715,29.854946234632937,23.99058179568718,30.921194314441255,14.927473117316469,43.18304723223692,13.32810099760399,43.71617127214108,69.83924922744491,23.45745775578302,6.3974884788499145,39.45117895290781,25.589953915399658,71.97174538706155,54.37865207022428,6.930612518754074,36.78555875338701,66.64050498801994,0.04434815240993353,0.04327115213839679,0.040740866360428854,0.042497535447016226,0.04218164684343912,0.04303903937284802,0.041930736797675235,0.041762500145393365,0.043419830570708126,0.04164015952939642,0.0420443404806047
2490,31.543288232876705,18.925972939726023,60.45796911301369,35.223338526712325,29.440402350684927,20.50313735136986,20.50313735136986,38.377667349999996,14.194479704794517,42.05771764383561,70.44667705342465,31.017566762328762,6.834379117123286,46.789210878767115,26.8117949979452,82.01254940547943,45.21204646712328,8.411543528767123,37.851945879452046,46.26348940821917,0.04291397181843128,0.044316000768991566,0.04418521038918035,0.044202930774545575,0.04244548257072193,0.04290820317638152,0.042290710495046874,0.042202284586185156,0.04316700430460949,0.041809616474431356,0.04383711409352982
2491,32.63240104561729,19.4741748175458,64.21214399298887,32.63240104561729,29.474426750880134,21.05316196491438,21.05316196491438,38.9483496350916,11.57923908070291,48.948601568425936,69.47543448421746,28.421768652634416,6.842277638597174,46.31695632281164,28.948097701757273,80.00201546667465,40.52733678246018,8.421264785965752,36.31670438947731,45.79062727368878,0.04240397008405843,0.044191158022534434,0.04396094422432404,0.04361218043670977,0.04323627391651237,0.04292901946443184,0.042289405018122804,0.04262178812728785,0.04266815646321276,0.04231277252503075,0.04344528259491542
2492,32.10003735575941,19.470514461690133,64.20007471151882,33.152497596931845,29.468886752828308,21.049204823448793,21.049204823448793,38.941028923380266,11.050832532310617,48.93940121451844,69.46237591738101,28.41642651165587,6.840991567620858,46.30825061158734,28.94265663224209,80.51320844969163,40.519719285138926,8.419681929379516,36.309878320449165,45.78202049100112,0.04247396633868905,0.044212719943717824,0.04401183759576927,0.04361430650776892,0.04328727942859964,0.04289058741115018,0.04226565826591769,0.042671461714805514,0.042730800769841544,0.04224473844637654,0.04336652299114404
2493,32.63240104561729,19.4741748175458,64.21214399298887,32.63240104561729,29.474426750880134,21.05316196491438,21.05316196491438,38.9483496350916,11.57923908070291,48.948601568425936,69.47543448421746,28.421768652634416,6.842277638597174,46.31695632281164,28.948097701757273,80.00201546667465,40.52733678246018,8.421264785965752,36.31670438947731,45.79062727368878,0.04240397008405843,0.044191158022534434,0.04396094422432404,0.04361218043670977,0.04323627391651237,0.04292901946443184,0.042289405018122804,0.04262178812728785,0.04266815646321276,0.04231277252503075,0.04344528259491542
2494,31.527486936579333,18.9164921619476,60.427683295110384,35.20569374584692,29.42565447414071,20.492866508776565,20.492866508776565,38.358442439504856,14.1873691214607,42.03664924877244,69.88592937608419,31.527486936579333,6.830955502925522,46.765772289259345,26.798363896092432,81.97146603510626,45.189397942430375,8.407329849754488,37.8329843238952,46.240314173649686,0.042816984229222976,0.04431104656107041,0.044291241039486805,0.04432849096711127,0.04255008932131052,0.04274431453010931,0.04239807020525369,0.042245978948660876,0.04307184008237441,0.04194580207467354,0.04383802643107053
2495,31.527486936579333,18.9164921619476,60.427683295110384,35.20569374584692,29.42565447414071,20.492866508776565,20.492866508776565,38.358442439504856,14.1873691214607,42.03664924877244,69.88592937608419,31.527486936579333,6.830955502925522,46.765772289259345,26.798363896092432,81.97146603510626,45.189397942430375,8.407329849754488,37.8329843238952,46.240314173649686,0.042816984229222976,0.04431104656107041,0.044291241039486805,0.04432849096711127,0.04255008932131052,0.04274431453010931,0.04239807020525369,0.042245978948660876,0.04307184008237441,0.04194580207467354,0.04383802643107053
2496,32.05109134814044,19.96625362671044,64.10218269628088,33.101946802177835,29.423952713046962,21.01710908074783,21.01710908074783,38.88165179938349,11.033982267392611,48.33935088572001,68.30560451243045,28.373097259009572,6.830560451243045,46.23763997764523,28.373097259009572,80.91586996087915,40.457934980439575,8.406843632299132,36.25451316429001,46.763067704663925,0.04248534032527856,0.04434659054209888,0.044069952538485536,0.04355622872782294,0.04337830201393801,0.043142861574839604,0.04236095617572922,0.04260220600035398,0.0428527216920745,0.04223418107498162,0.0435429323157013
2497,31.019083904356712,18.92689865350579,60.46092625425461,35.22506138291355,29.441842349897897,20.504140207964607,20.504140207964607,38.37954449183118,14.195173990129343,42.05977478556842,70.4501227658271,31.019083904356712,6.834713402654868,46.79149944894487,26.81310642579987,82.01656083185843,45.21425789448605,8.411954957113684,37.85379730701158,46.79149944894487,0.04291432163466425,0.04430982228071356,0.0442033902109939,0.0442134359340276,0.04242319034240903,0.04289068875355319,0.04228238817250766,0.042215985078832126,0.04316076497617264,0.04180662728898147,0.0438322005075392
2498,31.543288232876705,18.925972939726023,60.45796911301369,35.223338526712325,29.440402350684927,20.50313735136986,20.50313735136986,38.377667349999996,14.194479704794517,42.05771764383561,70.44667705342465,31.017566762328762,6.834379117123286,46.789210878767115,26.8117949979452,82.01254940547943,45.21204646712328,8.411543528767123,37.851945879452046,46.26348940821917,0.04291397181843128,0.044316000768991566,0.04418521038918035,0.044202930774545575,0.04244548257072193,0.04290820317638152,0.042290710495046874,0.042202284586185156,0.04316700430460949,0.041809616474431356,0.04383711409352982
2499,31.543288232876705,18.925972939726023,60.45796911301369,35.223338526712325,29.440402350684927,20.50313735136986,20.50313735136986,38.377667349999996,14.194479704794517,42.05771764383561,70.44667705342465,31.017566762328762,6.834379117123286,46.789210878767115,26.8117949979452,82.01254940547943,45.21204646712328,8.411543528767123,37.851945879452046,46.26348940821917,0.04291397181843128,0.044316000768991566,0.04418521038918035,0.044202930774545575,0.04244548257072193,0.04290820317638152,0.042290710495046874,0.042202284586185156,0.04316700430460949,0.041809616474431356,0.04383711409352982
2500,31.543288232876705,18.925972939726023,60.45796911301369,35.223338526712325,29.440402350684927,20.50313735136986,20.50313735136986,38.377667349999996,14.194479704794517,42.05771764383561,70.44667705342465,31.017566762328762,6.834379117123286,46.789210878767115,26.8117949979452,82.01254940547943,45.21204646712328,8.411543528767123,37.851945879452046,46.26348940821917,0.04291397181843128,0.044316000768991566,0.04418521038918035,0.044202930774545575,0.04244548257072193,0.04290820317638152,0.042290710495046874,0.042202284586185156,0.04316700430460949,0.041809616474431356,0.04383711409352982
2501,31.543288232876705,18.925972939726023,60.45796911301369,35.223338526712325,29.440402350684927,20.50313735136986,20.50313735136986,38.377667349999996,14.194479704794517,42.05771764383561,70.44667705342465,31.017566762328762,6.834379117123286,46.789210878767115,26.8117949979452,82.01254940547943,45.21204646712328,8.411543528767123,37.851945879452046,46.26348940821917,0.04291397181843128,0.044316000768991566,0.04418521038918035,0.044202930774545575,0.04244548257072193,0.04290820317638152,0.042290710495046874,0.042202284586185156,0.04316700430460949,0.041809616474431356,0.04383711409352982
2502,31.526220950028858,18.915732570017315,60.42525682088864,35.20428006086556,29.4244728866936,20.492043617518757,20.492043617518757,38.35690215586844,13.661362411679171,42.034961266705146,70.40856012173111,31.00078393419504,6.830681205839586,46.76389440920947,26.79728780752453,81.96817447007503,45.18758336170803,8.406992253341029,38.35690215586844,46.238457393375654,0.04294696161558922,0.04436499371473577,0.04418709209788281,0.04421268224801603,0.04249815682417376,0.0429353121506773,0.04230157149750471,0.04225306320611148,0.04314262755097736,0.041874361028977486,0.0438461622315399
2503,31.526307372995262,18.91578442379716,60.42542246490759,35.20437656651138,29.424553548128912,20.492099792446922,20.492099792446922,38.3570073038109,13.661399861631281,42.03507649732702,70.40875313302276,31.000868916778675,6.830699930815641,46.76402260327631,26.797361267045975,81.96839916978769,45.187707234626544,8.407015299465403,38.3570073038109,46.23858414705972,0.04294117178484685,0.04427645543619336,0.044220588879942596,0.044245186611508315,0.04245880571315935,0.04295901395982508,0.0422923004006437,0.04224031183660966,0.04319523599908181,0.04186454620795873,0.04386792695364284
2504,31.06647367681194,18.429264045566406,60.553296149718186,35.27887688722712,29.486822472906248,20.535465650773993,20.535465650773993,38.4381792950385,14.216860835151227,42.12403210415178,70.55775377445424,31.06647367681194,6.845155216924665,47.91608651847265,26.85407046639676,81.61531220179408,45.809884913265066,8.424806420830356,37.911628893736605,46.33643531456696,0.042843211678960144,0.044420954920716994,0.04416789667047271,0.04394485377776975,0.042343212368953165,0.04295362858558338,0.042182912298733326,0.042037516677534165,0.04309877393354588,0.041748281930469665,0.04370835585536362
2505,32.113578880024036,19.478728173129333,64.22715776004807,32.64003099281131,29.481318316087638,21.05808451149117,21.05808451149117,38.95745634625867,11.581946481320143,48.43359437642969,69.49167888792086,28.42841409051308,6.8438774662346304,46.32778592528057,28.42841409051308,81.073625369241,40.5368126846205,8.423233804596467,36.32519578232227,46.32778592528057,0.04248726257787991,0.044148430872741104,0.04384275639828845,0.04356230766491849,0.04314947283614931,0.043004858526265004,0.042256181453239415,0.042661698485393515,0.042841884603059474,0.042114071674943986,0.043478962119842084
2506,32.62152969173243,19.467687074098386,64.19075197405414,32.62152969173243,29.464607463500258,21.04614818821447,21.04614818821447,38.93537414819677,11.575381503517958,48.932294537598644,68.9261353164024,28.412300054089535,6.839998161169703,46.8276797187772,28.938453758794896,79.97536311521499,40.51383526231285,8.418459275285787,36.30460562466996,45.775372309366475,0.04243653134004789,0.044219648826073626,0.043933451484489315,0.04357901728126298,0.04326465768229761,0.04296172279389865,0.04228774665314191,0.04264576248044484,0.042706758229228835,0.042316247567131995,0.04349475095662065
2507,32.63240104561729,19.4741748175458,64.21214399298887,32.63240104561729,29.474426750880134,21.05316196491438,21.05316196491438,38.9483496350916,11.57923908070291,48.948601568425936,69.47543448421746,28.421768652634416,6.842277638597174,46.31695632281164,28.948097701757273,80.00201546667465,40.52733678246018,8.421264785965752,36.31670438947731,45.79062727368878,0.04240397008405843,0.044191158022534434,0.04396094422432404,0.04361218043670977,0.04323627391651237,0.04292901946443184,0.042289405018122804,0.04262178812728785,0.04266815646321276,0.04231277252503075,0.04344528259491542
2508,31.543288232876705,18.925972939726023,60.45796911301369,35.223338526712325,29.440402350684927,20.50313735136986,20.50313735136986,38.377667349999996,14.194479704794517,42.05771764383561,70.44667705342465,31.017566762328762,6.834379117123286,46.789210878767115,26.8117949979452,82.01254940547943,45.21204646712328,8.411543528767123,37.851945879452046,46.26348940821917,0.04291397181843128,0.044316000768991566,0.04418521038918035,0.044202930774545575,0.04244548257072193,0.04290820317638152,0.042290710495046874,0.042202284586185156,0.04316700430460949,0.041809616474431356,0.04383711409352982
2509,42.71659519678091,22.130284258573244,37.0553596887738,34.48207082149784,19.042337617842094,34.48207082149784,20.586310938207667,37.570017462228996,6.690551054917492,37.0553596887738,51.46577734551917,30.36480863385631,9.26383992219345,40.65796410296014,25.21823089930439,55.5830395331607,50.95111957206397,5.146577734551917,27.79151976658035,50.43646179860878,0.04553228039562741,0.047126361412731146,0.04242683282840338,0.04488961955852604,0.044198723576359046,0.043177105059636976,0.04314660383607683,0.044060414869512246,0.04420466546414617,0.042747557274709996,0.04383206226907905
2510,42.6196443263108,22.080056699173063,39.02521649156169,32.86334020342037,18.999118555102402,33.89031958477726,25.160994843243724,37.484747419526364,5.648386597462877,39.53870618224014,49.80849999580901,31.322871131385043,9.242814432211981,38.51172680088325,25.67448453392217,53.91641752123655,48.78152061445212,5.134896906784434,29.26891236867127,48.26803092377367,0.04566466595072689,0.04724234524749952,0.04321577310084779,0.0442876112569576,0.04346097256471725,0.043767333725365946,0.04277865300545077,0.044440570202435706,0.045084143406463835,0.04320735521370566,0.043360885647385654
2511,47.835556045382525,23.129279846119022,61.50285777263467,36.27091612232301,24.18061074821534,28.385934356600618,29.962930709745095,52.040879653767796,12.61597082515583,47.835556045382525,67.81084318521259,22.0779489440227,8.410647216770553,38.37357792651565,24.18061074821534,59.92586141949019,65.18251592997179,9.987643569915033,38.899243377563806,64.65685047892363,0.044202935272002,0.04381379600845149,0.042939498972902806,0.04333520924911814,0.04244473174688313,0.04439379231085767,0.042241198477728004,0.042762779870948196,0.043620731363198384,0.041626494763784945,0.04295338091596572
2512,42.88738983042583,21.443694915212916,54.91677966091113,34.51911864400128,29.288949152485934,29.81196610163747,21.966711864364452,47.07152542363811,8.891288135576088,40.795322033819694,65.90013559309335,23.535762711819054,9.937322033879157,38.70325423721356,27.719898305031332,60.14694915242647,50.73264406769885,8.368271186424552,38.70325423721356,50.20962711854732,0.044516778349488,0.04479691005011238,0.04400331410836059,0.044420653269313784,0.04299973995036458,0.04353039590457447,0.04333388615305302,0.042061741987656096,0.04338903511184209,0.04122787273389444,0.042702723229806026
2513,45.14493220909743,22.572466104548717,40.52783686953065,35.39773093667867,18.981391951552332,30.78063559711189,23.085476697833915,37.962783903104665,6.1561271194223774,36.93676271653427,50.78804873523462,31.293646190397087,9.747201272418765,37.44977330981946,25.650529664259906,52.84009110837541,48.736006362093825,5.130105932851981,28.215582630685898,49.76202754866422,0.04579050367919229,0.046876611366963555,0.04298855111562075,0.044691879729306425,0.043775785695096124,0.044103267112298804,0.043078351795165906,0.04439265547438624,0.04443776725563761,0.0431943932751834,0.043659640215950785
2514,37.22417394706167,18.349944903481106,43.5155836282552,24.11707044457517,19.398513183680027,30.40848012576869,19.398513183680027,44.039867768354654,7.339977961392443,39.845594647558976,49.28270916934926,24.64135458467463,9.437114521790283,33.554184966365455,22.544218024276788,55.57411885054278,45.088436048553575,4.718557260895142,33.029900826265994,47.70985674905088,0.04263096170552909,0.04387028772445139,0.0430417866314828,0.04487185643371942,0.042984415381776594,0.04282800891606415,0.04333849705663867,0.043224338075706,0.04426023341993033,0.04333477970966445,0.04133069484557684
2515,38.11639834549728,19.31927039429314,42.293537890209315,24.018552382094178,19.841412837382148,30.80640414225123,19.31927039429314,43.85996521947632,7.832136646335059,40.7271105609423,48.037104764188356,24.018552382094178,9.39856397560207,33.41711635769625,21.92998260973816,54.82495652434541,43.85996521947632,4.699281987801035,32.37283147151824,48.037104764188356,0.04286096426150389,0.043832520536443376,0.04341552172363596,0.04508784922105746,0.043150857639621135,0.042886412694191245,0.043569116908023314,0.04341888901822318,0.044294382826654856,0.043903055933405884,0.04143798614823586
2516,37.734714393680406,18.867357196840203,44.547926714761594,24.108289751518036,19.391450452307986,29.873315561663656,19.391450452307986,44.023833459293805,7.861398832016752,40.355180671019326,50.83704578037499,24.108289751518036,9.433678598420101,33.54196834993814,23.06010324058247,53.981605313181696,45.59611322569716,4.716839299210051,31.96968858353479,45.59611322569716,0.04287088243281211,0.04394558423495866,0.043244165217422754,0.04469100311800347,0.04289676762226206,0.04250891178571965,0.04327918625267987,0.0433778785649504,0.04428381016459148,0.043299206688972615,0.041509348449843594
2517,45.0910457424129,24.642780812714026,61.869109274473516,39.847900888643956,25.691409783467815,25.16709529809092,25.691409783467815,49.28556162542805,9.961975222160989,45.0910457424129,71.8310844966345,24.11846632733713,7.864717280653413,35.12907052025191,26.740038754221604,60.29616581834283,67.63656861361935,11.534918678291673,35.653385005628806,66.58793964286556,0.0443872805860315,0.04361570020764758,0.04314902422222738,0.04267540513492749,0.04306210195806592,0.044455046732371044,0.04216470483038034,0.04335739530649679,0.04398314606140546,0.041493339384594895,0.043342370198957515
2518,39.09692771634021,19.548463858170106,48.60699121490945,37.51191713324533,22.190148163328224,24.303495607454725,20.076800719201728,41.73861202149833,7.9250529154743665,41.73861202149833,60.75873901863681,20.076800719201728,5.811705471347869,31.700211661897466,22.190148163328224,51.77701238109919,55.475370408320565,7.396716054442742,29.058527356739344,58.64539157451031,0.04422799032617614,0.04374890639364346,0.041985082125838694,0.04260166896623498,0.04259145052102582,0.04430527931500442,0.04130467994253873,0.04289601211042272,0.043835312026899775,0.04107966031694238,0.04308709692364851
2519,43.8540791746194,25.05947381406823,60.03832267953847,39.15542783448161,25.58154618519465,26.103618556321074,26.625690927447494,49.07480288588362,11.485592164781272,46.986513401377934,66.82526350418195,23.493256700688967,7.309013195769901,37.06713834997593,27.147763298573917,58.99417793728563,66.30319113305552,12.007664535907693,34.97884886547024,67.34733587530837,0.04460817623274162,0.043754942381103126,0.043573246815359123,0.043102117710032285,0.04301783681861948,0.04505662989473896,0.04226873008612503,0.0436307195911831,0.04431603880203966,0.04142903742630041,0.043170153115335695
2520,32.62882671356965,19.4720417484206,64.20511062992739,33.155098112175615,29.47119832193388,21.050855944238485,21.050855944238485,38.9440834968412,11.051699370725206,48.943240070354484,69.46782461598701,28.418655524721956,6.841528181877508,46.31188307732467,28.94492692332792,80.51952398671222,40.522897692659086,8.420342377695395,36.31272650381139,45.259340280112745,0.04246908349089131,0.04419521463018648,0.04400030082437844,0.043623576169879025,0.0432965277834824,0.04287291601377877,0.04225694068628486,0.042678600355490155,0.04272890763823745,0.04224867795620684,0.04335785584522213
2521,43.318824769557004,20.112311500151467,41.77172388492997,37.646121525924535,20.112311500151467,28.363516218162324,21.659412384778502,40.74032329517861,8.251204718010857,40.224623000302934,51.05432919269218,30.942017692540716,10.314005897513573,42.803124474681326,29.39491680791368,49.507228308065145,51.05432919269218,5.672703243632465,27.332115628410968,46.92872683368675,0.04536957238603744,0.046088364978866835,0.04196538836746928,0.04429086371550504,0.044654173311222047,0.043299890473939444,0.04284896004877105,0.0440462618406285,0.04381633232966208,0.0436619400022243,0.044257957669995386
2522,45.415499436920875,18.792620456656913,54.289792430342196,43.327430497292326,20.88068939628546,38.6292753831281,28.710947919892508,40.717344322756645,16.18253428212123,45.937516671828014,69.42829224264915,30.276999624613918,11.484379167957004,41.76137879257092,26.622878980263962,57.943913074692155,61.07601648413497,10.962361933049866,40.19532708784951,63.16408542376352,0.04470657667385285,0.044617473618018905,0.04202300209225177,0.04415186310587855,0.04294492806137396,0.04478859293439431,0.04301216415602056,0.04375393746326909,0.04306756918001135,0.042602386535925504,0.04231427127186664
2523,45.083666933342684,22.28273193257167,42.49265159234598,36.79241784215323,22.28273193257167,29.01937181916311,24.355544205369036,49.22929147893742,8.809452159388801,36.27421477395389,62.702571252120286,27.982965682764426,11.400467500385506,37.82882397855191,30.05577795556179,67.8846019341137,49.74749454713676,4.663827613794071,40.938042387747956,49.74749454713676,0.045578222130054864,0.045700288617261615,0.04237334011857033,0.0428708015838892,0.04422657372186078,0.04450601769655753,0.0421457074918409,0.04213611756611784,0.0436510714678848,0.04417581109010573,0.044432980316515235
2524,42.7117294446356,22.127763447220854,37.051138795346546,34.478143045669704,19.04016854760864,34.478143045669704,20.583965997414747,37.56573794528192,6.689788949159793,37.051138795346546,51.45991499353687,30.36134984618675,9.262784698836636,40.65333284489412,25.215358346833067,55.57670819301982,50.9453158436015,5.145991499353687,27.78835409650991,50.430716693666135,0.045565904363315715,0.047045385073388166,0.04233372105616754,0.04494007207529965,0.044525965121101796,0.04326968946080621,0.04292421891715507,0.0439353324345215,0.0442201904052156,0.042645779428006285,0.043994591729653816
2525,42.65539207186909,22.098576615546634,39.057949367012654,33.91874550293204,19.015054297098267,33.40482511652398,25.182098933995004,37.002267821380414,5.653124250488674,39.57186975342072,49.85027748158194,30.835223184483677,9.250566955345104,38.544028980604594,25.696019320403064,54.475560959254494,48.82243670876582,5.139203864080613,29.293462025259494,48.30851632235776,0.04549616020518424,0.047257635367590575,0.04317547827472601,0.04424298364116751,0.043701602259112356,0.04378527109909395,0.04261073108934111,0.044242032551102754,0.045107932769953514,0.043054428135538995,0.043405358199127816
2526,35.84430759061261,18.449275965756488,40.58840712466427,27.410352863409642,18.976398136206676,33.20869673836168,19.50352030665686,42.696895806465015,8.433954727202966,36.898551931512976,49.54948402231743,23.720497670258343,11.069565579453894,32.154452397461306,24.774742011158715,54.820705726819284,47.96811751096687,4.744099534051669,33.735818908811865,49.54948402231743,0.04287758690982598,0.04390776797938735,0.04289109671694118,0.04444535320900008,0.04255587377843998,0.041620555040679345,0.04371998061820346,0.043399200659735564,0.043149142488270266,0.04301923724365535,0.04129203490567605
2527,48.894178542765154,23.1327296331362,60.46054335933325,36.27632601559995,24.1842173437333,28.915912041420253,29.4416558967188,52.04864167455645,12.617852527165201,48.894178542765154,67.29521347821441,22.0812419225391,8.411901684776801,38.37930143679415,24.709961199031852,59.9347995040347,65.71798191231875,9.98913325067245,39.43078914739125,63.615006491124554,0.044020593566100184,0.0437136003436981,0.042967984039129985,0.043326727865797415,0.04254309456540989,0.044385830998340356,0.0422564135257064,0.04284716800258439,0.04374810655989916,0.041608362422808805,0.0428382628119753
2528,48.89750634055792,23.134304075102673,60.464658378109256,36.27879502686555,24.1858633512437,28.91788009387834,29.443659731948856,52.05218416898101,12.618711313692366,48.3717267024874,67.82557331109646,22.08274479896164,8.412474209128243,38.381913579147614,24.711642989314218,59.93887874003874,65.72245475881441,9.98981312333979,39.43347285528864,63.619336206532346,0.04402188697412173,0.04371582928475411,0.0429804088441137,0.04331438673739156,0.04254056040498791,0.044382451245155136,0.04225322147619958,0.04284920583352327,0.04374634044864612,0.041600395734913816,0.04281567494567792
2529,46.05636248834376,22.50481348862252,60.1872918881765,41.869420443948876,24.598284510819962,27.738491044116127,26.168387777468045,50.76667228828801,12.560826133184662,52.860143310485455,66.46770495476883,24.598284510819962,8.373884088789774,36.63574288845526,24.598284510819962,61.757395154824586,61.757395154824586,9.943987355437857,38.72921391065271,62.28076291037395,0.04415423118973921,0.04403283841186322,0.0432017505157967,0.043676749682153765,0.04237681387703882,0.045124297745501335,0.04255520877857492,0.04288983905410753,0.04365530079069129,0.041794752945819726,0.043170461459352584
2530,47.22013954621697,23.085401555928296,61.910849627262245,38.30077985415376,24.65940620746886,28.856751944910368,27.80741551054999,50.89281706647829,13.641373646684901,49.31881241493772,66.10819536470375,23.085401555928296,8.394691474883016,37.776111636973575,24.65940620746886,58.23817210700093,65.05885893034338,10.493364343603771,39.35011628851414,64.00952249598299,0.0440591158949863,0.04358493400653473,0.042858323545540006,0.04364405965831182,0.0421448542599777,0.04474970774195582,0.04246129838712242,0.04302057474618687,0.04414006466528502,0.04169835457410825,0.042970495339802434
2531,46.84343823400239,21.860271175867783,55.171160586713924,35.39281999902403,30.70847617562379,26.02413235222355,24.983167058134608,50.48681676331369,7.2867570586225945,35.39281999902403,66.10129617464781,28.626545587445904,8.848204999756007,34.351854704935086,28.106062940401433,62.97840029238099,48.925368822180275,7.807239705667065,35.9133026460685,52.568747351491574,0.04456322004180804,0.04405430913574065,0.04339637532146201,0.044878711102907455,0.042519446429092944,0.04460290617624547,0.043341583528842896,0.042275189434171696,0.04478615486695225,0.04158524758513373,0.043514209333171905
2532,44.30782517771607,21.098964370340983,43.252876959199014,36.92318764809672,22.681386698116558,32.175920664770004,25.846231353667704,52.219936816593936,11.076956294429017,42.19792874068197,71.20900474990083,22.681386698116558,6.85716342036082,42.19792874068197,27.42865368144328,66.4617377665741,55.912255581403606,6.329689311102295,33.23086888328705,64.87931543879853,0.043835056033494565,0.04369943461192786,0.04260036085365083,0.04407126723153531,0.04217004665380229,0.0423159003858424,0.041794655200557834,0.04267912034569856,0.04359071730081321,0.043213423302480077,0.04255590882167252
2533,47.155599557453584,23.318703077861663,53.37392037821669,33.16437771073659,31.09160410381555,26.946056889973477,24.873283283052437,50.26475996783514,8.291094427684147,39.90089193322996,61.66501480590084,27.464250291703735,10.363868034605183,33.682571112466846,26.946056889973477,66.84694882320343,43.52824574534177,7.772901025953887,36.27353812111814,51.819340173025914,0.04482187118366695,0.04442304822567587,0.04366479622104205,0.044517169228585514,0.04236487047226398,0.04499975544905777,0.04324736263422598,0.04303074253510327,0.04472772759826286,0.0422494435343686,0.043759811187488104
2534,45.639868140257065,23.338568935358726,54.45666084917036,30.599457048581442,30.599457048581442,26.450378126739892,24.894473531049307,51.3448516577892,9.854062439373685,39.93488462272493,62.23618382762327,26.969012991970086,10.891332169834072,33.711266239962605,26.969012991970086,64.82935815377424,43.56532867933629,7.779522978452909,37.341710296573964,53.419391118709974,0.0446590245126513,0.04482286781203666,0.04359996924478139,0.044569923942999974,0.042504156867313396,0.04470652458215767,0.04293733294549959,0.04299183182216064,0.0448733620352537,0.04189705722388571,0.043803083781065934
2535,46.57815624302589,21.701186431409788,43.93167009285396,33.34572549216626,23.289078121512944,32.81642826213187,27.523455961788024,51.34183131333535,13.232430750859626,40.226589482613264,68.27934267443567,21.701186431409788,5.822269530378236,43.93167009285396,28.052753191822408,70.39653159457322,56.105506383644816,5.822269530378236,32.81642826213187,66.69145098433252,0.04350491878027527,0.043524630462010584,0.04256014345409102,0.04375198955139298,0.041919002477322304,0.04252040542798129,0.04151959865610978,0.04264858960494578,0.043509694637277815,0.04264335819557944,0.04260043871862868
2536,46.57911564797175,21.701633426895928,43.403266853791855,33.34641233888886,23.289557823985874,32.81710420652555,27.524022882892396,51.34288883924158,13.232703309082883,40.22741805961196,68.28074907486767,21.701633426895928,5.822389455996468,43.93257498615517,28.05333101525571,70.92728973668424,56.10666203051142,5.822389455996468,32.81710420652555,66.69282467777772,0.0435185473550981,0.04354133884539369,0.04257139801567575,0.04372177932578716,0.04192486780464324,0.04250799530840017,0.04151850522895313,0.04267130586480017,0.04347872715774826,0.04264878057018847,0.0425886221599965
2537,47.165799007936414,21.72806471152127,43.98608222088452,33.38702626404488,23.317923105047218,32.8570734662029,27.557545487783074,51.405421390672274,13.248819946049554,40.276412635990646,68.89386371945768,21.198111913679288,5.829480776261804,43.45612942304254,28.087498285625056,70.48372211298363,56.7049493690921,5.829480776261804,32.8570734662029,66.24409973024777,0.04349258120205197,0.04343276450000065,0.04243545570455355,0.043803012047843426,0.04180465024461627,0.04244026512229842,0.041505313245448615,0.04253242695706526,0.043512770298614306,0.042523581178309164,0.04256438165721614
2538,47.15502020480249,21.723099195470812,43.976030078636036,33.37939632474783,23.312594258554043,32.84956463705342,27.551247760109323,51.393673706357774,13.24579219236025,40.797039952469575,68.8781194002733,21.1932675077764,5.828148564638511,43.446198390941625,28.08107944780373,70.46761446335654,56.16215889560746,5.828148564638511,32.84956463705342,66.22896096180125,0.04349245078590563,0.043459169789035045,0.04241340660470308,0.043772162421717,0.04182057748169136,0.04245414523453039,0.0415095971002146,0.04255956914653579,0.04352129383510516,0.04254921829366321,0.04261672161248874
2539,45.077536538608754,26.044798888973947,50.08615170956528,46.079259572800055,26.545660406069597,27.547383440260905,32.05513709412178,50.587013226660936,8.013784273530446,46.58012108989571,60.60424356857399,31.053414059930475,15.025845512869584,46.079259572800055,26.545660406069597,56.09648991471311,45.077536538608754,10.51809185900871,42.57322895313049,55.59562839761746,0.047412160919272334,0.045304806015294206,0.04517364076782019,0.046278672841603634,0.044057544176119956,0.0453027656899662,0.04437171325621824,0.04580654575510896,0.04524600852234689,0.044753439468976114,0.04543118549162037
2540,45.129734516011354,26.074957720362114,50.645590956857184,45.129734516011354,26.576399214984463,27.07784070960681,32.59369715045264,50.645590956857184,8.524505408579921,46.13261750525605,61.1758623439265,31.089372666585597,15.04324483867045,46.13261750525605,27.07784070960681,55.660005903080666,45.6311760106337,10.530271387069316,42.121085548277264,55.15856440845832,0.047444075683011025,0.0452595380500949,0.04507204444857032,0.04623496295444211,0.04399376488510772,0.04509505293320214,0.044196099280905246,0.045948167773652245,0.045130257226510005,0.04489006143676626,0.045294480705389654
2541,45.73568688274241,25.632088252965524,50.2589965744422,46.23827684848683,27.13985815019879,27.64244811594321,32.16575780764301,50.2589965744422,9.046619383399596,46.74086681423125,62.321155752308336,31.663167841898588,15.07769897233266,45.73568688274241,26.637268184454367,55.78748619763085,46.23827684848683,10.554389280632863,40.709787225298186,55.78748619763085,0.04715363066957065,0.04541543161650326,0.04494198118518298,0.04606135122775728,0.04378058600435878,0.04537036614276607,0.044127724584095855,0.04542469674910446,0.0449893510559399,0.044625624924797734,0.045519290095500875
2542,32.90323591515096,18.2795755084172,44.39325480615606,26.11367929773886,18.801849094371978,29.24732081346752,21.93549061010064,42.82643404829172,8.356377375276434,37.08142460278918,49.615990665703826,24.546858539874524,9.923198133140765,34.47005667301529,24.02458495391975,51.18281142356816,45.960075564020386,5.222735859547772,34.47005667301529,48.57144349379428,0.0424804249788849,0.044092520731214765,0.04298728024815971,0.0453025868536558,0.04305507693909383,0.04287885080834876,0.04385176713106868,0.04363191115393242,0.04394322202106669,0.04333733540929342,0.0421654377705038
2543,46.83026870094557,21.854125393774595,55.15564980333588,35.38286968515887,30.699842815064315,26.537152263869153,24.976143307170968,50.47262293324133,7.2847084645915325,35.38286968515887,66.08271250022318,28.618497539466734,8.845717421289718,34.34219704736008,27.57782490166794,62.96069458682681,48.911613976543144,7.805044783490927,35.90320600405826,52.55396820883891,0.044596520423843114,0.0440601995345278,0.04340394992645001,0.04490668895420831,0.04251754900707478,0.04463876381656745,0.043336654698891426,0.04229224946858607,0.04479366938600526,0.04160920681683563,0.043508229067614985
2544,47.04980322868624,23.78922635158293,46.521153754206615,35.419514790134585,23.260576877103308,30.133020045338377,26.432473723981033,50.22170007556396,10.044340015112793,41.23465900941041,73.48227695266728,20.617329504705204,6.872443168235068,38.59141163701231,27.489772672940273,68.72443168235068,55.50819482036017,5.815144219275827,34.36221584117534,63.9665864120341,0.04351494752296239,0.043656216146930195,0.04242015470794462,0.04380357975043364,0.041983342923708485,0.04313790281544067,0.04139848312687838,0.04277602973003586,0.043548781120975544,0.04249040042564937,0.04262068724942027
2545,43.86413911240728,25.065222349947014,60.052095213414724,39.16440992179221,25.587414482237577,26.10960661452814,26.631798746818703,49.0860604353129,11.488226910392381,46.99729190615065,66.84059293319204,23.498645953075325,7.310689852067879,37.07564139262996,27.67618301139983,59.0077109488336,66.31840080090147,12.010419042682944,34.98687286346771,66.84059293319204,0.04458164290711,0.043768974821130735,0.04352848261986546,0.0430486846115472,0.04306448699732473,0.04507461830495471,0.04225250155561885,0.043634486762231355,0.04425980538068895,0.04146158234064313,0.04313260140832202
2546,45.66464001063275,22.313403641559187,54.48621819450499,33.210647280460186,27.50256727913109,27.50256727913109,24.389069096587946,47.740305465661514,8.821578183872237,38.91872728178928,60.19429819583409,26.9836509153739,7.264829092600666,34.248480007974564,31.13498182543142,56.56188364953375,45.14572364687556,7.264829092600666,35.28631273548895,52.41055273947623,0.043847244451476274,0.04455880807712549,0.04377817647282068,0.04426226435471103,0.043038991375048366,0.04455815509604789,0.043602814755199566,0.04291234992912118,0.04454879844327797,0.04218760528680962,0.04378842800117163
2547,45.66464001063275,22.313403641559187,54.48621819450499,33.210647280460186,27.50256727913109,27.50256727913109,24.389069096587946,47.740305465661514,8.821578183872237,38.91872728178928,60.19429819583409,26.9836509153739,7.264829092600666,34.248480007974564,31.13498182543142,56.56188364953375,45.14572364687556,7.264829092600666,35.28631273548895,52.41055273947623,0.043847244451476274,0.04455880807712549,0.04377817647282068,0.04426226435471103,0.043038991375048366,0.04455815509604789,0.043602814755199566,0.04291234992912118,0.04454879844327797,0.04218760528680962,0.04378842800117163
2548,45.6960667549349,23.367306863318984,55.04298950026249,31.156409151091975,30.637135665240443,26.48294777842818,24.92512732087358,50.36952812759869,9.866196231179126,39.98405841056804,62.31281830218395,26.48294777842818,10.904743202882191,33.75277658034964,27.00222126427971,65.42845921729315,44.1382462973803,7.789102287772994,37.38769098131037,53.485169042707895,0.044546401987051544,0.04471116795362794,0.043473580815055916,0.04449854518322945,0.04242016932847331,0.04473897094676925,0.042850154566200054,0.04293453916599254,0.0447744503345474,0.041970806049697766,0.04380772781782196
2549,36.31250432267591,18.41938625063271,43.68025882292899,23.682068036527767,19.47192260781172,31.04982253678085,20.524458964990732,43.68025882292899,8.420290857432095,41.048917929981464,48.41667243023455,22.629531679348755,9.472827214611106,33.68116342972838,22.629531679348755,56.31069510907714,45.785331537287014,4.736413607305553,33.154895251138875,48.41667243023455,0.04265322217616775,0.043911439758812294,0.042998661848255876,0.04472187324534625,0.04302124973168031,0.04239095966935091,0.04290736138354825,0.042953516918773985,0.04398185475998854,0.04305963235534389,0.04113204956322609
2550,45.146520250973126,22.573260125486563,40.52926249803269,35.91200474509226,18.982059650977337,30.78171835293622,22.573260125486563,37.964119301954675,6.156343670587244,36.938062023523464,50.78983528234477,31.294746992151826,9.74754414509647,37.45109066273907,25.651431960780183,52.84194983920718,48.73772072548235,5.130286392156036,28.2165751568582,49.76377800391356,0.04579574392345467,0.046875100936389844,0.04298500525316826,0.044688389698374346,0.043785657576783765,0.0440991973663921,0.04307479270924009,0.04438619132256586,0.044439102675104244,0.043197899281847287,0.043644280041075845
2551,45.146520250973126,22.573260125486563,40.52926249803269,35.91200474509226,18.982059650977337,30.78171835293622,22.573260125486563,37.964119301954675,6.156343670587244,36.938062023523464,50.78983528234477,31.294746992151826,9.74754414509647,37.45109066273907,25.651431960780183,52.84194983920718,48.73772072548235,5.130286392156036,28.2165751568582,49.76377800391356,0.04579574392345467,0.046875100936389844,0.04298500525316826,0.044688389698374346,0.043785657576783765,0.0440991973663921,0.04307479270924009,0.04438619132256586,0.044439102675104244,0.043197899281847287,0.043644280041075845
2552,45.146520250973126,22.573260125486563,40.52926249803269,35.91200474509226,18.982059650977337,30.78171835293622,22.573260125486563,37.964119301954675,6.156343670587244,36.938062023523464,50.78983528234477,31.294746992151826,9.74754414509647,37.45109066273907,25.651431960780183,52.84194983920718,48.73772072548235,5.130286392156036,28.2165751568582,49.76377800391356,0.04579574392345467,0.046875100936389844,0.04298500525316826,0.044688389698374346,0.043785657576783765,0.0440991973663921,0.04307479270924009,0.04438619132256586,0.044439102675104244,0.043197899281847287,0.043644280041075845
2553,43.953203494814865,24.020936793677894,39.35344964070634,34.7536957865978,18.910099178001744,31.687193217192114,23.50985303211028,37.82019835600349,5.621921377243762,37.309114594435876,50.59729239519386,29.642858170921656,9.71059146978468,37.309114594435876,26.065271839948352,54.68596248773478,46.50862230265294,5.1108376156761475,28.10960688621881,50.08620863362624,0.04589505037810868,0.04703368817857637,0.043240883380987936,0.044761985634866996,0.04401918563881723,0.044080265430481644,0.043335040025024286,0.04473941917210846,0.04471178982186116,0.043260232568731946,0.0438386982028205
2554,44.031429258039815,23.551694719416645,39.4234889868496,34.81554871565939,18.943754448226432,31.74358853486591,23.551694719416645,37.887508896452864,5.631926998121371,37.37551553298728,50.68734298309234,29.695615081003595,10.239867269311585,37.37551553298728,26.11166153674454,54.783289890816974,47.10338943883329,5.119933634655792,28.159634990606857,49.66335625616119,0.04574196220246873,0.046931498470446385,0.04318841109275565,0.0447299689800609,0.04393282514479436,0.044030770860925016,0.04329001571289457,0.04471735894553096,0.044483486963571246,0.043169808283154636,0.043790529877818354
2555,45.146520250973126,22.573260125486563,40.52926249803269,35.91200474509226,18.982059650977337,30.78171835293622,22.573260125486563,37.964119301954675,6.156343670587244,36.938062023523464,50.78983528234477,31.294746992151826,9.74754414509647,37.45109066273907,25.651431960780183,52.84194983920718,48.73772072548235,5.130286392156036,28.2165751568582,49.76377800391356,0.04579574392345467,0.046875100936389844,0.04298500525316826,0.044688389698374346,0.043785657576783765,0.0440991973663921,0.04307479270924009,0.04438619132256586,0.044439102675104244,0.043197899281847287,0.043644280041075845
2556,45.146520250973126,22.573260125486563,40.52926249803269,35.91200474509226,18.982059650977337,30.78171835293622,22.573260125486563,37.964119301954675,6.156343670587244,36.938062023523464,50.78983528234477,31.294746992151826,9.74754414509647,37.45109066273907,25.651431960780183,52.84194983920718,48.73772072548235,5.130286392156036,28.2165751568582,49.76377800391356,0.04579574392345467,0.046875100936389844,0.04298500525316826,0.044688389698374346,0.043785657576783765,0.0440991973663921,0.04307479270924009,0.04438619132256586,0.044439102675104244,0.043197899281847287,0.043644280041075845
2557,45.146520250973126,22.573260125486563,40.52926249803269,35.91200474509226,18.982059650977337,30.78171835293622,22.573260125486563,37.964119301954675,6.156343670587244,36.938062023523464,50.78983528234477,31.294746992151826,9.74754414509647,37.45109066273907,25.651431960780183,52.84194983920718,48.73772072548235,5.130286392156036,28.2165751568582,49.76377800391356,0.04579574392345467,0.046875100936389844,0.04298500525316826,0.044688389698374346,0.043785657576783765,0.0440991973663921,0.04307479270924009,0.04438619132256586,0.044439102675104244,0.043197899281847287,0.043644280041075845
2558,44.63171186144446,22.572360021879955,40.52764640292083,34.88455639745084,18.98130274567178,30.780490938927212,23.59837638651086,37.96260549134356,6.156098187785442,37.44959730902811,50.7878100492299,31.293499121242665,9.747155463993616,37.44959730902811,25.650409115772675,53.35285096080717,48.735777319968086,5.130081823154535,28.21545002734994,49.24878550228354,0.045813630355759305,0.046809975107444675,0.043007772313870374,0.04469811007819249,0.0437694150655596,0.044106013641536136,0.043108581066577376,0.04440110636261764,0.04447021818809086,0.043152420683262235,0.04365457482163582
2559,45.07174314711793,23.04805047295803,40.46213305252632,35.85252295793472,18.95061927776549,30.218555064544972,22.535871573558964,37.90123855553098,6.146146792788808,36.87688075673285,50.705711040507666,31.242912863343108,9.731399088582279,37.38905965613191,25.608944969953367,52.754426638103936,48.656995442911395,5.121788993990673,28.169839466948705,49.68135324170953,0.045881046257534475,0.046999194299077354,0.043069483214579374,0.044842660945224926,0.04394731978120776,0.044184707926842516,0.04313719932754303,0.04435188421001117,0.04437340847180592,0.04323026707222405,0.043803929094882114
2560,37.34707998507197,17.358501964892607,41.55520167353079,25.774745341810235,19.462562809122016,29.982867030269052,19.988578020179368,45.23730815093225,7.890228165860276,39.45114082930138,47.86738420621901,25.248730130752886,9.994289010089684,34.190988718727866,21.56662365335142,60.49174927159545,43.6592625177602,4.734136899516166,32.612943085555806,48.39339941727636,0.042485116927992714,0.043828392432205536,0.04306472651107945,0.044777172763292704,0.042836262551054584,0.04260145219424268,0.04360585455150268,0.04296906678495619,0.042705654312135126,0.042793354037808956,0.042317735876377785
2561,46.22292341469909,24.929217122534343,60.764966736177456,37.913184373854314,24.409858432481542,28.045369262851136,29.60344533300953,49.33907555501588,12.464608561267172,51.935869005279876,66.99727101681104,22.851782362323146,8.30973904084478,35.83574961364312,24.409858432481542,56.09073852570227,60.764966736177456,10.906532491108775,40.5099778241183,60.764966736177456,0.04404639390927899,0.04454503680259445,0.04321354149594798,0.04410140541758077,0.042629777862068084,0.045598059352973924,0.042840881377482286,0.04368031274162081,0.04403125497534742,0.04215227924860657,0.04380236676370003
2562,43.24358835367223,21.621794176836115,43.7709491872536,36.38789751711444,22.676515843998853,32.169010848463486,25.840680845487064,52.2087225245555,11.601938338790111,42.18886668650949,70.6663516999034,22.676515843998853,6.328330002976424,42.18886668650949,27.42276334623117,66.97482586483382,56.42760919320645,6.328330002976424,32.696371682044855,65.39274336408971,0.043794257253981776,0.04379370388865705,0.04268446291697633,0.044070593433350375,0.04221137727343734,0.042260355297285696,0.04184481717242132,0.04280573761764578,0.04351487082787399,0.04327849183339352,0.04238049890360822
2563,43.79408036682814,21.105580899676212,43.26644084433623,36.93476657443337,23.21613898964383,32.18601087200622,25.85433660210336,52.23631272669862,10.552790449838106,42.211161799352425,71.75897505889913,23.21613898964383,6.859313792394769,41.683522276860515,27.437255169579075,66.48257983398007,56.457428906633865,6.331674269902863,32.713650394498124,64.89966126650435,0.04387020460908958,0.04367876290820737,0.04258714991145174,0.04397821153823373,0.04218825605597488,0.042305252957303696,0.04172608173421204,0.04275020765982361,0.043607314472510136,0.04318779192256104,0.04248124373872695
2564,44.8675660733159,21.64200245889355,44.8675660733159,32.726930547595124,22.697709895912748,33.25478426610472,27.44839336249914,52.78537185095988,13.19634296273997,40.64473632523911,65.98171481369985,23.22556361442235,6.334244622115186,45.395419791825496,29.55980823653753,65.45386109519025,57.53605531754627,5.806390903605587,33.25478426610472,64.92600737668066,0.043721369873411145,0.043683126083976724,0.042831217766740794,0.044031566986806256,0.04201509043805596,0.04287364155297752,0.041651089191033414,0.04302052274695645,0.043408144564959596,0.042537603947837434,0.042372908337646
2565,45.25244701053693,23.406438108898413,40.05101631967062,34.32944255971768,21.84600890163852,36.930157905150836,23.926581177985046,47.85316235597009,10.40286138173263,37.97044404332409,62.41716829039577,26.527296523418205,10.92300445081926,37.450300974237464,32.24887028337115,69.69917125760861,47.85316235597009,5.201430690866315,39.53087325058399,49.93373463231662,0.04482832299351865,0.045824842657136454,0.04130873088441848,0.04289963351863309,0.04415832037496409,0.04348199304875218,0.042214481853756314,0.041957872012044935,0.04416806390956447,0.044925521396500065,0.04408914826407996
2566,43.78169972748704,21.09961432649978,43.25420936932454,36.92432507137461,22.682085400987262,32.704402206074654,25.847027549962228,52.749035816249446,10.54980716324989,41.67173829483706,71.73868871009924,22.682085400987262,6.857374656112428,42.19922865299956,27.42949862444971,66.4637851284743,56.44146832338691,6.329884297949934,33.23189256423715,64.35382369582432,0.04388877010147157,0.043698724763774614,0.04260072419384149,0.04402940267052913,0.04213009400443299,0.042345240044294734,0.041786345820138376,0.04268952530131269,0.043580471528831384,0.04322985108415749,0.04253049232472109
2567,45.4208438143351,22.449382574901257,40.20005716900923,34.45719185915077,21.92730391036867,37.58966384634629,24.01561856849902,47.50915847246545,9.91949462611916,37.58966384634629,63.17151840844307,26.626011891161955,10.963651955184336,37.067585181813705,32.36887720102042,70.4806197118993,48.55331580153062,5.220786645325874,40.20005716900923,50.64163045966097,0.0446381984246925,0.045636335047683926,0.04127884677944263,0.04276292174940637,0.043966521404784714,0.04346532641829805,0.04200056322324054,0.04164714971023633,0.04392112238848109,0.04487116894592184,0.04373318137522467
2568,50.075023501967834,22.71444365037716,42.33146316661198,34.07166547556574,21.16573158330599,39.23403903246964,25.8118677845195,48.01007407920627,9.80850975811741,31.49047869711379,57.81858383732368,27.87681720728106,11.873459180878971,38.71780167677925,30.9742413414234,56.7861091259429,42.84770052230237,5.67861091259429,37.16908960970808,48.01007407920627,0.04597110905795473,0.045422397516647194,0.04323886139723319,0.04184488288971136,0.04369849196034873,0.04439503917517002,0.04249422289937498,0.0437880900730274,0.0437409895573779,0.045210221418778826,0.043958338363985765
2569,46.70111402461157,21.227779102096168,44.04764163684955,33.433752085801466,23.350557012305785,32.372363130696655,27.596112832725016,51.477364322583206,13.798056416362508,39.80208581643031,70.05167103691736,22.289168057200975,5.837639253076446,42.98625268174474,28.12680731027742,70.58236551446976,57.31500357565965,5.837639253076446,32.372363130696655,66.33680969405053,0.04340012220043633,0.043198521091159556,0.04217769356967079,0.04370739179190862,0.04167623816580996,0.04261708097130805,0.04136429505472229,0.04259081526803582,0.04348576944951019,0.04245303757925193,0.04263455730578228
2570,41.6837824740372,22.979521107482046,44.89022727973237,26.185965913177217,18.169853898939294,34.20207792741514,20.8418912370186,32.598855524567554,10.15374188470137,41.14937500642134,64.12889611390338,17.63544643132343,10.15374188470137,26.720373380793077,21.910706172250322,50.234301955890984,63.060081178671666,4.275259740926892,26.185965913177217,42.75259740926892,0.04423572457477274,0.04264126290770638,0.04142148508610132,0.04136335388350887,0.042943481331270246,0.04323930888780894,0.040416629764092486,0.042179926863368467,0.042980398967145776,0.04133464957911546,0.042836310539247795
2571,37.20367227282753,17.81584306022727,45.58759841881683,26.19976920621657,19.387829212600263,31.439723047459886,18.86383382847593,43.491616882319505,5.763949225367646,41.91963072994651,47.68357995531416,24.627783053843576,9.431916914237965,33.01170919983288,23.579792285594912,52.92353379655747,44.01561226644384,5.239953841243314,34.58369535220587,47.68357995531416,0.04317393750709726,0.04445081084126748,0.042794052852660705,0.04514056178858421,0.04227232014723946,0.04262827480209109,0.04374378185462815,0.04306490761937942,0.043843809343682066,0.04316357151981885,0.04172858759921981
2572,40.88412070279944,22.30042947425424,61.06069975093423,29.733905965672324,23.893317293843833,30.795831178732048,15.928878195895887,43.53893373544876,11.15021473712712,41.415083309329304,70.61802666847177,22.30042947425424,6.371551278358355,40.88412070279944,24.955242506903556,67.96321363582246,55.7510736856356,6.902513884888218,37.167382457090405,66.37032581623286,0.04457781256378651,0.043402559623688594,0.04069170223514418,0.04265430947673091,0.04261438042337678,0.04328502582217708,0.04245340864021304,0.04169425197284961,0.04358032275636651,0.042165344197518814,0.041918275758285044
2573,47.97496766985089,21.087897876857536,45.3389804352437,30.05025447452199,22.66949021762185,37.43101873142213,28.46866213375767,45.86617788216514,12.65273872611452,34.795031496814936,62.20929873672973,28.46866213375767,11.598343832271643,39.01261107218644,31.104649368364864,62.20929873672973,62.20929873672973,4.744777022292945,39.01261107218644,45.86617788216514,0.04446784534007489,0.04459562964402767,0.041365495920131286,0.04170584709249328,0.044154674360469465,0.04322682115222518,0.04153150638364117,0.04251790478121353,0.04203006548258305,0.0445504678808183,0.04265629504088383
2574,35.8493373785628,16.343080275521277,43.757279447363416,25.83261075808202,19.506257103041523,30.57737599936239,20.560649378881607,43.757279447363416,6.853549792960536,40.59410261984317,47.447652412803706,26.35980689600206,11.071118896320865,33.740552826882634,22.669433930561773,57.46437903328449,44.28447558528346,4.744765241280371,33.740552826882634,49.02924082656383,0.0422991980588468,0.043319732725377966,0.04343855698138582,0.04481824749301782,0.04242165410459419,0.04246760953162369,0.043755250631624235,0.042478683546713525,0.04323791020235401,0.04265086485599295,0.041916153948427896
2575,38.81385856923494,21.96047261154082,42.38881922692763,21.96047261154082,20.428346615386808,21.96047261154082,24.51401593846417,39.83527590000428,10.724881973078075,30.131811257695542,54.135118530775046,22.47118127692549,11.235590638462744,28.59968526154153,21.96047261154082,44.43165388846631,42.38881922692763,10.724881973078075,27.067559265387523,45.453071219235646,0.04637114930875094,0.04625290909617695,0.042749830100212986,0.044336154352421706,0.04311012936416852,0.04476931729425276,0.04381716972787953,0.04558125700751163,0.04393891506049972,0.04385423008849449,0.044510273214960545
2576,37.59312771014912,22.860685769685276,40.133203906780814,22.352670530358935,20.320609573053577,23.876716248337953,24.384731487664293,40.641219146107154,10.160304786526789,26.92480768429599,51.81755441128662,20.828624812379918,11.684350504505806,30.480914359580368,20.320609573053577,43.18129534273885,42.165264864086176,10.668320025853127,26.41679244496965,47.753432496675906,0.04648361000934269,0.046454991825514755,0.043111566353417986,0.04441217437511549,0.04289435453351882,0.044860558514770305,0.044924826294167684,0.04595406206721252,0.044237105243785005,0.04339369472030638,0.04525781673650909
2577,37.61978232386389,22.876894656403717,40.161659507908745,22.368519219594745,20.33501747235886,23.893645530021658,24.40202096683063,40.67003494471772,10.16750873617943,26.943898150875487,51.854294554515086,20.84339290916783,11.692635046606343,29.994150771729316,20.33501747235886,43.720287565571546,42.19516125514463,10.6758841729884,26.435522714066515,47.787291060043316,0.046490163948561904,0.04638195914741624,0.043030034029962964,0.04445062363047294,0.04287919088149195,0.04492122679470428,0.04495956529116926,0.045850678279523875,0.04424101361604123,0.043346357903396186,0.045073749668287824
2578,35.79919004615931,16.32021899163145,43.69607020340033,25.79647518032068,19.47897105452786,31.587520628964096,19.47897105452786,43.16961152625093,6.8439628029422215,41.06377681765333,47.38128094344615,26.849392534619483,11.055632220137435,34.746272691860504,22.63772311742427,56.33107845498598,43.69607020340033,4.7381280943446145,33.693355337561705,48.96065697489435,0.04241704568076901,0.04329338419669789,0.04349607604314796,0.044995100028003714,0.042560472327331664,0.04245853752861077,0.0439717157726091,0.04244124276648746,0.043286778867524855,0.042688065774025195,0.04193290386539087
2579,36.61565747721125,18.830909559708644,45.50803143596256,26.677121876253914,18.830909559708644,30.861768445078056,19.87707120191468,43.41570815155048,7.323131495442251,40.80030404603539,47.60035472037463,24.584798591841842,8.892373958751305,33.477172550593146,22.49247530742977,52.30808211030179,44.98495061485954,4.707727389927161,34.00025337169616,48.64651636258066,0.043214647292466046,0.04401195572850821,0.04290577799478337,0.0452674979531622,0.042941512773544424,0.04225060431592991,0.043694384459037894,0.04306293058490011,0.044264385268271304,0.04350634661032859,0.04179913591604991
2580,37.997845553343716,19.779700425028235,40.60043771453164,26.025921611879255,18.738663560553064,27.066958476354426,19.259181992790648,44.24406674019473,8.328294915801361,40.60043771453164,51.01080635928334,24.984884747404084,8.848813348038947,33.313179663205446,23.943847882928914,55.17495381718402,44.76458517243232,4.684665890138266,34.35421652768062,44.76458517243232,0.04265585211504189,0.04443735834000198,0.04355993868646454,0.04477428771962979,0.04335569297866716,0.04267703588965781,0.0442657723634333,0.04400204234195954,0.04416906245164161,0.043569631112914044,0.04201489376300332
2581,37.533537233901626,23.331658280533446,40.576797009623384,22.31723835529286,20.288398504811692,23.331658280533446,24.346078205774027,39.562377084382796,9.636989289785554,26.88212801887549,52.24262614989011,21.302818430052277,11.15861917764643,29.925387794597246,20.288398504811692,43.620056785345135,41.591216934863965,10.651409215026138,26.374918056255197,48.18494644892777,0.04649751960240613,0.04628295800549437,0.043159839166389054,0.04469485478693749,0.04311861237959027,0.045066037569526624,0.04493986849202998,0.046264972969850035,0.04421871680234369,0.043786595880862145,0.04476006172427802
2582,40.81632647127802,21.428571397420956,38.265306066823136,21.938775478311932,20.40816323563901,23.979591801875834,22.959183640093883,40.30612239038704,8.673469375146578,27.040816287221684,54.08163257444337,23.46938772098486,10.714285698710478,30.102040772567538,22.448979559202908,45.918367280187766,40.30612239038704,10.714285698710478,28.061224449003635,48.97959176553362,0.04674174446258109,0.046682387956792054,0.043259217106035364,0.043964222177033836,0.04219944769209019,0.04542765862095303,0.04414372328929785,0.045395194064079054,0.04337760909860423,0.043732224213206466,0.0448724904283517
2583,37.56478159366392,23.35108045011541,41.118206879551046,22.335816082719088,20.305287347926445,23.35108045011541,24.366344817511735,39.59531032845656,9.64501149026506,26.904505736002537,52.28611492091059,20.812919531624605,11.167908041359544,29.950298838191504,20.305287347926445,43.656367798041856,41.62583906324921,10.660275857661382,26.396873552304378,48.225057451325306,0.04653020289156125,0.04631118888487069,0.043094871002380394,0.04462556155035483,0.04303621600890086,0.045062254674770506,0.044841770111138865,0.046185165373059146,0.044197850793898916,0.04371251718899837,0.04477021782190495
2584,37.56478159366392,23.35108045011541,41.118206879551046,22.335816082719088,20.305287347926445,23.35108045011541,24.366344817511735,39.59531032845656,9.64501149026506,26.904505736002537,52.28611492091059,20.812919531624605,11.167908041359544,29.950298838191504,20.305287347926445,43.656367798041856,41.62583906324921,10.660275857661382,26.396873552304378,48.225057451325306,0.04653020289156125,0.04631118888487069,0.043094871002380394,0.04462556155035483,0.04303621600890086,0.045062254674770506,0.044841770111138865,0.046185165373059146,0.044197850793898916,0.04371251718899837,0.04477021782190495
2585,37.56478159366392,23.35108045011541,41.118206879551046,22.335816082719088,20.305287347926445,23.35108045011541,24.366344817511735,39.59531032845656,9.64501149026506,26.904505736002537,52.28611492091059,20.812919531624605,11.167908041359544,29.950298838191504,20.305287347926445,43.656367798041856,41.62583906324921,10.660275857661382,26.396873552304378,48.225057451325306,0.04653020289156125,0.04631118888487069,0.043094871002380394,0.04462556155035483,0.04303621600890086,0.045062254674770506,0.044841770111138865,0.046185165373059146,0.044197850793898916,0.04371251718899837,0.04477021782190495
2586,37.95142188385856,23.78289104721803,37.44540292540711,21.252796254960792,21.252796254960792,23.78289104721803,23.78289104721803,39.97549771766435,7.590284376771712,27.32502375637816,52.119952720499086,20.746777296509347,9.614360210577502,33.90327021624698,21.252796254960792,42.505592509921584,41.99957355147014,10.626398127480396,25.806966881023822,48.07180105288751,0.047264033677643875,0.04722583803185683,0.044046496589968454,0.044137207476563,0.04256303480419338,0.04588295498054912,0.04493016353423381,0.04588295076922045,0.04319466141972545,0.0441288466234515,0.044724853641146665
2587,45.758315387224656,23.399138550285336,40.03852596382158,34.31873654041849,21.839195980266314,36.918640823783534,23.919119406958345,47.83823881391669,10.399617133460149,37.95860253712954,62.3977028007609,26.51902369032338,10.919597990133157,37.438621680456535,32.238813113726465,69.677434794183,47.31825795724368,5.199808566730074,39.51854510714857,49.918162240608716,0.04482462673049873,0.04584045253489313,0.04130887062994342,0.042769461094848804,0.04423686097632916,0.043545281115235285,0.0421455329205286,0.041920228160568646,0.044190444391133794,0.04514526890170268,0.044092115871310435
2588,43.48186661684334,18.85960479766699,60.24595977032511,35.09982004010245,28.81328510754679,27.241651374407873,23.05062808603743,45.05350034998225,8.905924487787189,39.8147212395192,67.05637261392708,30.384918840685707,11.001436131972412,38.243087506380284,29.8610409296394,56.57881439300097,49.244523638352696,7.334290754648274,40.33859915056551,50.81615737149161,0.04422934909521313,0.04444937879180192,0.04373044452291733,0.04418396089675341,0.04251336007816855,0.04243758070145534,0.043115681637827266,0.04251302503435947,0.04384760349046033,0.04205677878723098,0.043044925917507006
2589,48.31026991508808,23.630023328032213,61.43806065288375,36.23270243631606,24.15513495754404,28.356027993638655,29.406251252662308,51.986051321670864,12.602679108283846,47.78515828557625,67.73940020702567,22.05468843949673,8.40178607218923,38.33314895436337,24.15513495754404,59.86272576434827,65.11384205946653,9.977120960724712,38.85826058387519,64.06361880044288,0.0442409085229809,0.043828155913900685,0.042938445023324126,0.04342566503196022,0.04257174754537955,0.04441694321302025,0.04223812259999584,0.04284119626539784,0.04372527042353398,0.04170381024331192,0.04295810570536786
2590,38.20177531986214,18.315919673906507,43.434895226692575,23.025727590053894,19.885855645955637,30.87540745029954,19.362543655272592,44.48151920805866,7.326367869562603,39.771711291911274,49.19132712420605,25.64228754346911,9.419615832294776,33.49196740371475,21.979103608687808,55.47107101240256,43.434895226692575,4.709807916147388,32.44534342234867,47.62139115215692,0.04281148699172164,0.044063034207427,0.043199495823484625,0.04491024106167467,0.04312818997381303,0.04277112485107846,0.04330126503574981,0.043208902587422875,0.044300224937290404,0.043738239115837595,0.041255804731456805
2591,37.87166216869738,18.409835776450116,43.6576105555817,26.299765394928738,20.513817008044413,24.195784163334437,19.98782170014584,41.5536293239874,5.785948386884322,36.81967155290023,53.65152140565462,22.091802931740137,6.311943694782896,32.085713781813055,19.461826392247264,56.28149794514749,51.02154486616175,6.311943694782896,31.033723166015907,63.64543225572754,0.0455346794870442,0.04468727629942114,0.04106540912344095,0.04324046653692241,0.04338571180954075,0.04372676321689728,0.04173526321394846,0.042545343574064705,0.04279061500899822,0.042423213661452894,0.04286995016969422
2592,47.493693265438175,23.746846632719087,44.85515475069161,35.356416097603976,22.691431226820463,30.079339068110844,26.385385147465655,51.18764718608337,10.554154058986262,41.16120083004642,72.82366300700521,21.108308117972523,6.86020013834107,39.05037001824917,27.44080055336428,67.54658597751208,56.4647242155765,5.804784732442444,34.30100069170535,64.90804746276551,0.04368352790286905,0.04375079660893953,0.04250071746843402,0.04397013551731571,0.042041503302996594,0.04310108654656841,0.04173050724797387,0.042570015177096215,0.043617032729664704,0.04266111089533064,0.04266586365349819
2593,44.54824156331271,24.1084601401457,51.885598997270094,34.066302371945014,22.536169261440545,35.63859325065017,20.96387838273539,47.16872636115463,11.00603615093608,38.783175008060475,64.9880229864797,20.96387838273539,13.626520948778005,44.54824156331271,29.34942973582955,65.5121199460481,52.409695956838476,8.909648312662542,29.87352669539793,58.17476251209071,0.043888655073709044,0.04356221856180779,0.0429393785756246,0.043729394642904554,0.04346465110497278,0.04460144555176097,0.04161913379509244,0.04278612108306776,0.043349599045713616,0.043609876364070974,0.04235256663289074
2594,40.560641573204045,18.14555017748602,36.82479300725104,29.88678852762403,20.280320786602022,28.81940322306603,24.549862004834026,41.094334225483045,9.60646774102201,34.690022398135035,65.64419623031706,18.14555017748602,4.269541218232004,37.35848565953004,22.948784047997023,63.50942562120107,48.56603135738905,4.269541218232004,26.15093996167103,59.23988440296906,0.04348336367875543,0.043378906891780186,0.04192374006010851,0.0433066422406426,0.041777205255502464,0.041772406257637874,0.04088987711384934,0.04267039055786598,0.04337102780702043,0.04205263273352218,0.041681155124314494
2595,46.59685090125825,21.709896442631685,43.94930255459585,32.82959949861377,23.298425450629125,32.82959949861377,27.534502805288966,51.89194759458305,13.767251402644483,40.24273486926849,68.30674734388994,21.709896442631685,5.824606362657281,43.94930255459585,28.064012474621446,70.42478602121986,56.12802494924289,5.824606362657281,32.82959949861377,66.7182183358925,0.043583540083355396,0.043465488104416396,0.04254630249085828,0.04371127040487976,0.04188227203916176,0.042622607668254146,0.041651672435438554,0.04241909012109829,0.043528869274021005,0.04274860601966349,0.04233061202637276
2596,51.81509698550376,25.37882301330796,51.28637150605984,30.66607780774712,21.149019177756635,24.850097533864044,13.218136986097896,40.71186191718152,10.574509588878318,35.95333260218628,60.80343013605032,16.91921534220531,14.804313424429644,34.895881643298445,35.95333260218628,58.15980273883074,51.28637150605984,6.34470575332699,32.25225424607887,56.573626300498994,0.043052980870299434,0.04370821918904399,0.04361329167022201,0.04253411610701765,0.04281574278557605,0.04339354617269243,0.04108798832264674,0.04294234336896612,0.04213494757576067,0.043213640026072336,0.042777704467786754
2597,41.09854491373416,18.441654768983277,56.90567757286268,37.4102139599375,29.50664763037324,27.92593436446039,20.54927245686708,48.47520682132747,9.484279595477114,41.625449335705106,66.91686159031075,29.50664763037324,10.538088439419015,37.937118381908455,28.45283878643134,59.01329526074648,51.63663335315317,7.37666190759331,39.5178316478213,55.85186872892078,0.044173348503481195,0.04381649644921915,0.043878554681676674,0.04362255400055662,0.042013985554796345,0.043330453672438554,0.04322296631916325,0.04294557389382537,0.043675946290029896,0.04054435641519426,0.04187134224866796
2598,46.69656221232054,20.695067344096604,44.04334845025688,33.96113615441494,23.34828110616027,32.36920789717674,27.062780373049407,52.00298973644788,13.266068810318336,40.328849183367744,68.45291506124262,21.75635284892207,5.306427524127335,44.04334845025688,28.124065877874873,71.63677157571901,56.77877450816248,5.837070276540068,33.430493402002206,66.33034405159168,0.04344641180281788,0.04344113342426761,0.04220258883238899,0.04372378945802183,0.04202365571029048,0.04223368772393058,0.04106148037551898,0.04261099436484057,0.043488029183721674,0.042740503474572804,0.04238497323689504
2599,47.493693265438175,23.746846632719087,44.85515475069161,35.356416097603976,22.691431226820463,30.079339068110844,26.385385147465655,51.18764718608337,10.554154058986262,41.16120083004642,72.82366300700521,21.108308117972523,6.86020013834107,39.05037001824917,27.44080055336428,67.54658597751208,56.4647242155765,5.804784732442444,34.30100069170535,64.90804746276551,0.04368352790286905,0.04375079660893953,0.04250071746843402,0.04397013551731571,0.042041503302996594,0.04310108654656841,0.04173050724797387,0.042570015177096215,0.043617032729664704,0.04266111089533064,0.04266586365349819
2600,41.54041533568865,18.40398147783674,56.26360051795804,37.33379099789739,29.446370364538787,27.868886237867066,20.50729364673237,48.37617988459944,9.464904760030324,41.54041533568865,66.25433332021227,30.4980264489866,10.516560844478139,38.38544708234521,28.394714280090973,58.36691268685367,51.00532009571897,7.361592591134697,39.43710316679302,55.73777247573413,0.044267828167765755,0.04394996160213285,0.04394323756139908,0.04369323005921602,0.04203699195916031,0.04331565418905443,0.04336398751718817,0.043103461914963254,0.043782797229590074,0.04060785981851229,0.04210694775711089
2601,47.39024604553407,25.240457132947494,56.662250706616824,33.48223905390994,30.906682203609176,25.755568503007645,25.755568503007645,49.965802895834834,8.241781920962447,40.69379823475208,63.87380988745896,28.331125353308412,8.241781920962447,33.48223905390994,33.99735042397009,55.11691659643636,47.39024604553407,8.241781920962447,37.08801864433101,48.935580155714526,0.04428669624745921,0.0450165771073493,0.04332737738563182,0.04538356960339232,0.04306601382702456,0.04475783641884734,0.044086980453269455,0.04327634943504851,0.04538877796285249,0.04246897030645417,0.04382948119251799
2602,43.258860541813775,20.084470965842108,41.713901236748995,37.594009756576256,20.084470965842108,28.324253926187588,21.629430270906887,40.68392836670581,7.724796525323888,39.653955496662626,50.983657067137656,31.414172536317142,10.299728700431851,42.74387410679218,29.354226796230773,48.923711327051286,51.498643502159254,5.664850785237518,27.809267491165997,46.86376558696492,0.04540663528552558,0.046033087419527254,0.04207196440031727,0.04431866911956,0.0447550831405731,0.04335391402898936,0.042873658527115235,0.044128069743033085,0.043887576860203927,0.043833933516081,0.044350972937481796
2603,40.386998312914194,21.787722774072133,59.517681724294604,29.758840862147302,23.91335426422551,29.758840862147302,15.942236176150342,43.575445548144266,12.753788940920273,44.63826129322096,70.67724704759985,23.381946391687165,6.376894470460137,38.792774695299165,26.038985754378892,69.61443130252316,54.20360299891116,6.908302342998481,36.667143205145784,65.3631683222164,0.04455220197200465,0.04321504972159151,0.040981692904882384,0.042775059479939134,0.042439110782181565,0.04323049623946415,0.04225223702443386,0.04181341941801305,0.04351607790420906,0.04160850481544764,0.04220827719948836
2604,43.28944400488417,20.09867043083908,41.743392433281166,38.13593876620748,20.09867043083908,28.34427881272178,21.644722002442084,40.19734086167816,7.7302578580150305,39.16663981394282,51.019701862899204,30.921031432060122,10.822361001221042,42.7740934810165,29.374979860457117,49.473650291296195,51.53505238676687,5.668855762544355,27.828928288854108,46.89689767195785,0.045390510074774744,0.04607108527470018,0.04202261934499392,0.0442618651137605,0.04472605625721961,0.04333585220689833,0.042754378488361486,0.044006366959621755,0.04399625643964234,0.0437915142021449,0.04429297177021348
2605,32.0735605962932,19.454454787915548,64.1471211925864,33.12515274699134,29.444580219547856,21.031843013962753,21.031843013962753,38.908909575831096,11.041717582330445,47.84744285676526,68.87928587072801,28.918784144198785,6.835348979537895,46.27005463071806,28.392988068849718,80.9725956037566,40.4862978018783,8.4127372055851,36.27992919908575,46.79585070606713,0.04254007699349072,0.0442893543796303,0.04375464542125446,0.04368302082843355,0.04335664896111859,0.04322308977152367,0.042195469368065834,0.04237816576933413,0.042851155149737655,0.042180097249118184,0.04375220075922412
2606,48.31026991508808,23.630023328032213,61.43806065288375,36.23270243631606,24.15513495754404,28.356027993638655,29.406251252662308,51.986051321670864,12.602679108283846,47.78515828557625,67.73940020702567,22.05468843949673,8.40178607218923,38.33314895436337,24.15513495754404,59.86272576434827,65.11384205946653,9.977120960724712,38.85826058387519,64.06361880044288,0.0442409085229809,0.043828155913900685,0.042938445023324126,0.04342566503196022,0.04257174754537955,0.04441694321302025,0.04223812259999584,0.04284119626539784,0.04372527042353398,0.04170381024331192,0.04295810570536786
2607,43.32133265726582,19.311919377335368,58.45770189896111,35.49217615294067,28.706907182525544,27.141075881660516,21.921638212110416,48.01882655986091,7.829156504325149,40.189670055535764,65.76491463633124,31.316626017300596,10.960819106055208,39.66772628858075,29.228850949480556,57.41381436505109,49.06271409377093,7.307212737370139,39.66772628858075,50.628545394635964,0.04400620415855187,0.044626934226118846,0.04398949311078975,0.044113151733459276,0.04297155540038812,0.0430578976465905,0.043317652499478644,0.043103058661427475,0.04371831458295316,0.04216807602254282,0.04298389500268965
2608,43.35889029792844,19.328661940040387,60.07557089472013,34.47815373088286,28.731794775735715,27.164605969786493,22.98543582058857,45.97087164117714,8.358340298395843,39.70211641738026,66.344326118517,31.343776118984415,10.970321641644546,38.657323880080774,29.254191044385454,55.374004476872464,50.15004179037506,7.3135477610963635,40.74690895467974,50.672438059024806,0.04445947072792317,0.044220665296452,0.044147552474324295,0.044371111830627884,0.042760243269568635,0.04222487366330502,0.04330589558911556,0.042774134973639424,0.0438610142559635,0.04227618518328625,0.043202584086053916
2609,37.900597828898476,17.897504530313167,46.32295290198702,26.319859603401717,19.47669610651727,31.58383152408206,19.47669610651727,44.21736413371489,6.316766304816412,41.05898098130668,47.375747286123094,23.687873643061547,9.475149457224619,32.63662590821813,24.214270835129582,53.692513590939505,44.21736413371489,4.7375747286123095,34.21581748442223,48.428541670259165,0.042809678585524244,0.044176874675263704,0.042554082696746785,0.044977001420317686,0.042244721167571345,0.04234970402588907,0.043796305654572806,0.042735587538050096,0.04348843086654699,0.04303892080317716,0.04143150049830569
2610,0.555203249677434,1.110406499354868,1.110406499354868,0.555203249677434,1.6656097490323019,3.3312194980646037,0.555203249677434,0.0,0.555203249677434,4.441625997419472,7.217642245806641,0.555203249677434,0.555203249677434,2.220812998709736,1.110406499354868,2.7760162483871698,1.110406499354868,0.555203249677434,0.0,1.6656097490323019,0.03870365012322445,0.0398703484918456,0.043183681360845605,0.03687133792795885,0.04685785012154118,0.04523146072405917,0.03528903185535789,0.0335158426088255,0.044848827337218684,0.04418077850125481,0.03624394127043435
2611,40.88412070279944,22.30042947425424,61.06069975093423,29.733905965672324,23.893317293843833,30.795831178732048,15.928878195895887,43.53893373544876,11.15021473712712,41.415083309329304,70.61802666847177,22.30042947425424,6.371551278358355,40.88412070279944,24.955242506903556,67.96321363582246,55.7510736856356,6.902513884888218,37.167382457090405,66.37032581623286,0.04457781256378651,0.043402559623688594,0.04069170223514418,0.04265430947673091,0.04261438042337678,0.04328502582217708,0.04245340864021304,0.04169425197284961,0.04358032275636651,0.042165344197518814,0.041918275758285044
2612,41.55386522968225,21.546448637613018,40.01483318413846,36.93676909305089,20.00741659206923,28.215587501636097,22.572470001308876,41.04085454783432,7.695160227718935,39.50182250229054,50.27504682109704,30.267630229027812,10.26021363695858,42.06687591153018,29.241608865331955,51.81407886664083,50.27504682109704,5.643117500327219,27.189566137940236,47.7099934118574,0.04568645671609618,0.045993728410889036,0.04208555479987895,0.04475816390999671,0.04485374501618969,0.04333559150399513,0.04306589227261074,0.044269996977939347,0.0443357745854692,0.04379691604199835,0.04480749791700753
2613,41.55623824244398,21.54767908867466,40.53015828584043,36.938878437727986,20.008559153769326,28.217198806597764,22.573759045278212,41.043198264142205,7.6955996745266635,39.504078329236876,50.277917873574204,30.269358719804877,10.260799566035551,42.06927822074576,29.24327876320132,51.30399783017776,50.277917873574204,5.643439761319553,27.19111884999421,47.712717982065314,0.04570934904572676,0.04601299245800084,0.04209049886753715,0.04474906738837329,0.044876654698845275,0.04333547421396636,0.043031897244171696,0.04426419798083764,0.044292939561062956,0.04377115389760224,0.0448257963420984
2614,41.50154392816194,22.031683813715595,40.989179188308086,37.40262600933113,19.982224854300192,27.66769595210796,22.544048553569446,40.476814448454235,7.685471097807766,39.45208496874653,50.2117445056774,29.717154911523362,10.247294797077021,42.01390866801579,29.717154911523362,50.72410924553125,50.2117445056774,5.636012138392362,27.155331212254108,47.64992080640815,0.04566122157498951,0.04605786750182371,0.04219681435221247,0.04478121444234926,0.04494292570956924,0.04353938399454688,0.04303457122912084,0.044343467843864344,0.04442005127847286,0.04397972559152792,0.04467801662767182
2615,45.587873646798236,24.627931740224337,61.83182862439301,39.82388962249041,25.67592883555303,25.67592883555303,25.67592883555303,49.255863480448674,9.955972405622603,45.587873646798236,70.21580538702257,24.10393319255999,7.8599782149652135,35.63190124117563,26.723925930881727,60.25983298139997,67.59581264870084,11.527968048615646,35.63190124117563,66.0238170057078,0.044411269496373584,0.04379590282508242,0.043065119816060884,0.0426533515365935,0.0431135547921745,0.04444472425788157,0.04216442530008917,0.04353364944060516,0.044061784007033505,0.04151754948204235,0.04324012138171585
2616,43.21992193746319,19.787434140043388,58.84158046907639,35.92981462271036,28.639707307957536,26.556819503742442,21.87032194425848,46.864975594839606,6.769385363699054,40.09559023114055,65.61096583277545,30.72259511217263,10.93516097212924,36.45053657376414,29.16042925901131,55.196526811699975,48.427141448000924,7.290107314752827,40.61631218219432,51.55147315432357,0.044147721169601285,0.0441613761951645,0.04439044530289443,0.044575105928132616,0.04214856208717787,0.04324365432367079,0.04398978585633869,0.04377099743425183,0.044201097958251834,0.04159199703146265,0.043057305659280266
2617,43.20493039869049,19.78057054397878,58.82117030183163,35.917351777224624,28.62977315575876,26.54760783533994,21.862735864397596,46.84871970942342,6.767037291361161,39.56114108795756,65.58820759319279,30.71193847617758,10.931367932198798,36.958434437434036,29.150314485863465,55.1773809910987,48.41034369973754,7.287578621465866,40.60222374816696,51.53359168036577,0.04415705258391045,0.04419300912351233,0.04436456559118906,0.04459788349966201,0.042150975570676624,0.04326817084121597,0.04402350763505526,0.043788854561343245,0.0442176159695486,0.04162480494631694,0.04307222957286475
2618,43.2900418468929,20.098948000343132,41.74396892378958,38.136465436548505,20.098948000343132,28.344670256894158,21.64502092344645,40.197896000686264,7.730364615516589,39.68253835965182,51.02040646240948,30.921458462066354,10.307152820688785,42.774684205858456,29.375385538963037,49.474333539306166,51.535764103443924,5.668934051378832,27.82931261585972,46.89754533413397,0.04538001528232842,0.04605583309511491,0.042008619740552144,0.0442624763852369,0.044722785542791674,0.043335298268668714,0.04274457056522131,0.04401950970303354,0.04398643001938772,0.04381355644053466,0.04431326392269064
2619,43.2900418468929,20.098948000343132,41.74396892378958,38.136465436548505,20.098948000343132,28.344670256894158,21.64502092344645,40.197896000686264,7.730364615516589,39.68253835965182,51.02040646240948,30.921458462066354,10.307152820688785,42.774684205858456,29.375385538963037,49.474333539306166,51.535764103443924,5.668934051378832,27.82931261585972,46.89754533413397,0.04538001528232842,0.04605583309511491,0.042008619740552144,0.0442624763852369,0.044722785542791674,0.043335298268668714,0.04274457056522131,0.04401950970303354,0.04398643001938772,0.04381355644053466,0.04431326392269064
2620,37.71914609659443,18.859573048297214,44.00567044602683,24.622220368610254,19.383450077416583,29.860990659803925,19.383450077416583,44.00567044602683,7.33427840767114,40.338531242191266,50.29219479545924,24.098343339490885,9.429786524148607,33.52812986363949,23.05058928125215,54.48321102841418,45.57730153338494,4.714893262074304,31.956498776281393,46.1011785625043,0.042899923460761595,0.04403530346995002,0.04325337994304789,0.0446291258037482,0.04294830944568705,0.04253616005804895,0.04335379345904747,0.043387004533127244,0.044343525123796766,0.04330412655952955,0.04143231902388828
2621,43.298548491782306,20.102897514041786,41.75217175993294,37.62850047500129,20.102897514041786,28.35024008390508,21.649274245891153,40.72125393870003,7.731883659246841,39.69033611746711,51.030432151029146,30.927534636987364,10.30917821232912,42.783089581165854,29.381157905137993,49.48405541917978,51.030432151029146,5.670048016781016,27.834781173288626,47.42221977671396,0.04538787880386157,0.0460834308700444,0.04199560319207625,0.04428978556470021,0.04469621177372724,0.043292485569332524,0.042856964722651644,0.04407581873680625,0.04382756258990069,0.043723390163815844,0.04431195739662735
2622,45.675999451173226,22.318954277277825,54.4997720724226,32.69986324345356,27.509408760365694,28.02845420867448,24.395136070512972,47.752181244408376,9.34281806955816,38.928408623159,59.69022655551046,26.990363312056907,7.2666362763230135,34.25699958837992,31.1427268985272,56.575953865657745,45.15695400286444,7.2666362763230135,35.295090484997495,52.42359027918745,0.04391494641683196,0.044634938341162306,0.04377928916747904,0.04427148950984746,0.04297246848157556,0.04458609716374057,0.04344709540879595,0.04296801880491321,0.04446654924229195,0.04216550913263628,0.043748150021939096
2623,41.56970943412878,21.55466415102974,40.03009056619809,36.9508528303367,20.015045283099045,28.739552201372987,22.067870440339973,41.05650314481856,7.698094339653479,39.51688427688786,50.29421635240273,30.279171069303683,10.26412578620464,42.082915723439015,29.25275849068322,51.83383522033343,50.29421635240273,5.645269182412551,27.199933333442292,47.72818490585157,0.045660587940383884,0.04593690352168766,0.042069853812257224,0.04480419678701104,0.044807816282385046,0.043295448395185496,0.04304430654410326,0.04427829388117961,0.044382505051344515,0.04375762207576111,0.0447561763984693
2624,41.50154392816194,22.031683813715595,40.989179188308086,37.40262600933113,19.982224854300192,27.66769595210796,22.544048553569446,40.476814448454235,7.685471097807766,39.45208496874653,50.2117445056774,29.717154911523362,10.247294797077021,42.01390866801579,29.717154911523362,50.72410924553125,50.2117445056774,5.636012138392362,27.155331212254108,47.64992080640815,0.04566122157498951,0.04605786750182371,0.04219681435221247,0.04478121444234926,0.04494292570956924,0.04353938399454688,0.04303457122912084,0.044343467843864344,0.04442005127847286,0.04397972559152792,0.04467801662767182
2625,42.19744534451699,17.933914271419724,57.49401928190441,36.39529660964591,29.5382117411619,28.483275607548972,21.62619073906496,49.58199827980747,7.912021002096937,40.61504114409761,65.93350835080781,29.010743674355435,10.021893269322787,37.97770081006529,28.483275607548972,59.0764234823238,54.329210881065634,7.912021002096937,40.08757307729115,54.329210881065634,0.04392592321739459,0.043790783952604204,0.04389175769342648,0.044005636731383746,0.04207921932054694,0.043228583968293065,0.04303201188410507,0.04243913520601029,0.043414892328268284,0.0410255103248454,0.041698478566659404
2626,41.60334354944726,18.43186106621081,56.87545700430765,36.86372213242162,29.490977705937297,27.911103900262084,21.591608677561236,50.02933717971506,7.899369028376062,40.55009434566379,65.82807523646719,29.490977705937297,10.005867435943012,37.916971336205094,28.96435310404556,58.455330809982854,54.768958596740696,7.899369028376062,38.970220539988574,54.242333994848956,0.04399785991057666,0.04397941029941036,0.043772809040412766,0.044127098182098284,0.04215963638356691,0.043194534352148976,0.04332256260942794,0.04249877161571126,0.043559171204912,0.041124174515813426,0.04163936999418404
2627,43.27332503989978,20.091186625667756,41.72784914561765,37.60658009419862,20.091186625667756,28.33372472850581,21.63666251994989,40.69753188276289,7.727379471410675,40.18237325133551,50.48554587988308,30.9095178856427,10.303172628547568,43.27332503989978,29.364041991360565,49.455228617028325,51.00070451131046,5.666744945701162,27.81856609707843,46.87943545989143,0.045455417917405073,0.04610897641026859,0.042034213886174274,0.044322622557008064,0.04476071699924969,0.043301219001637616,0.0428784252604458,0.044103783756384886,0.04386745466724208,0.043716371103115055,0.044292167013690535
2628,43.2900418468929,20.098948000343132,41.74396892378958,38.136465436548505,20.098948000343132,28.344670256894158,21.64502092344645,40.197896000686264,7.730364615516589,39.68253835965182,51.02040646240948,30.921458462066354,10.307152820688785,42.774684205858456,29.375385538963037,49.474333539306166,51.535764103443924,5.668934051378832,27.82931261585972,46.89754533413397,0.04538001528232842,0.04605583309511491,0.042008619740552144,0.0442624763852369,0.044722785542791674,0.043335298268668714,0.04274457056522131,0.04401950970303354,0.04398643001938772,0.04381355644053466,0.04431326392269064
2629,43.182829127234314,21.077333264483414,41.64058522983309,38.55609743503064,20.049170666215932,28.2744714523558,21.591414563617157,39.58426003329812,7.711219487006128,39.58426003329812,51.40812991337418,30.330796648890768,10.281625982674838,42.15466652896683,28.788552751489544,49.35180471683922,51.40812991337418,5.6548942904711605,27.76039015322206,46.781398221170505,0.04535846236174875,0.046263207718633785,0.04225151431021277,0.04430677680620198,0.04467498248085004,0.04342048081434255,0.04291454140635623,0.04420189611685575,0.044226367271543936,0.04383609104413476,0.04446438053537753
2630,43.292697620545304,20.10018103811032,41.74652984838298,37.62341578928342,20.10018103811032,28.346409156309427,21.646348810272652,40.71575133360808,7.730838860811661,40.20036207622064,51.02353648135697,30.923355443246646,10.307785147748882,42.777308363157864,29.377187671084315,49.477368709194636,51.02353648135697,5.669281831261885,27.831019898921983,46.900422422257414,0.04540569800013109,0.0460862884832093,0.042018248374750614,0.04428696558921155,0.04470477169204551,0.04328941786448743,0.042876083791341835,0.044069305409108486,0.04383610866865711,0.04372791708731922,0.044309937652293734
2631,43.27332503989978,20.091186625667756,41.72784914561765,37.60658009419862,20.091186625667756,28.33372472850581,21.63666251994989,40.69753188276289,7.727379471410675,40.18237325133551,50.48554587988308,30.9095178856427,10.303172628547568,43.27332503989978,29.364041991360565,49.455228617028325,51.00070451131046,5.666744945701162,27.81856609707843,46.87943545989143,0.045455417917405073,0.04610897641026859,0.042034213886174274,0.044322622557008064,0.04476071699924969,0.043301219001637616,0.0428784252604458,0.044103783756384886,0.04386745466724208,0.043716371103115055,0.044292167013690535
2632,43.292697620545304,20.10018103811032,41.74652984838298,37.62341578928342,20.10018103811032,28.346409156309427,21.646348810272652,40.71575133360808,7.730838860811661,40.20036207622064,51.02353648135697,30.923355443246646,10.307785147748882,42.777308363157864,29.377187671084315,49.477368709194636,51.02353648135697,5.669281831261885,27.831019898921983,46.900422422257414,0.04540569800013109,0.0460862884832093,0.042018248374750614,0.04428696558921155,0.04470477169204551,0.04328941786448743,0.042876083791341835,0.044069305409108486,0.04383610866865711,0.04372791708731922,0.044309937652293734
2633,43.2026494560067,21.087007472574697,41.659697689720744,38.57379415714883,20.058372961717396,28.287449048575812,22.115641983432,39.602428668006134,7.714758831429767,39.602428668006134,51.43172554286512,29.830400814861765,10.286345108573023,42.688332200578046,29.316083559433114,48.860139265721855,51.43172554286512,5.6574898097151625,27.25881453771851,46.80287024400725,0.04538918351471297,0.04619460918465709,0.042234711348866645,0.04431825818025657,0.04459318298785615,0.04344878086334933,0.04289026865534666,0.04419040881508119,0.044190311064722126,0.04381742303046648,0.04441560692603374
2634,43.64525881243379,19.74428374848195,58.71326483101212,35.33187618149402,28.577252793855454,26.49890713612051,22.342215820650626,47.282363713469934,6.754623387638562,40.008153911397635,65.98747463308442,31.694771280457868,10.911314703108447,36.89063542479522,28.05766637942172,55.595746344409704,48.84112295677114,7.274209802072297,41.566913154698845,51.43905502893982,0.044315975592638814,0.04426869379439725,0.04460065557386874,0.04491408515254631,0.042358379470621856,0.04320519077384135,0.0438801326529007,0.043843343195340986,0.04429425982099664,0.04186128533503406,0.042871584204077835
2635,44.312706716512366,20.095297231906773,42.25165059016296,37.09901027428943,20.095297231906773,28.339521737304423,21.12582529508148,41.22112252698825,7.728960473810297,40.19059446381355,51.01113912714796,30.915841895241186,10.305280631747063,42.76691462175031,29.37004980047913,48.95008300079855,50.495875095560606,5.667904347460884,27.82425770571707,46.88902687444914,0.04547724516962252,0.04597690279080122,0.042057895860529826,0.04432875373954351,0.044728080748696296,0.04333422748762748,0.04284120666892093,0.04416512568075035,0.043816971056983706,0.04364284959974897,0.044366709609422066
2636,44.312706716512366,20.095297231906773,42.25165059016296,37.09901027428943,20.095297231906773,28.339521737304423,21.12582529508148,41.22112252698825,7.728960473810297,40.19059446381355,51.01113912714796,30.915841895241186,10.305280631747063,42.76691462175031,29.37004980047913,48.95008300079855,50.495875095560606,5.667904347460884,27.82425770571707,46.88902687444914,0.04547724516962252,0.04597690279080122,0.042057895860529826,0.04432875373954351,0.044728080748696296,0.04333422748762748,0.04284120666892093,0.04416512568075035,0.043816971056983706,0.04364284959974897,0.044366709609422066
2637,43.292697620545304,20.10018103811032,41.74652984838298,37.62341578928342,20.10018103811032,28.346409156309427,21.646348810272652,40.71575133360808,7.730838860811661,40.20036207622064,51.02353648135697,30.923355443246646,10.307785147748882,42.777308363157864,29.377187671084315,49.477368709194636,51.02353648135697,5.669281831261885,27.831019898921983,46.900422422257414,0.04540569800013109,0.0460862884832093,0.042018248374750614,0.04428696558921155,0.04470477169204551,0.04328941786448743,0.042876083791341835,0.044069305409108486,0.04383610866865711,0.04372791708731922,0.044309937652293734
2638,43.30921439758534,20.10784954173605,41.76245674052873,37.63776965504441,20.10784954173605,28.35722371270469,21.65460719879267,40.73128496915765,7.733788285283097,40.2156990834721,51.04300268286844,30.93515314113239,10.311717713710797,42.793628511899804,29.38839548407577,50.01183091149736,51.04300268286844,5.671444742540938,27.32605194133361,46.91831559738412,0.04540375698526631,0.04614202057668772,0.04199562316333625,0.044276581353046476,0.04464594044597235,0.04336514481798228,0.04284216143164134,0.043959407504497915,0.043866462576653005,0.04364486615652184,0.04427214930285468
2639,38.50828143769595,16.352831843405127,41.67334566545178,25.848024526672624,20.572917480412904,29.013088754428455,21.100428185038876,44.83840989320761,5.802617750885691,40.618324256199834,48.530984825589414,24.265492412794707,8.967681978641522,35.87072791456609,23.737981708168736,56.443645394978994,49.586006234841356,4.747596341633747,34.81570650531415,45.365920597833586,0.0419693141161437,0.043658287265475104,0.04296950182789348,0.04423042634927717,0.04320674666465855,0.04236554857126646,0.043442211136574004,0.043794721686976505,0.04280956820624197,0.042788235567005395,0.04125473398251572
2640,43.378456852248526,19.62358762363624,41.82922625038251,37.69794464540646,20.139997824258245,28.402561034210347,21.689228426124263,40.796405849138495,7.7461530093300945,39.763585447894485,51.12460986157863,30.984612037320378,10.844614213062131,42.86204665162652,29.43538143545436,49.575379259712605,51.64102006220063,5.680512206842069,27.88615083358834,46.993328256602574,0.04518603577961833,0.04607804132007351,0.041824481290144544,0.044173245793272024,0.04471890049828785,0.04310287475930598,0.04266656565988873,0.04404420332575575,0.04399627227570106,0.0436496844206096,0.04414949425533637
2641,43.292697620545304,20.10018103811032,41.74652984838298,37.62341578928342,20.10018103811032,28.346409156309427,21.646348810272652,40.71575133360808,7.730838860811661,40.20036207622064,51.02353648135697,30.923355443246646,10.307785147748882,42.777308363157864,29.377187671084315,49.477368709194636,51.02353648135697,5.669281831261885,27.831019898921983,46.900422422257414,0.04540569800013109,0.0460862884832093,0.042018248374750614,0.04428696558921155,0.04470477169204551,0.04328941786448743,0.042876083791341835,0.044069305409108486,0.04383610866865711,0.04372791708731922,0.044309937652293734
2642,35.694066891865,18.896858942752058,44.61758361483125,26.770550168898748,18.896858942752058,28.345288414128085,20.471597187981395,42.51793262119213,8.92351672296625,36.74389238868456,50.39162384733882,25.19581192366941,9.448429471376029,34.11932864663566,23.09616093003029,55.64075133143661,46.19232186006058,4.724214735688014,33.0695031498161,49.86671109892904,0.04253759049146653,0.04356402475407986,0.043389179718555576,0.044566948288183424,0.042680173271744316,0.04281759904374394,0.04346477188382851,0.04394745493454848,0.043202021133524095,0.04293466429003979,0.04198282378050612
2643,43.292697620545304,20.10018103811032,41.74652984838298,37.62341578928342,20.10018103811032,28.346409156309427,21.646348810272652,40.71575133360808,7.730838860811661,40.20036207622064,51.02353648135697,30.923355443246646,10.307785147748882,42.777308363157864,29.377187671084315,49.477368709194636,51.02353648135697,5.669281831261885,27.831019898921983,46.900422422257414,0.04540569800013109,0.0460862884832093,0.042018248374750614,0.04428696558921155,0.04470477169204551,0.04328941786448743,0.042876083791341835,0.044069305409108486,0.04383610866865711,0.04372791708731922,0.044309937652293734
2644,43.292697620545304,20.10018103811032,41.74652984838298,37.62341578928342,20.10018103811032,28.346409156309427,21.646348810272652,40.71575133360808,7.730838860811661,40.20036207622064,51.02353648135697,30.923355443246646,10.307785147748882,42.777308363157864,29.377187671084315,49.477368709194636,51.02353648135697,5.669281831261885,27.831019898921983,46.900422422257414,0.04540569800013109,0.0460862884832093,0.042018248374750614,0.04428696558921155,0.04470477169204551,0.04328941786448743,0.042876083791341835,0.044069305409108486,0.04383610866865711,0.04372791708731922,0.044309937652293734
2645,43.292697620545304,20.10018103811032,41.74652984838298,37.62341578928342,20.10018103811032,28.346409156309427,21.646348810272652,40.71575133360808,7.730838860811661,40.20036207622064,51.02353648135697,30.923355443246646,10.307785147748882,42.777308363157864,29.377187671084315,49.477368709194636,51.02353648135697,5.669281831261885,27.831019898921983,46.900422422257414,0.04540569800013109,0.0460862884832093,0.042018248374750614,0.04428696558921155,0.04470477169204551,0.04328941786448743,0.042876083791341835,0.044069305409108486,0.04383610866865711,0.04372791708731922,0.044309937652293734
2646,38.27776114041528,18.352351231705956,43.521290063759835,24.12023304738497,19.401057016374867,29.36376197072953,18.876704124040412,44.0456429560943,7.340940492682383,40.3751727097531,50.337877664107765,23.07152726271606,9.438352062020206,33.55858510940518,22.547174370381605,54.008347910448954,45.618701633097665,4.719176031010103,31.98552643240181,45.618701633097665,0.04282451769299014,0.044126621068178565,0.0432026629579173,0.044697998301221904,0.04281467847883835,0.04246494882091384,0.04321772926866445,0.043310179043084006,0.044336229135138794,0.043257670815899554,0.04139387208269711
2647,36.794117222974016,18.397058611487008,43.10168017548385,23.65336107191187,19.448319103571983,31.01218451650667,20.499579595656954,43.62731042152634,7.884453690637289,40.47352894527142,49.40924312799368,23.12773082586938,9.461344428764747,33.114705500676614,22.602100579826896,56.242436326546,45.72983140569628,4.730672214382373,33.6403357467191,47.83235238986622,0.04269732082137524,0.04401074237413066,0.043003990641912494,0.04477238794084847,0.0429264684509751,0.042460079702378466,0.04300876186414375,0.04302494743612476,0.044109013347275045,0.04319267266908325,0.04116336870926683
2648,36.77934619341116,18.38967309670558,43.0843769694245,23.64386541005003,19.440511559374468,30.474315417397815,21.016769253377806,44.13521543209339,8.406707701351122,40.45728081275227,49.38940774543784,23.118446178715583,9.457546164020012,33.10141157407004,22.59302694738114,56.21985775278563,45.71147312609673,4.728773082010006,33.10141157407004,47.28773082010006,0.042727805030743846,0.043952156201845345,0.04303895528775901,0.04481531096467055,0.043003887727891266,0.04244225575802307,0.04306744351707426,0.043094651415986944,0.04407929214153679,0.04319545911345542,0.04116355150656832
2649,47.70016309583907,21.200072487039588,42.930146786255165,34.45011779143933,22.790077923567555,32.86011235491136,28.090096045327453,52.470179405422975,13.780047116575732,39.220134101023234,68.90023558287866,21.730074299215577,6.890023558287866,42.400144974079176,27.030092420975475,71.02024283158262,57.77019752718287,5.830019933935887,32.86011235491136,64.13021927329476,0.043618700716176434,0.04329873290588741,0.04221003576327149,0.043485607143112115,0.04206664835308019,0.0426602503992342,0.04138921854729961,0.04280553641108431,0.043461495483809495,0.04243473305916628,0.04256722904188884
2650,45.46075429383938,24.316217412983857,57.09024957830992,31.188191899261902,23.25899056894108,35.41709927543301,22.201763724898303,48.632434825967714,11.100881862449151,35.9457126974544,62.90499722054519,23.787603990962467,10.043655018406374,39.64600665160411,29.60235163319774,56.03302273426714,65.01945090863074,7.400587908299435,29.60235163319774,66.07667775267352,0.04364634406392774,0.04325781532201284,0.04213667373180915,0.04315742117911091,0.04326858237797467,0.04209414096314065,0.04239366961511154,0.042098474966926744,0.043192235133271216,0.04343739981263855,0.04270382081268782
2651,45.6960667549349,23.367306863318984,55.04298950026249,31.156409151091975,30.637135665240443,26.48294777842818,24.92512732087358,50.36952812759869,9.866196231179126,39.98405841056804,62.31281830218395,26.48294777842818,10.904743202882191,33.75277658034964,27.00222126427971,65.42845921729315,44.1382462973803,7.789102287772994,37.38769098131037,53.485169042707895,0.044546401987051544,0.04471116795362794,0.043473580815055916,0.04449854518322945,0.04242016932847331,0.04473897094676925,0.042850154566200054,0.04293453916599254,0.0447744503345474,0.041970806049697766,0.04380772781782196
2652,44.26174380516148,21.87050870372685,42.69956461203814,36.97157423725253,22.911961499142414,30.202131067051365,22.911961499142414,48.94828138453152,8.852348761032296,35.93012144183697,63.52862052034942,27.598499078512454,11.455980749571207,36.97157423725253,29.681404669343582,70.81879008825837,50.51046057765487,4.6865375793700395,42.178838214330355,51.03118697536265,0.0450381476802541,0.04527997437993444,0.04193146361125399,0.0427444074810348,0.04392707811015096,0.04460784512405071,0.04220782994013941,0.042285727663800884,0.043366622368023,0.04393182330697653,0.043952682626598905
2653,52.25692424806816,24.038185154111353,49.12150879318407,28.741308336437488,21.425338941707945,33.44443151876362,25.605892881553398,50.16664727814543,8.361107879690906,43.895816368377254,64.27601682512383,20.902769699227264,12.019092577055677,34.489570003724985,30.831585306360214,60.09546288527839,55.914908945432934,10.973954092094313,29.78644682139885,62.18573985520111,0.0445449870360289,0.0438420629234344,0.04450423791029936,0.04420763977429432,0.041888888717237824,0.04395074495598209,0.04126736352858974,0.04338126114224023,0.04433548256883064,0.043367987486527565,0.042140101475853356
2654,43.86413911240728,25.065222349947014,60.052095213414724,39.16440992179221,25.587414482237577,26.10960661452814,26.631798746818703,49.0860604353129,11.488226910392381,46.99729190615065,66.84059293319204,23.498645953075325,7.310689852067879,37.07564139262996,27.67618301139983,59.0077109488336,66.31840080090147,12.010419042682944,34.98687286346771,66.84059293319204,0.04458164290711,0.043768974821130735,0.04352848261986546,0.0430486846115472,0.04306448699732473,0.04507461830495471,0.04225250155561885,0.043634486762231355,0.04425980538068895,0.04146158234064313,0.04313260140832202
2655,46.40389053147547,23.729262203595407,59.05949704005968,34.8029178986066,23.201945265737734,27.420480768599138,25.83852995502611,46.93120746933314,8.437071005722812,43.767305842187085,65.91461723220947,24.256579141453084,12.128289570726542,37.966819525752655,26.365846892883788,58.00486316434433,57.47754622648666,5.800486316434434,28.47511464431449,69.07851885935553,0.04474433548029416,0.04381761946799758,0.041909714875131475,0.04347114397303761,0.04291727257173416,0.044779884985655986,0.04280053834445297,0.04219078608422252,0.04304656277669899,0.04119727314045265,0.04180793044264618
2656,33.6970033585821,14.9764459371476,55.09192612593582,30.487764943479046,22.999541974905245,28.883145735927517,18.185684352250657,50.81294157246508,5.348730691838429,40.11548018878822,60.97552988695809,26.2087803900083,8.557969106941487,35.836495635317476,22.999541974905245,51.34781464164892,54.557053056751975,5.348730691838429,34.766749496949785,54.557053056751975,0.0431355822786795,0.04459378450078057,0.04098904219288273,0.04299625861756777,0.042134868557259925,0.04281604936173999,0.0407044638067966,0.04219441766383363,0.042118015895925766,0.04230748092349228,0.04113696701719833
2657,42.19744534451699,17.933914271419724,57.49401928190441,36.39529660964591,29.5382117411619,28.483275607548972,21.62619073906496,49.58199827980747,7.912021002096937,40.61504114409761,65.93350835080781,29.010743674355435,10.021893269322787,37.97770081006529,28.483275607548972,59.0764234823238,54.329210881065634,7.912021002096937,40.08757307729115,54.329210881065634,0.04392592321739459,0.043790783952604204,0.04389175769342648,0.044005636731383746,0.04207921932054694,0.043228583968293065,0.04303201188410507,0.04243913520601029,0.043414892328268284,0.0410255103248454,0.041698478566659404
2658,48.4312091157089,26.73806336596429,52.97163497030661,42.37730797624529,23.711112796232484,31.782980982183968,33.29645626704987,48.935700877330866,7.062884662707548,50.44917616219677,56.50307730166038,31.782980982183968,15.639244610280999,46.413242069221035,26.233571604342323,52.97163497030661,48.4312091157089,9.08085170919542,36.32340683678168,53.47612673192858,0.04680714131447043,0.0450997645190044,0.043726171746063004,0.04532744578871923,0.04382777800658916,0.045734669352713,0.04433155761449366,0.04514762125504048,0.04504038240810945,0.04521025121680927,0.0452554551560202
2659,43.53307659365104,18.88181635387274,60.31691335264903,34.61666331543336,28.847219429527797,27.273734733371736,23.077775543622238,45.106561289807104,9.44090817693637,39.337117403901544,66.0863572385546,30.42070412568386,11.014392873092431,38.81262250518286,29.896209226965173,57.16994396033691,49.827015378275284,7.342928582061621,39.86161230262023,51.40050007443135,0.04376556464300199,0.044227509358203805,0.0437456275757161,0.044448543833264326,0.04254090829312105,0.04249014096966008,0.04293113356116658,0.04250391223549599,0.04403490808687118,0.041942608653016855,0.04287424407179485
2660,43.48549334585034,18.861177836754365,60.250984756298664,35.10274764062618,28.815688361708055,27.243923541978525,23.052550689366445,45.05725816557987,8.906667311800671,39.29412049323826,67.0619656417933,30.387453181437586,11.002353738106713,38.770198886661746,29.339609968284567,57.1074551168396,49.24863101819195,7.334902492071142,40.341963706391276,50.82039583792148,0.04420630335367322,0.04417280923340551,0.04352428405182842,0.04432568067450174,0.042596391889244425,0.042399134057906636,0.04311080687962735,0.04261592767776771,0.04405848762003227,0.04198203006901173,0.04308653791649093
2661,43.21992193746319,19.787434140043388,58.84158046907639,35.92981462271036,28.639707307957536,26.556819503742442,21.87032194425848,46.864975594839606,6.769385363699054,40.09559023114055,65.61096583277545,30.72259511217263,10.93516097212924,36.45053657376414,29.16042925901131,55.196526811699975,48.427141448000924,7.290107314752827,40.61631218219432,51.55147315432357,0.044147721169601285,0.0441613761951645,0.04439044530289443,0.044575105928132616,0.04214856208717787,0.04324365432367079,0.04398978585633869,0.04377099743425183,0.044201097958251834,0.04159199703146265,0.043057305659280266
2662,35.84388972839885,17.394828838781795,47.44044228758671,24.247337169210986,19.503292940452315,30.572729474222548,21.084641016705206,44.27774613508093,6.325392305011562,43.22351408424567,47.96755831300434,23.720221143793356,9.488088457517343,34.262541652145956,22.665989092958096,55.874298694268795,45.33197818591619,4.744044228758671,33.208309601310695,44.80486216049856,0.04263452637818946,0.04394857993772177,0.042905789580713574,0.044654802300597755,0.04243887941663553,0.0416974973989943,0.043616288807140836,0.042669425704504896,0.043639505570782285,0.04315438730843401,0.04152429217865543
2663,43.92752179995587,19.34902745950437,58.57002906660782,36.083321478535176,28.7620678452092,27.19322778092506,21.44081421188322,47.58814861661886,7.844200321420691,40.26689498329288,64.84538932374437,30.85385459758805,11.50482713808368,38.17510823091403,29.807961221398624,58.04708237851311,49.156988680903,7.321253633325978,40.26689498329288,51.24877543328185,0.04399186326075752,0.04454148893378574,0.04380780042148004,0.044135597852528845,0.042932864383091185,0.04301013229235181,0.04294998281533098,0.04289441748552779,0.0436880555537932,0.04233102520633875,0.04277008370030132
2664,42.994155354304915,18.875482838475328,60.29668128957396,34.6050518705381,28.837543225448417,27.264586322242142,23.070034580358733,45.61575019298204,9.437741419237664,39.84824154789236,66.06418993466364,30.410500128654697,11.010698322443941,38.79960361242151,29.886181160919268,57.15076748316141,49.81030193486545,7.340465548295961,39.84824154789236,50.8589398703363,0.04378838934102459,0.044271373196773274,0.04374499940589583,0.04445752730644884,0.042551848726446226,0.042508466448255074,0.042943538287586284,0.04252544576117419,0.0440345390994592,0.04195280698277085,0.04290209770873984
2665,43.490018432801925,18.863140525070715,60.25725445508701,34.58242429596298,28.818686913302482,27.246758536213257,23.054949530641984,45.58592293558756,9.431570262535358,39.82218555292707,66.0209918377475,30.390615290391708,11.003498639624583,39.29820942723066,29.8666391646953,56.065445449515735,49.777731941158834,7.335665759749722,39.82218555292707,50.82568419255165,0.043893127939856995,0.044244804897293245,0.04377349411808819,0.044578308314134604,0.042462035461928636,0.04255917340286845,0.04300536043400259,0.04254128857662415,0.044049212258483704,0.04199346620106588,0.04292360269924487
